7715
7519
6864
7010
5773
6425
5997
5269
6804
5529
6181
5560
6067
6541
5945
7089
5377
6613
6386
5980
6693
6278
7215
5639
6689
6013
5779
5500
6158
6347
5584
8292
7308
6458
7156
5903
5700
5442
6803
5663
5935
7530
6165
6271
6647
6154
6630
7174
7123
6013
7390
6364
6819
7327
5080
6185
7985
5151
6264
5831
6847
5992
6258
5446
7000
6384
7119
6833
6260
4794
5200
6561
6789
6401
7907
5249
5441
6841
6159
6092
5882
6563
5241
5299
6011
5667
5079
8076
6860
6309
6322
6762
6210
7183
5316
6642
5352
6254
6538
5968
6441
5890
6642
4802
6918
6494
6754
6397
7601
5982
6025
5754
4908
5961
5402
5234
6197
5511
7710
5611
6985
6185
5990
6533
5070
7859
6862
5456
6183
6992
6308
7130
5791
6363
6102
6002
6076
