118881
210756
200598
199063
199747
474344
423546
126116
124894
122007
117102
117593
117593
117919
116512
117896
116566
117966
116499
117660
117496
117349
117656
117238
117715
118876
119188
118623
119415
117392
117756
117522
116421
116234
117477
117796
117672
119692
118824
117146
116088
116533
117865
117213
116226
118393
116462
116933
119060
116984
117538
118101
117302
117205
117503
117183
116685
117737
117926
116691
116965
117201
117311
117136
117666
119025
117878
117719
118189
116912
119393
117388
117382
117045
117944
115994
118245
117509
118052
117262
117616
117348
140126
125923
125015
210147
126137
127217
122345
117412
118448
116187
117063
124566
124262
127496
126831
118487
126437
123527
118479
116903
117819
126033
124810
125351
122462
119131
118030
118818
117169
117560
119219
118434
118006
116234
116303
118564
118032
116050
117144
117711
118013
116840
115918
117435
117238
118361
117167
117837
117434
117244
118023
115599
119163
116396
118094
116449
117479
117212
118601
118948
115908
117217
117969
116677
117327
117701
118028
117025
116868
118706
116423
115645
117611
116903
116669
117593
117124
118570
118353
117297
117205
115653
116373
117325
116866
122976
126671
127335
124223
117933
117527
116903
118111
115331
117553
117177
118767
117964
117837
116782
116039
116651
117161
118332
116805
116734
118373
116488
118253
117833
117963
119265
117323
117463
117794
116561
118434
117013
116444
117754
117138
118455
116289
117595
118204
116328
116208
118542
117645
116923
118933
116267
116775
117873
116525
117961
117991
117530
117325
117077
115518
117686
117658
117008
117297
116894
116708
118570
117833
116145
117061
116671
117014
117606
117745
116893
116206
116034
117250
117303
117037
116596
115932
116755
117620
117900
117577
116691
152592
126138
125970
128862
122263
117055
117203
118076
116959
116931
118440
117553
117069
116953
117908
118329
116088
115615
118046
118150
116622
116626
117704
117296
117091
116706
118182
116915
117837
118099
118487
117323
118755
119080
117232
118503
117748
116947
118048
116606
118940
116831
117860
115857
117758
117299
117158
117819
116725
117242
118166
117406
117094
116452
117689
117853
117432
118924
115604
117359
117908
116390
118056
117916
116359
117997
118158
117309
116637
117402
116955
117594
117067
117398
117532
117289
116695
117096
117051
117738
117912
117614
116750
124459
126388
126008
125946
117272
117563
118139
118048
118280
118613
115876
119616
117325
116762
116498
118467
116543
120366
117482
117349
118329
116429
116760
116637
118727
118318
116099
117782
118933
117286
117268
117954
116579
117706
116392
118282
115933
118483
118609
341169
126897
127146
117132
116042
116762
117037
117319
116025
117096
117593
117709
116768
116685
116911
116838
119385
118292
117763
118560
118150
117035
118369
117581
116049
118125
116752
116850
117503
117965
119661
117076
118640
118290
117112
118131
116450
119470
117524
116637
116718
125592
124877
127156
126133
117788
116326
119535
117437
116251
116743
120435
117475
117280
117473
116196
116817
117750
117065
116419
117487
117130
116543
117817
115590
117621
118304
118615
117743
117916
118922
118729
117895
117384
119956
117181
116916
116809
116915
116710
117851
118196
116283
118074
118061
117942
117130
116231
117717
118033
116268
117823
117847
118456
118483
116453
118282
116943
118716
117906
117112
118174
117402
120083
117823
117352
117511
116691
118889
118452
118199
117843
115903
118172
115875
116734
118095
115970
119120
115736
116555
116486
116783
126127
125712
126346
121825
117453
116646
117431
117112
116842
116096
116338
118477
115909
117274
117658
116953
116102
117152
116707
117514
117048
116664
116346
116332
119176
115683
117266
117084
117878
116293
117343
117589
115970
117278
117662
117142
118131
117280
116514
117404
119037
115686
117374
117133
115739
117209
116545
123167
128044
125536
124479
118879
116708
117155
117912
117126
118453
117701
117165
117752
117541
119295
117967
118090
118126
117203
115944
117853
117579
117008
115574
118243
116551
118193
117617
117159
116900
116267
119289
116649
117002
202790
213288
194557
193320
197363
194935
193786
195746
194531
198981
117073
117660
117688
117449
117604
116406
117299
118950
117666
117518
119785
116198
116608
116078
116991
117357
118554
119003
117959
117044
116799
118355
118548
116732
116277
118946
117067
118164
118668
118014
116809
116051
117926
116795
115797
118298
118881
119804
117045
116285
118101
117975
119677
116929
118438
118409
118537
117331
118501
116632
116773
118196
119921
117217
119100
116294
118094
118887
118060
119254
119127
116863
116230
119771
123401
127073
126311
123299
117270
119827
116117
116912
118129
118338
119092
118985
117004
121108
117215
116728
117786
117050
117288
118698
117646
118743
117625
116721
116596
116488
117388
117226
117215
117203
117863
118716
117235
118117
119244
116404
117415
117197
116987
117402
119679
117538
118121
118367
119092
116127
118686
117611
117315
120202
116943
116894
119745
116263
117272
117550
119108
119338
116803
118024
116188
117252
118469
117417
118170
119200
121107
117614
118625
116380
117857
117864
119111
117918
118168
118302
116141
117999
117405
115602
125493
125993
126454
123476
117095
116644
118258
118997
117542
116134
117467
118727
119200
117754
118057
117950
117370
116787
116918
117967
118342
117728
118497
119775
117004
116967
117012
116210
117461
117120
118166
116789
117238
118948
117741
116584
117119
117378
117498
117390
118293
117842
118241
117284
118324
118722
116734
118942
116916
118339
117915
119413
117165
117014
117090
118182
116273
117203
118076
119043
118799
119106
116506
117390
117791
118460
118317
117772
118298
118003
119340
117254
117975
119527
117175
118652
117922
119584
118253
122080
123870
124798
127416
122360
117345
117951
118889
119210
116299
117654
119051
117845
117910
117632
118625
117317
117192
116704
116978
116131
118655
119644
118574
117806
117191
118123
116283
116446
117114
116492
118113
120390
118069
120120
117784
115804
117260
119059
118637
116701
117589
116604
117831
118367
118331
118245
118680
118449
118741
118257
116230
116947
118511
117666
117538
117822
117086
117821
117528
117105
119198
116721
118103
116754
117410
117754
120918
116651
118275
116945
118219
116017
118874
117890
117402
117083
118463
120094
119257
120818
124068
123833
122578
115550
115426
115572
115397
115519
115402
115352
115353
115603
115462
115349
115390
115336
115385
115509
115597
115304
115379
115408
115401
115312
115412
115373
115446
115353
115371
115542
115333
115389
115538
115560
115444
115391
115364
115290
115403
115454
115355
115509
115382
115306
115578
115530
115549
115503
115690
115454
115501
115546
115412
115607
115472
115359
115458
115457
115501
115541
115398
115464
115540
115396
115367
115505
115338
115373
115531
115298
115257
115428
115223
115373
115195
115247
115426
115213
115296
124268
124928
127177
124532
118751
116405
118134
118863
119033
117894
116516
116072
115618
117632
116860
116476
117926
116736
115881
117240
115960
117387
116401
117581
118279
117545
116506
116763
115595
117780
117633
118560
117153
117026
118810
116898
118409
117178
117762
116811
118574
116551
116405
115830
117262
118128
117075
118074
117093
116795
117128
116787
118594
117363
117880
117801
118097
117632
116279
116484
117427
116504
117126
116214
116669
116645
119187
117761
116348
118873
116437
118535
117530
117398
118475
117238
117943
117717
120988
125769
126150
124002
117487
118334
119478
117049
116689
118129
116305
116622
118682
117843
117124
117341
118026
117321
117778
116781
118700
117130
116423
116785
116888
397696
116895
395433
116531
116986
117950
118172
117071
117294
116675
117010
116171
118194
118193
116427
116925
117264
117897
116524
116919
116567
118875
119342
118875
117205
116711
116433
117294
118389
118848
117000
116401
117366
117668
116948
116708
116570
118109
116971
117128
118050
118107
116537
117508
116411
117272
117757
115692
117226
127213
125972
124895
122858
116779
117372
116031
116781
118208
115261
118463
116945
116711
116746
117211
116992
118913
116482
117055
116275
116529
117348
118233
117474
117384
116167
117644
117158
117758
116902
116086
116130
117535
116264
116446
117573
115948
118615
117639
117629
118082
117285
119029
117532
117420
117654
116337
116972
116043
117886
116513
116998
120150
115559
119440
115194
118479
117175
116740
118175
116757
117691
116307
119680
117349
116744
117520
116943
118204
118745
118991
116661
116210
117398
117396
117330
117758
117965
121775
123804
123587
115032
115221
115180
115231
115324
115221
115324
115228
115298
115343
115445
115459
115243
115221
115347
115286
115422
115402
115354
115369
115300
115271
115471
115172
115211
115320
115438
115353
115291
115235
115337
115273
115395
115405
115318
115312
115366
115263
115348
115271
115208
115361
115251
115383
115327
115233
115312
115387
115326
115377
115237
115314
115255
115266
115363
115274
115286
115283
115263
115391
115367
115273
115353
115194
115235
115394
115430
115462
115317
115159
115371
115274
115194
115352
115200
121485
125564
126374
121607
116844
119929
116894
118616
117209
118324
118879
117329
116163
118453
116860
118576
116773
117398
117792
118710
118312
116781
116013
117140
116931
117147
118198
117914
116100
116885
117479
117488
117916
118021
119669
117955
117703
116409
117660
116489
118231
116803
119257
119009
117440
115887
117036
117968
119039
118206
117737
117179
117069
118367
116049
116652
116971
117778
116728
117378
118124
117912
119042
118523
117075
118302
118944
117138
118170
117668
120213
117233
118917
118212
116566
116716
118825
137406
126902
127449
117457
117925
118229
117457
118737
118989
118253
120470
118860
117701
118609
117929
117539
117536
117369
119214
116291
117258
116981
116884
117790
119174
116279
117874
118126
117309
119379
116165
118239
116821
116730
119157
118747
118057
117449
117107
116874
117447
118061
117581
118450
116983
116959
117301
118920
116652
117782
117912
118607
116444
117707
118384
118138
118974
116535
119533
117037
118396
117875
117160
117833
119220
118227
118209
117795
119348
117465
116671
117815
116763
118174
117665
117581
120326
117463
117621
118712
117444
119496
117989
118918
118107
118001
117292
115731
117359
118003
117483
119269
116263
116911
117014
117378
116069
117380
253486
127327
126836
125177
119462
117327
117041
116911
117374
117420
117569
119632
117603
116206
119328
115706
118091
116941
116893
118186
117839
116273
118385
117599
116604
117778
117096
118414
117774
116322
117063
118310
117282
116742
117524
117317
117532
117149
117010
117360
117794
118330
117075
117228
118643
117707
117266
117540
118308
117185
116468
116638
118032
117551
116384
118259
118091
115819
117368
118276
117500
116596
118084
115700
118897
119041
118328
117221
118056
119110
118981
117471
118097
117136
117669
118677
117596
117880
116984
119330
117056
117382
116864
117757
117254
116671
119141
116116
117370
118288
118286
119247
117576
115644
118132
117984
116846
117934
117025
117621
116980
117089
118174
119010
118182
117959
116346
117126
115923
117169
118162
120362
117226
116793
116266
117933
119344
117343
117363
120033
117628
117012
118409
116823
116281
117936
117730
116803
123707
118841
117711
116880
118804
118020
118609
118357
117500
117682
117967
118343
117270
118403
117780
118527
116580
116573
118203
118003
118599
117587
119039
116895
117213
117275
120091
116714
118358
118548
118706
116848
119246
116172
118111
118530
125237
126228
121814
116413
119655
119049
117262
116435
119072
119427
118446
118502
118725
118312
118145
119287
118536
118259
117910
117664
117599
118347
121077
119454
118611
119602
118647
117041
118830
119722
116358
118956
117100
119389
120177
117741
118887
117440
118355
121910
118126
115540
129965
116979
118181
116887
118022
116876
117646
118143
117067
116945
117185
117743
117465
116673
116661
117445
117553
116531
118420
116681
116610
119466
116372
117498
118588
115597
117902
116740
119312
116728
117008
118005
118633
119383
117866
117333
117726
117427
117559
118204
118536
116512
116520
117916
117630
116494
117030
118649
117283
118107
117603
116673
117175
116248
116876
115469
118761
117358
116811
116189
116276
116711
117421
116011
117409
118276
117961
119239
116569
115923
117209
116943
118686
116492
117532
115972
117351
117648
116700
118063
119125
117815
116437
118318
116433
117516
118633
115627
119216
118717
118077
116455
117650
116630
117356
117694
116615
117724
196330
199209
195847
197279
196684
200362
196751
193767
196765
195926
197080
192849
196591
199327
195545
193915
195291
196812
195107
197756
193521
198650
192844
195684
195837
193588
194184
193229
193209
196249
191228
123907
126817
124934
117865
116581
117931
117548
117697
118548
120122
117132
116257
117399
117654
116969
117195
117405
118312
118517
117800
117097
118400
116547
118723
117449
118851
116856
116535
118275
118010
116155
118138
117376
117701
116472
116813
117368
117717
118402
118109
117439
118382
118025
120488
120189
117299
116386
116262
117928
118841
118089
118769
118028
118627
118757
116197
117964
115656
116860
117815
118658
118854
118550
116193
116651
117071
118103
116602
116909
116541
118103
117504
118107
119996
125150
126630
123211
117751
117141
117079
116173
118048
117461
118851
116189
118686
116825
117072
117971
117892
117230
118115
116815
117435
117546
117033
118161
116715
116371
117807
115660
115418
117038
117670
117788
118243
118184
118828
116945
118635
116143
117118
116179
116779
117395
117380
117250
115981
118786
117195
117363
116289
118141
117429
116474
117743
116770
117796
116722
119297
116358
118224
116797
116746
117516
116876
117088
120236
116122
116147
117380
117471
117133
118087
117122
118684
119395
121388
124820
124956
122992
115929
118678
116382
118570
116285
117063
118841
117532
116965
116624
118666
119651
117049
117528
115787
116512
117735
117069
117018
116913
117924
117185
115991
118062
692341
116204
116998
116886
117459
118856
116648
117148
119117
117605
117317
117697
117802
117295
118176
116858
116198
116297
117953
116610
118376
115952
117394
115964
117776
117359
118028
118126
117130
116754
117810
116789
117681
116634
117374
118661
117676
117985
118138
118184
117562
136244
237313
228037
221833
220817
220856
221859
221030
221180
221248
221044
221298
221124
221303
221612
221799
221057
221097
221017
221067
220831
221437
221252
221187
220820
220837
220909
221412
220986
220780
220992
221425
220697
220730
220788
220777
220829
221382
220948
220704
220425
220856
230232
236756
232276
220835
220665
220541
221284
229084
220652
220642
221081
220539
221085
220716
221544
221888
220763
221053
221276
220917
220750
220768
221251
220847
221028
220846
220984
221486
221575
221219
221309
220425
220575
221077
221037
221354
220469
220575
220269
220959
221419
213245
209148
208485
199366
199873
203212
197017
198116
196570
198883
195861
198084
199438
199240
199863
199812
201646
201314
197990
199952
195177
196474
196629
196073
198493
200127
196773
199844
199190
196432
199261
196365
198928
202794
193157
199660
197580
195419
199849
197927
196685
197828
200780
197098
194360
194884
171887
126088
126508
118597
117242
117959
118154
115759
116880
116240
118150
116973
116270
116635
120396
118160
116117
117940
116809
116860
117307
116738
117222
118061
115307
115812
117089
116277
116470
118119
115875
118243
116981
118276
120534
115718
116730
119482
117431
117370
117999
116539
116572
116870
117056
118129
117002
117492
117128
118186
117520
117656
118342
117749
115807
116844
116358
117282
115883
117835
118824
118535
117232
117414
119350
116583
118649
117132
120921
117107
118227
117323
123287
123895
128112
122517
115434
115808
116198
117652
117433
118875
117333
118383
115781
117652
116712
117894
117500
115905
116287
116267
117303
115854
118976
117108
116169
116494
117859
116754
117601
115659
117883
116972
117307
117152
116074
117269
116621
117628
117896
117721
117516
117374
117532
117116
116868
117008
116697
119873
117217
115893
117164
116677
118579
116781
116768
116482
116788
117179
118095
117427
115926
117839
119778
116846
119775
116454
116893
116957
117014
116449
117941
118462
117685
126456
128637
124118
116914
117390
116409
119795
117835
116780
117626
117333
117548
119184
117061
117314
118132
116267
118001
116541
117585
117836
116415
116572
116065
116860
116128
116818
117799
118436
116641
118208
118907
115899
116488
115507
116716
116687
116990
117437
117120
116923
115757
116687
117859
116106
116757
117680
117317
116870
116476
116423
117307
116581
117938
116035
117016
117219
118538
117890
116428
256628
127394
125653
124749
116417
117434
118286
117168
118989
117583
122614
173473
117944
116734
117867
116230
116681
117217
116844
116445
118615
116592
118074
115962
116045
116953
117918
116746
117676
116437
116569
119220
118180
117032
119772
117621
118093
116644
117660
115814
117518
117420
116858
117769
117217
116642
116618
118489
117567
116256
117212
116462
116830
118838
116222
116633
117337
117705
117628
118304
116498
118608
118021
118160
116864
117877
115481
118287
117622
117356
116364
116449
117033
117148
117559
119023
119974
117213
118103
118530
118131
116608
117869
118139
117451
117067
117690
116637
118800
117099
116500
119222
118447
118220
116793
117802
115846
117864
118409
116427
115755
117530
117443
116722
117244
117790
116695
119327
116884
118651
117514
118225
116839
118588
115751
117719
116771
118840
115743
115787
117611
116675
117701
115930
116955
116980
118952
118008
118749
116810
118501
118577
117681
120279
117185
116756
118621
118156
116688
118175
118889
117265
120016
118509
117603
116905
116561
117033
117241
118654
117756
117862
117020
121061
116506
116865
117425
117747
116269
118680
117414
116874
118028
116696
116994
119835
119954
117985
117075
116557
120204
117144
119561
118898
116437
117453
117601
117228
122375
126057
123955
116907
116598
117258
116731
118924
116626
117471
118322
116708
116937
118495
115680
117577
119795
117486
116750
118310
116963
117313
115507
116798
119368
116799
117867
116391
116994
117663
116827
117175
117886
115529
117486
118180
116990
117375
115613
119336
116907
116459
116425
117095
118522
117122
119194
127416
123791
118050
116927
116965
115780
115905
117788
118353
118928
116476
116182
115355
117035
117104
117794
116998
116082
118066
116330
116795
116665
118149
117490
118596
118042
119815
117750
116431
117167
117656
115641
116242
119040
116315
117103
117302
117447
117896
117518
115970
116822
117967
118414
118126
117780
118747
117691
117128
117358
116390
116925
117534
118272
116776
117967
118470
117719
118018
116998
120037
116173
117892
115923
116858
120684
118451
117136
117534
121938
118164
117691
116228
118077
116535
117717
117386
117069
117089
118725
116571
116998
116525
116340
116793
116992
117071
117030
118320
116507
117238
116163
119030
119426
116588
117705
118491
116279
117409
116392
117943
116226
116474
116257
116600
116927
116173
116348
117816
116113
117931
116655
116824
116370
116358
117158
117493
117471
118038
117210
117585
117776
117443
117899
117177
118140
116515
117747
116689
118363
117495
116734
116651
116385
116898
117045
116813
116872
116299
119825
116931
117831
116329
116781
118546
116216
118728
118225
116535
117067
117363
117033
118254
116389
116384
116801
117256
118645
117254
116161
117053
115769
118389
116098
117634
118645
118113
116768
118608
118083
118062
116773
116744
115534
117559
116900
116040
118182
118152
115925
117938
117917
118394
116600
117828
117994
118036
116965
117189
118479
117755
116454
117479
115568
119025
116492
116348
116740
118050
116010
118769
115993
118009
116663
118564
118012
118665
115674
118997
120632
115633
131047
127670
126169
116545
118044
116358
116064
117048
116291
115738
116147
117248
117422
116659
117731
116835
115937
116971
117232
117453
117441
116793
117500
116021
117240
117820
116940
116429
118700
119089
118868
117870
117425
118014
116645
117321
119182
117006
117380
118574
117849
117731
118287
116441
117026
116931
117189
117618
116231
117932
116354
116484
117520
117403
116848
117435
117065
116370
116565
118091
117551
117195
117423
118018
116909
118067
117476
117924
120211
115751
115549
115738
115647
115720
115477
115629
115533
115488
115483
115521
115482
115680
115669
115433
115485
115444
115546
115594
115582
115556
115585
115637
115688
115706
115319
115576
115479
115743
115679
115626
115568
115713
115733
115562
115593
115698
115761
115396
115695
115580
115446
115601
115481
115515
115625
115401
115694
115460
115495
115572
115531
115432
115440
115515
115572
115834
115631
115550
115596
115800
115702
115665
115460
115647
115651
115596
115637
115649
117865
115572
115566
115631
115491
115548
115734
115562
115415
115490
115657
115597
115487
115572
115458
117652
115694
116567
119772
116843
115925
116533
117727
116421
117883
116761
116514
116600
116577
118664
116423
117403
118294
115940
117238
119340
118920
117804
117542
115481
118127
119058
116830
116776
116858
116876
119557
117283
117661
119615
116305
118348
117011
117177
117534
117341
117986
116531
117202
117731
118197
117209
119929
117450
116770
117150
117910
119135
115958
120908
115517
115572
115534
115633
115501
115501
115550
115446
115440
115517
115341
115578
115641
115440
115385
115509
115458
115239
115322
115507
115463
115462
115387
115316
115523
115463
115351
115316
115263
115434
115393
115679
115654
115536
115329
115227
115499
115485
115509
115535
115361
115511
115327
115505
115411
115541
115298
115265
115384
115623
115245
115355
115209
115294
115338
115491
115662
115360
115323
115312
115587
115590
115342
115259
115321
115377
115267
115310
115235
119549
116108
118177
116370
118174
117795
117792
117600
116762
116689
118727
116618
117229
117339
117607
116774
116912
116006
117809
117888
118673
117874
116454
118160
115972
118261
116961
116161
116880
117022
117359
117146
116677
117841
117359
117168
118091
117587
116744
115913
117351
119017
119346
117845
117790
118912
117051
119625
116094
118404
116937
118546
118306
117658
116107
116559
117315
117294
116557
116368
116488
116381
118929
116272
116535
117461
116547
116566
117792
126486
125842
123880
117319
118997
117783
117319
117749
117333
116200
117028
117772
116570
116090
116364
117329
118176
117500
116167
119055
117514
118178
117748
116923
117595
117998
117398
117193
116010
118599
117091
118150
116817
117236
117677
117622
116931
118609
117587
117439
118564
116817
116460
117471
118146
116153
116767
118558
117343
116277
117597
115647
115688
118217
117353
119594
117203
116551
116813
117900
117563
117130
117396
117388
118410
115869
117132
118248
120623
115572
115251
115196
115276
115221
115319
115214
115373
115344
115261
115235
115424
115284
115336
115379
115278
115347
115294
115409
115428
115212
115249
115390
115545
115523
115645
115470
115310
115406
115263
115235
115385
115405
115409
115485
115329
115231
115462
115525
115626
115688
115633
115351
115310
115371
115635
115529
115369
115277
115351
115427
115363
115474
115365
115366
115258
115259
115302
115229
115430
115552
115578
115469
115372
115392
115432
115308
115450
193131
195008
195912
196582
197432
195851
192158
193371
194955
193196
195465
194868
196180
198455
195199
193907
193574
198671
196739
194124
195482
196897
196513
194269
193388
198141
190840
194492
190938
196026
195874
196535
198203
197141
194756
195250
192332
194716
192146
192584
195473
194555
194864
198950
148641
115903
116610
118934
115545
116850
118005
117099
117103
116898
117632
117589
119153
117508
116671
116811
116388
118040
119505
119124
116011
117776
117636
117426
117238
116827
119726
116889
116395
116400
116565
117948
118005
115808
116578
117971
116025
116643
119385
118702
117241
116775
118087
117813
118448
116433
118351
115915
117564
117002
116821
117287
117902
118866
119314
116811
118432
118867
116405
117120
117006
117305
117674
118390
116864
115822
119011
119145
115239
115312
115724
115135
115297
115127
115257
115219
115168
115205
115157
115243
115257
115257
115224
115233
115212
115198
115211
115233
115259
115302
115286
115263
115196
115196
115186
115285
115306
115255
115223
115314
115206
115178
115253
115343
115209
115286
115249
115337
115215
115166
115222
115206
115274
115281
115275
115233
115307
115222
115228
115231
115283
115318
115323
115285
115202
115125
115152
115265
115144
115308
115312
115242
115251
115230
115170
117394
117372
118424
117485
117530
116497
117532
118298
117510
117263
117270
118389
117028
118154
116709
116596
115700
118605
117356
118600
117538
116872
116661
116651
117680
117634
117857
116852
115574
116559
116517
119835
116887
118223
117681
119215
118042
119145
117368
116971
117555
115895
116722
118205
118584
117339
116191
117605
116145
118357
117438
117270
117132
116501
115694
116689
116281
116580
117356
118034
118495
118700
117439
118191
117527
117298
117573
119493
118700
117209
117465
117729
117668
116537
116663
118711
196483
196917
193446
191460
195968
192402
196806
195441
194401
197960
192379
193166
193046
197842
193576
191854
196645
199138
192729
195298
195662
197357
195938
196704
195327
196598
192501
193988
198006
196195
194326
190769
198266
197238
195211
190828
194709
194218
156427
117772
117361
118013
117627
117983
116364
118166
117475
118889
116515
116817
118079
115517
117617
118426
117232
118161
117106
116387
118855
115720
116857
115755
116271
118842
117723
117733
116341
118566
116315
117367
116683
117438
119551
115597
117670
117105
118889
118121
118757
116169
115763
118761
117618
116761
117914
117975
117291
117313
118188
117719
117692
118040
118820
119472
118210
116695
117713
116904
116515
117323
116913
117337
118623
116657
121722
220937
221040
220711
220468
221103
221238
221077
220523
221130
220652
221311
220482
221097
221053
220671
220921
221007
221264
220277
220366
220535
220502
220660
220728
220852
220984
220699
220679
220525
220825
220386
220855
220776
220734
220371
220369
220799
220995
220879
223630
220529
117875
118034
117431
117382
116180
117281
119181
117262
116299
116732
117418
116827
116651
117754
117378
118205
118359
117158
116610
117628
118184
116403
117601
118191
117713
116330
118475
117215
117494
115792
116379
118136
118263
117874
116462
117959
117520
118570
118842
117953
116775
119649
118512
116945
117186
117445
117028
116348
117763
116039
118635
117394
117022
117993
117719
116797
116884
117316
117938
116769
115683
118479
118948
115413
115385
115387
115454
115477
115771
117603
117672
116175
116787
118387
117497
118127
117006
118871
117118
116673
117833
116405
116730
117772
117075
118611
117020
116474
119537
115344
118198
118845
118395
116750
117378
118501
117790
117646
116261
117390
118130
116927
117607
116671
118517
118767
118241
118135
116034
116200
117534
118921
117465
115942
117016
117085
117327
117622
117226
118436
118406
118205
118468
116004
118824
117536
116951
117997
119405
115170
115176
115109
115067
115109
117240
118286
116785
118726
117386
117388
118613
116371
118996
117435
117965
117254
117668
116740
120045
116659
117603
118430
117967
116614
117400
116949
119292
118471
117030
116878
116399
117229
116342
118266
117414
117081
118270
116933
118543
116604
117010
115316
116691
118713
115184
119019
117087
117888
117880
118105
117177
117122
117435
118363
115897
116752
116844
117099
118254
117262
118578
117943
118087
116766
115200
117885
117887
116291
119637
117530
118667
119372
117272
117536
119476
116523
117037
118209
115698
117012
117170
117111
118391
117335
116595
117607
116484
117635
117621
116954
119216
117272
117991
117977
118095
116427
118331
116588
118164
118312
116679
118608
116632
117319
119466
115881
118044
117581
117701
116844
116113
117199
117179
117252
117836
116293
116340
115336
116767
116104
116771
118325
117922
116429
116462
117847
116748
118280
116925
119803
115149
115726
115144
115233
115111
115222
115239
115168
115276
115221
115239
115168
115229
115225
115217
115239
115318
115208
115166
115207
115103
115184
115200
115166
115170
115190
115199
115178
115186
115109
115054
115079
115121
115174
115184
115245
115170
115304
115281
115145
115172
115252
115259
115121
115157
115143
115200
115239
115193
115215
115211
115224
115194
115235
115220
115383
115261
115202
115186
115245
115172
115111
115180
115152
115160
119271
117136
116470
116311
117006
116106
116082
118050
119533
118507
117167
116320
116297
118249
117100
118078
118599
119184
119074
118591
118925
117883
118176
117364
116767
118430
117557
116705
116395
116407
118373
115997
116133
118453
117341
118763
119393
117453
116596
118398
117569
118115
116986
118810
117784
119837
116313
116637
117317
116813
117400
116966
117138
117477
117245
118940
117600
117630
117469
118156
116941
117248
117426
116872
115962
118958
117707
117619
116393
118123
118347
117880
118481
117796
118454
116754
117311
120404
118120
119092
116101
118351
117609
117495
116067
119577
120157
118170
117892
118706
115769
117819
118373
117227
119218
119468
117255
118733
117069
118475
117406
118846
117564
118952
117404
117079
117352
117481
118570
118094
117861
117540
118316
119937
118538
117148
116663
117298
117843
116987
117509
119499
119255
116159
117420
115919
118123
117360
116982
120506
118958
116129
119764
117373
116787
117770
116320
117776
115789
117795
117496
118704
117620
117682
119393
115912
117723
118999
117224
118665
117934
116126
117048
116872
117302
118784
117246
118944
118548
117556
117373
116976
117935
116240
117516
116699
116846
117836
118923
119706
119133
117222
116941
117627
118607
119326
116928
116512
117955
116971
117695
117457
117217
118127
120414
118146
117191
116837
118265
118223
117601
121414
119785
118818
115361
117150
117644
118361
118686
118644
117559
120721
116394
116955
120235
118461
118304
120378
115970
117827
118802
116775
119013
115838
119750
116023
118298
117546
117540
117932
118471
116326
117272
119092
118810
120707
116400
120170
117088
118316
117237
119614
116344
122633
117273
117873
117489
118710
119009
118536
118292
117191
117585
117047
119009
116956
118022
117182
117847
118292
117518
117744
117918
117065
119208
117207
119647
199177
200012
199936
201102
200233
200109
195829
201330
197491
200671
198967
195150
199909
199235
198323
199173
199215
194811
198614
196780
200424
200391
199531
198729
195821
195044
195333
201864
