1650
2024
1444
1444
1460
1444
1444
1585
1442
1504
1441
1442
1453
1439
1434
1488
1479
1482
1449
1439
1458
1441
1441
1452
1453
1453
1449
1434
1434
1445
1438
1449
1439
1442
1445
1433
1439
1448
1433
1439
1678
1775
1653
1443
1443
1455
1438
1454
1441
1491
1577
2084
1538
1548
1460
1456
1536
1505
1434
1459
1433
1433
1447
1434
1433
1466
1472
1460
2269
1965
1434
1434
1448
1434
1454
1493
1463
1454
1438
1439
1456
1445
1468
1459
1444
1444
1455
1438
1450
1447
1444
1458
1443
1452
1563
1489
1458
1463
1476
1451
1434
1433
1494
2284
1938
1496
1439
1489
1493
1498
1546
1546
1532
1445
1435
1460
1463
1454
1446
1459
1473
1456
1458
1464
1467
1479
1481
1453
1486
1442
1481
1478
1441
1447
1445
1446
1458
1450
1482
1882
2159
1580
1541
1646
1604
1566
1630
1487
1590
1648
1634
1633
1532
1653
1750
1583
1534
1637
1653
1532
1651
1557
1568
1537
1618
1471
1467
1472
1447
1467
1457
1450
1463
1459
1491
1447
1439
1479
1477
1440
1504
1462
1459
1462
1459
1672
1519
1449
1443
1459
1445
1462
1446
1439
1875
2445
1766
1454
1459
1460
1471
1550
1444
1440
1486
1449
1480
1488
1472
1462
1455
1499
1556
1545
1546
1547
1544
1544
1456
1491
1544
1456
1489
2437
1897
1526
1466
1472
1447
1497
1461
1439
1454
1494
1472
1459
1454
1491
1493
1444
1449
1480
1464
1504
1456
1455
1787
1464
1488
1498
1458
1486
1484
1439
1461
1452
1460
1470
1491
1503
1438
1433
1449
1473
1457
1452
1435
1477
1442
1434
1438
1455
1448
1464
1454
1434
1447
1434
1463
1584
1688
1452
1461
1798
2077
1446
1467
1438
1438
1456
1433
1433
1455
1444
1454
1437
1454
1481
1467
