4318
4340
4363
4372
4349
4352
4370
4372
4375
4306
4341
4357
4308
4344
4349
4321
4320
4383
4327
4366
4314
4315
4574
4338
4375
4316
6313
4680
4423
4627
4307
4390
4296
4345
4327
4314
4350
4342
4349
4337
4420
4625
4528
4345
4328
4381
4793
4344
4661
4341
4369
4331
4317
4476
4586
4562
4404
4398
5462
4534
4359
4360
4410
4383
4432
4357
4354
4361
5092
4394
4397
4373
4357
4367
4441
4349
4566
4354
4912
4605
4366
4509
4500
4397
4344
4371
4570
4332
4325
4362
4334
4324
4319
4312
4376
4631
4547
4405
4559
6460
4329
4394
4358
4346
4383
4315
4322
5813
4322
4333
4320
4348
4320
4353
4605
4570
4612
4420
4330
4317
4356
4321
4343
4371
4583
4417
4538
4364
4343
4344
4364
4307
4345
4321
4314
4342
4328
4339
4369
4326
4311
4336
4335
4323
4339
4325
4314
5732
4332
4337
4303
4348
4439
4351
4313
4336
4324
4318
4338
4339
4310
4342
4361
4460
4393
4432
4689
4618
4397
4401
4363
4340
4436
4324
4434
4322
4337
4367
4369
4389
4398
4393
4679
4510
4445
4354
4450
4351
4437
4357
4378
4483
4361
4461
4421
4713
4524
4598
4453
4475
4351
4413
4449
4990
4449
4774
4353
4484
4465
4583
4392
4391
4467
4403
4402
4441
4383
4400
4455
4360
4402
4401
4448
4419
4685
4829
4707
4379
4392
4491
4415
4446
4453
4455
4451
4444
5997
4455
4376
4455
4400
4418
4374
4386
4497
4392
4487
4414
4470
4448
4398
4427
4409
5437
4439
4430
4463
4471
4419
4423
4387
4436
4397
4690
4447
4443
4756
4404
