17499611
17624656
17613868
18185109
17970701
18039111
18579569
19915022
26495290
20078713
18927435
20651623
21752260
20360297
21327721
18579218
18240206
21219926
19682162
20433432
21407096
21362221
19643414
18230791
18243670
20360234
20149082
20770992
20043924
22561938
19954764
18468874
18147519
21226690
21366550
19679085
18188424
19153454
22172085
18751035
18364344
18161166
20685322
21711036
23923851
18213950
19021379
22029633
20561295
19250497
19344869
20592662
19636681
18581574
18480923
20632826
20104343
20897951
19825378
18370468
19579387
22095818
20313014
19031317
17959802
20136114
22672818
20261861
26602584
17947777
20201847
19887700
18774500
18333556
21378159
20744270
19511775
18840055
18702328
