1534
1675
1484
1496
1522
1522
2514
1539
1557
1478
1505
1496
1480
1492
1478
1480
1493
1478
1478
1492
1478
1491
1478
1481
1492
1478
1478
1490
1478
1509
1931
1914
1493
1482
1487
1478
1481
2252
2452
1507
1487
1475
1487
1488
1819
2021
1732
1474
1476
1481
1480
1828
2483
1776
1472
1474
1473
1473
1478
1472
1472
2312
2514
2341
1991
1473
1473
1480
1477
1481
1492
1482
1500
1492
1484
1476
1473
1478
2294
1516
1475
1473
1475
1473
1473
1475
1473
1473
1474
1473
1473
1490
1474
1475
1473
1473
1475
1472
1473
1474
1473
1474
1472
1472
1487
1473
1477
1474
1472
1473
1472
1472
1476
2339
1964
1479
1477
1484
1478
1480
1478
1478
1507
1478
1478
1528
1478
1506
1478
1511
1800
1494
1481
2283
1478
1482
1473
1474
1478
1473
1483
1477
1478
2013
1478
1600
1918
2107
1477
1478
1705
1499
1482
1473
1473
1857
2103
1483
1477
1473
1581
1482
1485
1480
1480
1480
1473
1473
1749
1819
1800
2342
1798
1475
1479
1505
1480
1735
1492
1481
1481
1473
1477
1479
1473
1490
1473
1592
1480
1473
1474
1472
1472
1473
1481
1472
1474
1472
1477
1474
1472
1478
1472
1472
1585
1810
2019
1478
1478
1473
1478
1480
1473
