976
952
952
952
957
943
943
943
956
943
943
943
958
943
943
943
1020
1492
1493
1503
946
943
943
955
1335
1347
1229
943
943
943
954
944
943
943
943
963
952
952
952
989
952
952
952
963
952
952
952
963
951
952
951
961
943
943
943
943
955
943
943
943
955
946
946
946
959
946
946
946
950
949
950
950
951
1493
1497
1281
1185
947
961
949
1475
1475
1173
952
951
952
952
951
950
951
951
1152
946
946
952
946
946
946
946
951
946
946
1056
972
949
950
950
961
950
949
950
961
949
949
950
959
943
943
943
946
952
952
951
952
955
952
951
952
953
952
951
952
953
951
952
952
953
952
952
952
953
952
1064
945
946
945
946
946
946
948
946
946
950
951
945
945
946
947
946
965
