8526
8476
8457
8443
8431
9208
8449
8470
8454
8574
8574
8501
8452
8476
8452
8637
8730
8590
8457
8672
8480
8597
8660
8792
8847
11000
11999
10052
8728
8578
8956
8978
8791
9831
8742
8996
9141
9000
9014
9340
9045
10058
8913
9299
9901
8938
9160
9788
8687
9441
9327
8519
9009
9357
9249
8803
9068
8983
8962
10639
9001
9137
10009
8884
9022
8570
9368
9277
8694
9736
9005
8501
8312
8601
8393
9446
8602
9137
8737
8536
8823
8411
8750
9295
8323
8507
8460
8323
8301
8365
8527
8321
8345
10858
8619
8404
9759
8445
8468
8391
8717
8730
8903
8641
8871
8909
8772
8930
9065
9631
8698
9001
9384
8620
8861
8697
8651
9164
9085
9107
9010
8723
9094
8930
8425
8505
8639
9237
8827
8553
8892
8883
8915
8912
9074
8976
8844
9104
10316
8499
8830
8815
8741
9111
9647
9354
8813
9105
11831
9907
9007
9053
8977
9259
8935
8884
9078
9079
8901
8835
9244
10234
9800
9495
9231
8758
9516
8842
8742
8821
8968
8719
8664
8769
10481
8694
8655
8713
8647
8815
8678
8606
8817
8595
8687
8810
8768
9354
8684
9103
8439
8420
8599
8404
8412
8431
8401
8812
9250
8557
8631
9797
8406
9683
8587
8539
8450
8685
9244
8493
8578
9593
9325
8414
9199
8387
8384
8438
8381
8384
8391
8794
8481
10711
8421
8414
8400
8572
8688
8449
8634
8650
8421
8559
8746
8625
8743
8785
8591
8396
8525
8365
8472
9005
8393
8405
8443
8380
8376
8421
8433
8652
8778
8538
8550
8512
8660
8684
8579
8614
8709
8587
8691
