626
921
919
901
870
597
585
582
582
576
580
607
902
901
902
901
660
591
576
578
574
575
577
589
580
578
575
574
577
582
591
576
576
575
577
577
589
907
901
901
901
700
575
577
585
618
914
742
580
581
583
580
580
584
596
580
575
578
574
577
575
594
597
584
576
576
576
597
585
575
576
577
576
578
593
583
583
579
580
580
582
599
606
594
588
584
583
584
582
584
582
585
582
582
584
581
584
600
619
586
582
611
577
575
577
576
576
576
579
581
586
583
580
586
582
586
581
581
606
608
586
604
626
634
625
625
625
627
649
626
624
623
621
620
623
640
637
622
624
623
623
627
587
580
580
582
584
580
588
578
577
578
577
577
577
611
585
588
576
588
583
586
587
577
575
602
617
597
621
587
583
583
606
605
583
591
577
577
578
578
578
575
617
606
548
568
547
547
546
547
546
546
599
552
544
544
544
544
546
546
565
544
544
544
544
569
549
548
548
548
548
726
972
969
825
824
595
547
557
544
544
544
556
584
632
547
547
548
554
544
560
548
548
548
548
548
548
565
548
548
548
547
548
548
562
555
548
548
548
548
548
548
811
853
855
855
864
855
853
853
852
735
548
548
548
548
548
547
614
966
827
819
832
689
548
548
548
548
548
548
549
548
548
548
548
548
548
549
548
548
548
547
548
548
821
553
548
548
548
548
548
548
549
548
547
547
548
571
553
569
582
588
588
588
588
588
590
588
588
588
588
588
636
851
850
850
851
730
548
547
548
548
548
548
630
951
812
820
811
712
545
547
547
547
551
551
556
544
544
544
544
544
544
544
553
544
544
544
559
551
578
565
544
544
565
569
544
544
560
544
544
544
556
545
544
553
549
544
548
546
560
568
589
566
561
565
568
587
586
589
553
552
548
557
546
546
546
566
548
547
548
548
548
548
564
548
548
548
548
547
548
561
548
548
548
548
548
548
552
832
850
852
850
756
850
850
850
850
709
548
548
548
548
548
548
563
550
549
548
548
548
548
551
557
547
547
548
548
558
620
573
548
548
548
548
562
548
559
544
544
544
544
544
544
558
546
546
547
546
546
546
551
550
547
548
546
546
547
547
558
547
546
546
546
546
546
550
549
549
549
550
550
549
552
549
550
