12376
11880
11367
12494
12813
12823
12148
11616
12584
11874
12455
12232
13119
12836
11697
12626
12385
12260
12322
11978
13452
11624
11679
12150
12476
13383
12721
11894
12671
12544
12431
13332
12558
11896
12849
13225
12150
12317
13076
13113
13047
12792
12279
11512
11886
12388
12054
12233
12279
11860
12514
12295
12059
12573
12158
12730
12275
11906
12716
11952
12598
13554
11800
11951
12766
12720
12640
13267
12552
13026
12372
13273
12263
12848
12544
12763
12544
12719
13801
12296
12694
12188
12429
12872
11554
11820
12771
12412
12516
13386
11790
12148
12419
12303
13220
13164
12404
12275
12428
12246
12125
12173
12188
12214
11973
11602
11627
12046
12621
13524
12119
12639
12934
11815
13182
12828
12171
12212
12088
12191
12248
12120
13911
12818
12442
12492
13314
11971
13010
11531
12360
12539
11920
12048
12106
12893
13346
12395
12473
12469
12498
12159
12955
11984
12577
12735
12403
12694
11868
12961
11362
11647
12395
11865
12606
12687
11791
12575
12105
12479
12201
12578
13393
13398
11726
13006
13165
12641
12292
11820
12492
11830
11762
11647
11657
11586
11867
11587
13572
11848
11976
15475
11581
11370
11494
11619
11583
12757
12157
12574
12086
11737
11919
11833
11938
12136
12011
12141
11962
11941
12206
12105
12771
11693
12220
12383
12089
11430
11421
11302
11384
11781
12140
11913
13278
13057
11968
12068
13779
12206
13444
11838
12600
11588
12576
12003
12058
12340
12078
11996
12685
11643
12569
12340
11923
11670
12022
11484
11685
11651
11580
11450
11988
12170
11913
11503
12264
13010
11493
11438
11649
11595
11620
11589
11554
11595
