399
394
397
402
406
480
399
402
406
407
403
401
393
394
388
410
390
390
395
397
401
400
447
425
415
410
401
400
398
401
448
406
402
396
398
403
398
401
393
399
427
449
419
400
739
393
394
395
405
399
400
399
392
394
441
403
396
403
412
399
405
402
399
404
420
425
405
404
396
403
405
399
397
409
450
431
421
440
433
423
418
440
427
445
399
811
862
832
803
426
388
388
388
388
388
388
388
388
388
473
404
403
476
396
404
403
393
395
414
795
785
798
827
794
425
424
429
432
430
426
437
424
426
417
389
395
389
395
398
392
399
462
399
417
396
399
391
407
401
397
398
390
402
465
394
396
393
402
396
399
391
411
470
894
890
885
881
624
398
397
402
395
399
410
398
405
402
415
821
835
388
732
818
938
1001
1011
1013
541
405
393
394
393
390
393
393
394
393
397
464
469
456
486
486
480
480
451
388
388
388
388
388
388
388
388
388
438
836
388
388
388
388
388
388
388
575
388
388
388
388
388
388
388
388
388
389
388
388
388
388
388
388
388
388
388
389
388
388
388
388
388
388
388
388
388
388
389
388
388
388
388
388
388
388
388
388
389
388
388
388
388
388
388
388
388
388
396
403
414
401
410
403
401
396
403
394
401
388
388
388
388
388
388
388
388
388
389
388
388
396
502
403
396
404
401
396
421
402
396
392
403
399
398
401
402
397
433
402
401
395
400
393
403
404
399
395
441
397
396
397
403
402
397
404
404
398
437
398
400
405
400
393
395
393
401
394
413
393
395
403
394
397
401
397
399
395
446
399
393
396
395
398
395
393
401
393
466
407
405
392
399
399
394
399
400
397
390
393
393
394
394
396
399
401
393
391
683
851
856
820
812
836
822
791
804
785
388
388
388
388
388
388
388
388
388
388
424
428
442
422
426
429
427
438
434
492
391
394
396
390
395
390
390
395
396
391
388
388
388
388
388
388
388
388
388
389
388
388
388
388
388
388
388
388
388
389
388
388
388
388
388
388
388
388
388
388
398
398
392
396
392
396
394
403
402
401
389
388
388
388
388
388
388
388
388
388
400
398
399
394
392
395
397
397
393
400
393
388
388
388
388
388
388
388
388
388
423
403
396
401
390
408
403
399
403
402
402
394
399
396
394
401
398
397
392
398
395
388
388
388
388
388
388
388
388
388
446
410
406
395
400
406
405
409
398
420
398
388
394
388
388
388
388
388
388
388
389
388
388
388
388
388
388
388
388
388
389
388
388
388
388
388
388
388
388
388
388
389
388
388
388
388
388
388
388
388
388
389
388
388
388
388
388
388
388
388
388
389
388
388
388
388
388
388
388
388
388
390
404
405
398
397
395
413
395
401
408
399
400
399
393
395
393
393
392
394
393
397
388
388
388
388
388
388
388
388
388
388
389
388
388
388
388
388
388
388
388
388
389
396
396
393
394
396
397
391
394
392
391
388
388
388
388
388
388
