24183394
25769240
21364363
20988902
25313476
21331336
21076124
21441349
21053597
42317272
21265901
21328842
28758671
21042513
23145787
20981648
21282031
21585866
23113142
21768748
24511443
21567820
22181668
25653834
22243274
24328986
23793268
22545914
31800663
21494275
22566509
24816636
21566660
23194896
24247228
23326805
25854916
21794065
22973092
22712688
22489257
22609071
21293736
22477699
22992344
25038193
22203370
25963191
24406614
23453878
21065066
23209470
22557411
22566718
26177821
21344417
22082805
22625198
24318107
22084355
23788568
24239708
21083064
21734708
23545173
23402208
21244758
23638749
22504359
24648434
24804954
22598822
24703288
21136824
23407067
22848507
23855057
25313610
25390017
27516507
22392218
24060323
21608082
23168841
22625112
22443686
21889207
22791923
23768407
23337996
21710740
21548615
24092555
24658818
21994491
21416044
23619935
21917281
23826885
23545108
25546706
24529373
23668179
27675834
26253065
23290611
26101183
24998262
25534123
24279146
26304643
24375419
26610264
25706209
24655520
25457902
22950088
