25072068
24991440
24847396
24980713
25461038
27002542
26658370
28294049
28679357
30858880
33428034
29204140
34075137
31208994
26886080
33743519
29518663
30687888
34020791
29157925
24805339
28794212
30718193
27673526
26274373
30462752
27882008
26343655
26579012
30384010
31073279
28627393
32289036
32287860
28235783
29337449
27080334
26639711
32534557
31757470
26776271
28087908
27063839
28164853
26657694
25664641
25785447
29768956
29467197
25560996
29441510
32532258
28573711
25640866
33249702
31100280
27518198
26944996
31932519
29595859
26665706
30341955
32534958
27714870
28243822
31168012
29502173
25986421
29052193
33335703
27410040
29810054
32298465
27447253
28897685
30920675
27345756
26778362
