36892493
38161908
32537881
30179821
35034547
33006390
30013640
35772108
37854424
33324356
33163298
36888034
35039416
30025397
35803998
36661645
31123060
35058300
40654705
30055573
33629154
33602863
31143669
30624786
31413482
30174702
33895310
31631709
31630318
34968078
30443810
34641735
36616799
32674689
29779333
34924203
36062412
34879534
33094901
30663250
31747936
33622875
29960880
31637352
34522623
31736481
32726507
35464110
33881593
32661683
36534631
32695680
31710591
36514971
32036129
33539029
