11875
10356
9958
12040
10113
11481
10228
10743
11574
10410
10152
9952
11496
10549
10186
11105
10348
10475
10331
10601
11673
11209
10188
10292
10274
10506
10307
11489
10128
10056
10115
10352
10454
9922
9825
9793
10834
9999
9808
9980
9941
10407
10384
9756
9893
12157
10107
10167
12086
9726
9946
9775
10395
10001
10029
10041
9883
9819
9860
9902
10038
10111
10669
10238
10289
10118
10120
10081
10172
10017
10315
10926
10168
10439
10666
11149
10279
10202
10146
10091
10070
10409
10199
10234
10248
10379
9836
10795
9846
10024
10424
10186
10041
12215
11872
11547
11625
11401
12322
11676
12631
11915
11749
11882
11837
11872
11897
11696
12181
11821
11802
11759
11834
12051
11822
11699
11858
11910
11838
11710
12337
11717
11594
11979
11851
9898
10173
10551
10663
10553
10398
10438
10425
10586
10542
10460
10680
10711
10528
10599
11157
10900
10001
11235
10681
10388
11128
10754
10325
10387
10554
10595
11160
10139
10645
10756
11744
10942
10597
10490
10262
9771
10078
9880
9843
9769
9942
9771
9916
11124
10957
11355
9858
9868
9829
10371
10479
9925
9973
10210
10502
9912
10327
10527
16040
16750
10599
14700
18915
18620
15798
11371
11234
11003
11580
11697
11240
11641
15643
10953
9844
10076
10477
10361
10645
10577
10280
10561
10840
11596
10832
10925
9991
10750
10911
10069
11255
10301
10152
10595
10719
11416
10676
11010
11181
10316
10829
11232
10121
10925
11227
10089
11233
10591
10386
11124
10113
10669
11144
10189
10800
11154
10243
10227
11253
11274
10074
11009
10819
10039
10735
10563
10036
11013
10406
10432
11285
10367
10607
11214
10877
10661
10617
10163
10730
11084
12217
11052
11338
10908
13260
11002
11086
10417
10875
10116
10545
10639
11497
10633
10399
10542
10510
10650
10657
10468
10356
10874
11292
10744
11468
10991
10439
10424
10946
10047
11100
11056
10295
10866
10584
9855
10957
10789
11258
13104
10592
11283
10391
11432
11159
10061
11193
11689
10493
11228
10298
10969
10843
11493
10904
10440
10526
11436
10196
10666
11245
10181
10564
11037
