778
1484
1065
722
708
708
714
732
715
717
711
713
710
722
707
710
721
713
715
800
715
720
719
723
928
856
1020
821
1148
1174
1168
1201
746
707
706
706
706
746
714
708
711
709
710
723
715
713
719
721
740
723
710
722
713
714
748
723
715
708
715
795
1241
1268
1215
778
707
707
707
707
719
707
707
707
707
707
719
708
713
725
720
734
722
708
717
717
709
725
706
706
706
706
706
717
718
712
714
716
719
706
714
717
720
715
722
706
710
714
716
736
711
706
728
721
729
719
706
706
706
706
706
707
717
714
710
716
716
747
754
745
744
738
754
716
716
714
706
713
706
1340
1301
1034
720
706
706
708
711
706
706
706
706
706
728
736
711
721
711
721
706
706
706
706
706
707
706
706
706
706
706
707
706
706
706
706
707
706
706
706
706
706
707
706
706
706
706
706
715
710
716
718
728
715
718
710
710
727
708
722
716
713
727
718
708
706
706
706
706
706
725
715
715
716
717
708
1296
1267
1295
910
748
708
708
709
788
711
709
714
711
723
1368
1277
1221
921
730
711
709
709
711
707
707
706
706
706
707
706
706
707
706
707
719
715
712
711
710
735
719
712
712
722
717
710
726
724
710
710
716
1337
1365
1179
728
713
711
737
708
726
711
709
718
719
714
712
717
706
709
717
719
710
709
713
710
715
729
738
759
760
731
722
706
706
706
706
707
720
716
712
710
715
716
706
706
706
707
706
796
720
724
713
707
707
706
706
706
706
706
1228
1457
1456
749
711
712
709
718
712
706
706
706
706
706
707
710
711
710
719
712
711
706
706
713
711
712
711
710
716
707
709
786
726
715
723
714
745
1363
706
717
718
718
715
713
714
714
