41954800
39655568
39610614
39674978
39719645
38251470
40836170
38855838
39737301
39189871
38272623
38467429
40840473
38973049
39127716
42498367
40730511
38412276
40304802
39916146
40915803
38424581
40441284
41404709
42389343
46542403
38227060
38505003
43935531
38735507
42898692
38491551
38907741
38755886
39550881
39462099
41920306
40428360
40574499
39047482
38265319
38231858
43561633
38544010
38799710
38335068
38317742
41346433
38242171
38266111
39486228
39620949
40077903
39877293
40482804
44822369
38435243
38262963
38356530
38445860
38812794
38485762
38539229
38282298
39115415
39342966
38336327
38922676
42713112
38212661
38428207
40371762
45120081
41480320
42985968
38496553
38359794
39116819
38293108
40935830
39557226
39197038
48763215
38960482
41536550
41790083
40716556
43069272
42022872
38620126
40419887
44102188
38396544
38296854
38258677
40955366
40607617
39536149
38694768
38269227
39438110
42255491
41151947
39190457
48446501
40763795
38715976
38704821
38867758
38279926
38681179
38378693
40259817
43888750
39513373
38543913
38377944
39443952
38453304
38284754
45258348
39789764
39942264
39399075
38338948
39524181
42838601
43238274
38947168
38770521
38235917
38281799
38759451
38283489
39673101
38816747
42214575
39115148
38277807
39516395
38356151
40962076
43659588
39885233
38729807
43376115
51668604
42369693
38338501
40930717
41332522
40055216
43645345
41105841
38853788
38306528
39130002
41237196
40605500
42167344
38523589
39910213
41139451
38256406
38682737
41241334
40094062
38277135
38262855
38996918
38279068
38303685
46667971
38386528
39528188
39023832
41344042
38251640
38287254
38242921
39074463
58773400
41847782
39244584
38719550
38571401
45502972
42617691
42015216
38218859
46248784
38784043
39158927
40988252
38280862
38462164
38392898
45062024
38303911
39359594
38764332
39904261
39353695
39267193
40611896
41049257
45036141
38467295
42121542
41440402
40183423
38253463
38226742
38770320
44104426
38614489
38297108
38242941
39522049
42833377
40748006
42491654
38409205
38766924
43687406
38257885
38733729
39118347
38314506
38287581
38344303
40979772
38312267
41533993
38361314
38206866
45265586
39526890
43823780
38299966
40760184
39020678
39486107
38436088
38911830
38363406
38508313
39093025
38329905
38269434
44446248
38248203
38317473
38203008
48440878
38803325
38252118
43891587
42667449
56396979
43132044
38517576
41237375
39653880
44584467
38770850
40230710
39207791
39872511
38655033
38291081
42674379
42561728
38222761
46624252
40361581
41162763
40491956
44334786
45321774
38345426
40014286
39185510
47451605
38238030
41016298
40733134
39093013
38235700
39082036
38558262
38479403
44364170
38333859
38286125
38224511
38285526
38242072
51150100
38255882
38294951
38603169
38299652
39531003
38923940
38772522
39661516
38997569
38298561
38345012
38753614
38739844
39471195
55665937
41760682
39308614
39857084
38556739
43311205
38821929
38365962
40765432
38237148
39177300
38320021
65656502
43367645
38211408
38287174
44133176
38373664
48798075
39999898
38305282
38394440
41130010
45975735
45152212
40004437
48186062
38267087
43220188
38329466
45686046
40991775
38224669
43361274
38293500
38231487
38499660
38565556
39151482
38636951
38336673
43407684
50585511
42377180
40460166
38370869
38277655
43373594
38273296
38511166
39269527
38289755
38309580
46293151
38332738
38404925
38945272
44020925
38374070
38317275
40615323
38285585
38559753
39543981
39024733
38274180
38295841
38267060
38224840
39328689
38954839
39564068
39309007
39858666
43376417
42322400
40968692
39935191
38295087
38294323
38271559
39921875
39317627
42269815
38291934
38426147
38314675
38415904
55406932
38651032
52841599
40172783
41517643
39730165
50274289
42918598
43748354
46070152
38648882
41227963
40748459
39588845
38938794
38370381
38450053
54145670
38826617
40084269
38256152
38269329
38292310
38754421
38415513
38264202
38347788
50903200
39279552
39331276
41008589
45648275
40686928
38237946
39265324
43144819
38440259
38294899
41475233
38314942
38255137
43720361
38269972
38347687
38824345
39012665
40180290
40163722
38469383
45034002
38561216
38448426
39379667
43970738
38786841
41114887
38331684
38339198
38910456
38315154
38233053
38282505
38966419
42232373
38347899
40224827
38517325
51554295
38482901
41587154
38325076
38324971
38300283
38375679
39027568
38456102
41287521
43009716
39225657
44640850
38237830
39556554
40020818
43651544
40565387
38382327
38684283
38220946
38911858
38377306
38274817
43388079
41442862
38298292
38272297
38969105
45406049
44656340
44633745
52785251
40117210
41879486
43814780
42072520
43828832
44635760
38257060
41821991
38336308
38312593
38295355
41823775
39284013
38285786
42481689
45892700
38288880
38272979
48763356
50638346
40865512
39338236
38594550
40221841
41583513
40255668
38714973
38376753
39349595
43027810
41172565
45016548
42682416
38425638
38404173
39220787
38999360
39179713
42588744
40922397
38231649
40297806
38383927
38282711
45124513
41813420
41910480
41477104
42322698
38665867
40934723
38337900
38293935
40626589
38241858
38329308
41663227
38262361
38439162
38631590
38345887
39042164
38415681
39931864
44519053
42188048
38663182
41344003
38414478
38404897
41522346
42730505
39074837
43985981
39136059
38337437
38348670
40980002
41282253
38993490
38323982
41423243
41511352
47926628
53480384
38331595
38705458
41325967
50649022
40554280
48641693
41941705
44211028
38292498
38316326
40795075
38963379
41343263
38270117
50367674
44382417
38988377
38331475
38326389
38636546
38546178
42430288
39971872
38336090
38215842
38924309
38377765
39916699
42102773
38865755
43744964
38251738
38309913
40407108
38605368
38544795
40253876
42921054
39596401
38254486
40631093
41043868
38331920
38259330
38611391
38664525
40033138
38267482
38273982
44811280
58854053
38186637
39615692
39788316
38496876
38437086
38314634
38325395
39642736
42065827
42329260
40807609
38293654
38268500
40844866
40410344
38352150
38210472
51256639
41041148
39583733
38962980
38324415
47782118
39059895
38864489
46934402
39315854
39962883
39655948
38272490
43744417
39474279
40481740
38238538
38255780
38267649
38833744
38316354
41020550
38249497
39395631
38359687
42586580
47688270
39816457
38957673
38428775
38283621
41340223
39552350
40899320
45526834
38231537
38240152
39467537
51120694
40051184
38253038
38276138
38343670
55483902
46003051
38742362
46176161
43041237
40731755
40936833
38583017
46358432
40538851
41611738
47584621
38675694
38847157
43439565
38774108
45023678
44307872
38570299
39765520
38407064
38898584
39765528
38560947
41298302
41339421
40512795
38223528
38255137
39988776
38535988
40290013
38232181
43595451
38241886
38260442
38259182
38269607
46070891
42150130
38271730
38397076
38290080
42012145
38333055
44933884
39308949
38300864
38301910
43925467
43356318
38230241
38291758
38751214
38310718
38243138
38260477
38293621
42002033
38381322
40465916
43512578
38221617
38429711
41413379
40935696
38972328
38295747
39951058
43414878
40273781
40740331
38355692
40017671
40117196
39375864
46191760
38352889
42490443
42022684
40704579
39302542
38389256
38272055
38585544
38239144
38239599
38669288
38340266
41601367
38306629
38263502
38798061
43113604
49917616
38530659
40594702
38815175
38600662
38256591
38261224
39270930
39875773
38309566
38309435
38217595
38329500
38297456
39393737
41488980
44706406
38291270
38289005
46276254
39416000
39625324
42586306
38578507
40244577
44010896
39727764
42074532
39591758
38470662
39191273
55473746
41587510
41240528
38266229
40600440
38358454
38914840
43590128
40838301
38949093
43381975
38268065
38275282
39313936
38813791
38269431
40418414
40774258
40899377
38967979
39182977
38291896
59697601
38279709
38318542
38312223
38300143
38304796
39686174
41717091
38282820
38279615
53561150
43598874
56354519
38248596
39325248
39794971
38254623
38248007
38306523
39996963
58700395
42361248
38958246
38278911
38927027
40701552
38389932
44806208
38337691
40808860
39027903
38376439
57591730
38373187
43227951
39758522
42817212
41142081
41483044
42588465
42674440
41223069
42128119
38911309
46077799
38678542
41619831
38772305
41279453
46094635
47922644
38291057
38606291
40017821
38336180
41738635
41363924
38759194
38332836
38245823
40971668
45970752
39333749
38272347
38492827
38274700
40334981
42540534
47439368
38377796
38744066
39467356
40728194
38907115
39630959
38247062
38335337
40113058
45520134
38391864
38514078
41803902
40746816
38269532
38477682
41135069
38695481
38244716
38335042
38574085
46735369
38249260
42261750
38257373
39240953
44003605
38866216
40409291
38241076
38282474
38265348
38319846
40889154
38447083
38326638
38292268
42132645
40163262
43992504
40185898
54363122
38245250
38321576
39497851
38437297
38693887
40344227
42867230
38264147
39732505
43979809
41049525
41106530
40851216
44360877
38501568
49206058
39483284
41363712
39390751
38691729
41407873
41668147
38249906
41629608
54474499
39876695
42126035
38309440
38239002
38452840
38313789
38309078
49149932
38222567
38303943
38296013
38429440
38310310
38410434
38474599
38210621
38272550
38304146
47283728
38482472
39635201
40645247
40619286
39204299
38243666
38980655
43352837
40505429
38593549
39015663
38228291
39809426
38309956
41003405
39001289
42864391
38324548
38972430
40151254
39022443
41209133
38255037
38808345
42210840
38736423
41800562
40028414
39098883
38242049
46997814
43451109
40570286
38275752
40276323
40591056
38306173
38301067
38362777
38630830
38661046
48057876
43475571
40758975
38264751
41820364
38313023
38337904
38334649
38342230
39068132
38649345
41204716
42585294
38582219
38283861
40751604
38393225
38775853
45013067
38792926
38838493
45286705
38522026
38270954
38309657
38319278
40494708
38271927
38248208
38277753
39235109
42304539
39673981
39232249
38356504
39557739
38331367
38305126
43705070
39624297
38457799
39884191
46549547
40643604
38253012
40585173
42736885
43647232
39146305
40058659
40017801
39302873
38236225
38269768
38374375
39200393
38543786
38345647
49331898
39971547
39616192
38278423
41947184
38257202
38309119
38802290
39006821
38308869
38635671
44253546
39513325
38324043
38270218
38235476
38253544
42773780
38322795
38472375
39880797
38875062
39880949
38307468
39648954
38500293
40399769
47585024
38292486
38297190
39966282
39497031
39435884
38811717
38602486
38469683
38428157
45181390
38347292
40724998
38343884
39732331
38262467
38275064
38265410
38500360
38359832
38591410
41101300
38376795
41437986
38246413
38415835
42014858
46362207
38234782
45462206
38617270
42372110
38531624
43773791
39565855
45472921
38241550
38293035
38348387
38275611
38882004
38322054
39280739
38310984
38252268
38288594
39018446
39024960
38417968
38300291
38257580
38258149
40518536
38262621
38241661
38268311
38365708
38306034
41269081
38291187
39590435
53813062
51015506
39501329
38311734
39059286
38330716
38254184
38306140
38693285
42290481
41600827
52809617
38745925
41921354
41903374
38273383
39008887
38318059
40032383
38538580
42123955
38521791
38618017
39341016
40323967
44286563
39235911
40094367
38318245
38309429
39243955
40847030
38310253
38228397
38249053
39696308
39784317
44283968
39204057
40781014
39165905
38831970
41244897
38286397
38256226
38577560
39121323
40368348
39373146
40161061
38285492
38839492
41054613
45281649
44634887
41254417
38736943
38326576
45161981
38311640
39160995
38242663
38356393
38345305
41396938
41321743
44323963
39453289
39890003
40699835
47054650
39489085
38323135
40285511
45908427
41128990
42234901
38983620
39733194
38403416
40795213
39947204
42028895
38293681
41558349
38561557
40162443
40387395
40635710
38306968
38917330
42693891
43966243
38291685
39105779
50344233
39083485
38266961
38293702
38707333
40765451
38360798
38317065
39436314
41361979
38313531
39336338
39271178
38465180
40523850
44219999
39871713
38859907
39137892
43407165
41872466
38293241
40490364
39481786
38672182
40507346
38775498
39437535
57952190
40298552
38458597
38250948
38270017
39579052
40265082
38273180
39709851
41652778
40476485
42437494
46126663
39594024
49165084
38667381
47796515
39132413
42234575
46627665
40005365
41295550
38688800
40557577
41579614
41358089
38339110
41615265
38731207
41817376
39986472
52888036
38309407
39208742
38219563
43935044
38257048
41098868
38761470
41043734
61811457
48948877
40648345
38298077
38368127
38328636
38360747
38936673
38464451
38485332
39542729
38732564
45202092
39033784
38316807
39421937
38228186
39799188
38303078
38807484
38584847
38286129
38430232
40049789
46972821
38336328
40004199
38905496
38343155
40747141
38285415
40539907
42993309
39297004
38775681
38312444
38431317
39702557
38577323
43330412
42579857
38897390
46807578
38431370
39141436
38725928
44294961
38239750
38968249
38306521
38267765
40220107
50473802
38339104
38243114
41257113
51199365
44113903
43627469
38272179
38346565
38306624
39223965
38261159
38746195
38423788
38320839
38243593
38294919
38272526
38809456
39936341
38358278
38336452
38282548
38950175
39979670
43068909
38261027
38343219
38325229
39248944
38247725
40797961
49948706
38365249
39597464
41688209
38307062
38196919
38223223
49172014
38216902
38768807
45343854
42081947
38340012
39054320
41677356
39249324
39722356
38221184
38233865
38273184
38513708
38706874
39476489
56987392
42514338
38295388
42172246
39623451
38715599
41729801
38296117
44385098
39825723
49001555
39560267
38305914
38217540
38357875
43164987
41439462
38249301
39631204
38315636
38274636
38295511
38835843
43621983
58227284
38471243
38361379
53599406
38261949
38320243
44209222
38312743
39115332
41450173
38677714
38307917
38360447
39162894
38872968
40667536
38316880
51608371
38242516
38442254
38805197
38942889
39471926
44569423
39560389
41576040
44953220
44164672
40237291
38339781
40723687
38716208
39663270
38825741
45353729
38310364
38331589
38609194
42566656
40238967
39806984
40162196
38265076
43664759
38321989
54389855
38273251
40514537
40552726
38891735
38496309
40983888
38730285
42932183
41286872
38808222
40641525
38234308
38908374
39441096
40859134
40878630
40019401
55047326
43529062
54355857
40251059
38387958
39059183
38256348
38263394
38861150
38233036
40996177
38233656
42093425
42074979
38586348
38255569
39819078
38240511
38261783
38267594
40307489
41139422
39195036
38854451
38283497
45672630
39219211
38378704
39560470
42553137
40873182
40484927
41849689
42522744
41602744
42605980
40085417
38749620
38246386
42195094
38234605
39506497
38194099
38212118
38641964
39461502
41371039
40605736
38630729
40981724
38647434
38289077
38303873
40648958
39965780
43633957
48619830
40773547
38283322
40022749
38261439
57403996
49866577
41374243
50214175
38307590
39800773
38583257
50481521
60173496
39288931
40350253
38254298
38771251
46250443
38474475
38973469
40000523
38321615
39201458
38698695
38310279
38961028
38333324
38313927
39879883
38358456
38687171
41413980
38330252
41879464
39278499
38269874
40459992
38766581
38296795
38654385
44582894
38345775
38245533
42382248
41248360
38259319
39865499
41593167
39723048
41147547
38500698
38241163
38284551
38432665
38268624
42059652
44032407
39673321
38304932
40401242
38748541
42071146
38357440
38513134
38228253
38502243
38257494
38322351
39136927
51821108
39473547
39456091
38278985
38984020
41663034
38759965
40237766
39686775
40414443
41565483
38293641
38612269
38197122
43976345
39383305
38222785
38289528
39424873
38175485
42000843
41491304
38648703
47089705
44342208
41737446
39381469
38230784
41348924
40037871
40028619
38955514
40587424
40586180
39564936
38296891
38363695
43445098
43702082
38200728
41513986
38288032
38232425
38272378
40617312
46201513
42569184
38239965
45558125
45356679
40386802
45184407
41214483
38351503
38305747
39587913
38333794
38254349
38439338
38300171
38288254
38324344
46376783
38275934
38275512
38292932
38509665
39393148
39110018
38267970
39921763
38466636
47238421
38546413
38739782
38837546
43103726
39433826
38673489
48896071
41541873
38666932
39526959
38889429
38320488
48484022
39904918
40451597
38565154
39941364
38318194
45133922
38239429
38339503
38318317
39220714
38242429
40823301
38304961
39056292
38510347
39311939
38266589
39882471
42161163
45021839
42233370
38241978
40738208
41161425
40338641
39454230
38316837
38420330
40324316
38745153
41304891
39995048
39627197
40964704
40074019
39620179
38602523
39670518
41081868
38570545
48675030
41643225
38259144
38324331
38348606
41341060
56402615
41527073
38292418
41170005
40108644
40336697
38306203
44323114
41945489
40826615
38660225
43416401
47116182
40565637
44152418
41925312
38251915
38243701
38294920
38302938
41598344
39067541
41667380
42304685
38266154
42356787
38451004
39738989
38513635
38414393
41446072
39865575
38204386
42380699
38399985
38320313
40270234
53060048
48851086
38727380
41303287
40349419
38242888
46725875
39342207
38284098
38293572
39437420
41980041
38337023
38319552
42445534
44365900
38215151
38255833
38507385
39128058
39322701
44395489
42818047
38308361
41437521
44361671
40366493
38901094
39960847
40307424
44266952
38346350
40001709
38220189
42104323
41609254
42747073
38870317
44191520
45670446
43070488
45525419
42799741
44091186
42872732
39745308
38665782
38494450
38269615
42048526
38286090
41249591
38307173
60700971
43500843
48684779
38265666
50538877
38391338
46178249
38556828
39153284
38262634
38222422
40323171
38240739
42302311
40451716
42283462
38745769
39390760
38228038
38628228
42924619
38276723
38262569
38542636
41512394
38213807
40116306
39491660
41550490
44767968
39659102
40986930
39661513
38818995
38344731
39148901
38250827
42128901
47237450
38312410
39274324
40646366
38915017
39683696
38259335
41597764
38318743
45760719
41463624
38245494
38521499
40040457
38298486
39517981
41335933
38266389
49966677
41051779
42440926
40966522
41214528
38206860
38399605
45393991
40673455
48582222
39636055
41550021
39166762
40315076
45252199
54737091
39960751
42928336
43126692
41085066
38616197
39869034
38304770
39024621
38301647
40357310
41445745
41509595
44957258
38271190
41727902
48491237
42749588
38275782
42502003
41379104
40663701
38510694
38265468
41129036
38272468
42383449
38252500
44672300
40276541
40260732
38349742
38295075
45691455
42323088
38866965
40349349
44997178
45023197
45936725
43820658
41164136
40556301
40889325
44664051
43487464
42399978
40110501
38925961
38287799
45246397
41622374
38850294
40087278
42169410
39931289
38561382
40968724
38484143
40778140
44001400
42209642
46510817
39746019
41367026
40075833
48817354
38295559
39235889
40798534
38345218
58517733
38416150
46805570
38740372
42058820
40280888
39915608
41990772
40010510
39028317
38238437
43028927
39457915
40720125
49455284
41903028
38317009
41212350
38304348
38276294
40515144
39816926
38205113
38221175
42616576
38370434
45301789
43187404
41700311
41823039
38650129
39203751
39581569
46204136
41491001
40906244
38307967
38231143
40495986
40255928
38248629
39063826
39770756
48369819
39475412
43983294
38286176
38740953
38390542
40857759
44574367
48665679
38531405
40773895
43437810
41798991
38971335
41024464
38338118
38772797
38790015
39946370
42447775
40910614
39222589
41488944
39964935
38977055
39542466
40122788
42755682
38388991
42068412
38504436
38806773
41480715
38659703
41545306
39092174
39983445
40509743
39260933
38336119
38634996
41733804
38604770
56073962
38238529
43386245
38357958
38278360
38435373
41127612
38316646
39881034
43399474
40398345
40971015
40677526
41373594
41239748
38304957
48488807
40915013
43697353
38623225
39126090
39844547
39701604
42153603
44797612
44334493
39690245
41192405
43367452
40359398
40878478
38915977
41920365
41854609
41124032
40153868
44801217
41232882
40283421
38204335
39931863
41999512
39388527
38314213
41060090
38890037
38227603
39814992
42217733
39898259
38608357
40193359
38303572
39926403
42372919
38253219
40931694
40159990
46003519
38257199
38909107
39630455
39015017
38323409
38769993
42156367
47827270
38764109
38844530
56097889
40559374
40134530
41234799
40210637
42301220
38988606
41355828
41660716
40308580
45839156
41266830
40461275
38277510
38868221
39577360
39395817
40015152
38257474
42847775
38279006
39957296
43838224
38567555
38242088
38375905
39431017
40247470
41954995
43958549
48195194
42162805
51997335
40537357
43119615
41443145
40143428
40794870
39468745
38521929
42673855
39483671
40751699
41514814
38284579
43568005
38552909
42942695
38288226
38331910
39236476
42414186
43067818
42838571
39848630
38832051
38513767
38265511
42314283
42832926
41768458
44723739
40377371
43148826
41038104
38736145
38878889
40018845
38239409
42250620
38287139
39705358
50638398
40414343
40191694
40847150
38328351
42319861
38383569
40373710
40216924
41851111
43221795
39079114
40432815
42279551
54061764
39081993
39621524
44138841
40873719
43423482
45062944
44518961
46075331
44749043
39928144
39611461
39594005
39370811
39405368
39370423
40373997
44759563
39671377
51238814
41699850
40141887
38313454
43336530
40158069
39391866
38313580
38366660
40755679
39172896
44350106
39857982
40083659
43315568
45686239
38311272
39658320
38279469
38304539
43026421
38247278
41968499
38723461
45592550
39572823
52642797
38297407
41945169
42465930
48780420
38318351
38353034
40848553
43928765
42623679
39535636
38299382
38221280
40413242
38285994
40126489
40696291
40485349
38311388
44217036
38310565
41137086
43633091
42805271
42957411
39110258
40278666
40045547
39272697
40226481
41957400
38283485
38964041
39763584
42755131
42152567
38446726
38968430
39295798
38918545
42307056
38274001
38326679
42358077
39140985
42576213
38224452
40190882
39632053
42997502
43325564
38902648
38359917
38328189
41572170
39940841
45088645
54068931
43638694
40224618
39828475
54145155
40252727
40892544
42137794
38244869
38427985
38280515
42238235
41762266
42512336
39418447
38698616
38309832
38791961
43182147
39622190
41581172
38247792
45405917
39858028
41403149
38251495
40243804
40857471
41904164
38242407
38923237
44732462
41841185
39856476
42371568
40294542
38670218
46008487
46705162
51255553
40369135
46005401
39236155
38566231
41647970
39255714
48710352
48750641
43175523
44607225
38926824
38819622
38324685
38269443
38276363
38890692
38283434
38261825
40573583
42215306
45428929
44890903
46295446
42941428
40085668
44824961
42148868
38200593
39762978
43763424
55469672
42986094
45611649
47601446
45993857
40920161
44204911
39229464
38295128
40312334
39854638
38802321
38220993
43115002
41496879
40841195
38744030
38291250
39774187
38938179
40240202
42108923
40734759
42111517
43552527
38307740
42991384
40000764
39321145
42098495
40824363
40744793
39131471
42755337
38392648
38882111
38651247
40113779
40383054
44757911
38291171
39350614
42605749
38359553
40201064
38316568
40000783
41950144
39255424
38344550
38259677
42455920
44464274
43221855
44101389
40566305
40209600
40545737
39936705
40837662
38237130
38623986
41796419
39105604
45131142
43494526
39900331
40132997
39496476
41924771
40074893
38261238
38436864
42000549
42842650
44761464
42113922
48472947
41658593
39231309
40561391
43358879
39012246
40329646
38253424
43791676
44575121
44116871
43132980
39911067
40725381
41768722
42107886
43452677
38324989
39987751
38574073
42607912
42905879
47723014
40670033
44612705
38248801
41416001
43292822
38370329
38661146
40088062
44511699
39761169
38355622
38290663
40826660
48383112
38785439
38292462
39923857
43330780
40415422
38406861
40666432
38515523
41024539
38227330
38912965
39800099
38897688
40309051
38272139
40468340
39977703
40767233
38650781
38548492
38581274
41095674
38515405
41065178
41345034
38281452
42912592
52566719
41653367
38286460
39283524
38646433
40628843
39548665
38250629
41385129
39560619
40133520
39802143
39595169
39100019
39857700
40997612
39271403
40312403
38531612
38773148
46748012
42029092
42148015
38303952
41055405
39731048
40576441
49222749
38274970
38239200
53391408
41259592
38276991
39820702
40542297
41621122
38292893
40188517
38327822
38298404
40602932
47771457
40151294
38234536
40746245
38522144
39711141
38272099
40339632
39928399
44546030
38306183
38366423
38333257
38480973
45908816
38271621
40070269
41060476
45805227
38314535
38310603
38884428
38642261
38297031
38331453
40705967
39139740
45053657
44055518
40552452
38301941
47579336
45202838
46274127
44636794
42340147
39382887
41358810
39160932
38472022
38256059
42052154
39673431
42722268
38336242
38373798
40778404
40995951
39649906
40031440
40031085
40750636
43706847
38228627
38310021
41369835
38260026
41176347
40059157
53038007
38424089
50325426
39579268
38297342
38238781
49817824
38301969
39926602
42974128
38807503
38496311
38231869
43339045
38908946
38343723
38256282
40899348
43635593
41436251
38339165
39671964
38507922
38566633
43671877
40639831
45071632
38241454
47309872
38323614
40148046
38207542
39544169
38937381
40258150
39294080
52652301
38299946
52889330
38981784
38723342
38278620
40172301
39749265
38472111
39171153
41703429
38361735
38564865
38263965
38238710
39458165
40300707
41207543
39042916
41449076
40728912
38266315
38862411
38248314
38325400
39752958
38274649
40468915
40674067
38418232
38514360
38358271
42203586
38207747
41761211
41236792
38807300
38275600
38682506
44573462
38543544
39472217
42814612
43564286
39776909
45124116
40266775
45020745
41309586
39869322
41187726
38843956
39096176
38296794
44949184
41007909
41230627
39035415
43375640
44362319
45512301
42475654
44059818
38597778
43235193
38246154
38294788
38822028
38944801
38243434
41988759
41810104
38284332
40557116
38330014
40242402
46630669
43230466
38224599
54236962
38980366
39560341
38304210
38298619
40596695
47242814
40262308
39276655
41621127
41581595
48079684
38221678
39654236
38496268
38312879
42496287
38939154
38355353
38255990
38360284
38284330
38273274
39714257
40705910
38277552
39120552
38270381
39211588
39694671
40139381
40322508
40255619
40670647
44555044
40329195
43693749
39758717
38286745
41547783
43033514
38392950
40013108
45453570
40313638
41492916
40966356
38272861
40167134
38520483
38301027
38607213
39554828
41414524
40464505
40607044
43387230
50343908
39640892
40617170
39777321
39446375
38738287
50036647
39968364
39786930
43372164
45268293
38247950
38771360
38595129
41396968
38266207
43654761
42103157
39330189
46112698
41738235
40554635
40356686
39009096
38878874
39395730
47633136
39590318
38293639
38630269
38329247
41515266
39061205
39003069
40268506
38312439
41678539
39845744
40158178
41216559
40316487
39366208
38484671
39819171
39042826
39468264
42069988
41033076
39120779
40752910
38302308
38236963
39290921
38513459
41775555
38678045
46280457
41416655
41998379
39926256
42719629
38293582
44137222
42640408
41307531
40723461
39340740
45907633
38257784
41089234
38801130
40226613
38320465
38237790
40385538
38275053
41113940
39796298
39994521
38202265
39702350
42460624
40281991
38322245
38325404
39097573
40897529
45372895
38345543
40212114
38389774
39710217
40578831
44135678
41225299
38430286
38253316
38349013
41923678
38243989
39505651
40835739
40485875
38236031
40345216
42332916
43653979
39020284
41318008
42116066
39892221
40978684
44544731
38439785
40427382
41913173
40585027
39078155
38358793
38572241
40184757
42350006
40107389
42879731
39462672
40775091
39307403
38293690
38643905
41006643
38239962
45452684
38323334
41864469
39540371
44692909
40760745
41082241
38257856
39961224
43195131
45171595
40955982
39047852
38290466
43112241
38954626
38972199
40032939
38269449
42313156
40720385
48724236
50826896
40277962
38417569
41471897
38447165
38915504
38301853
42547204
41667500
42467898
43741609
44069996
40545531
42072786
43362979
38244653
41693719
51292308
43719297
45296371
45110004
45573787
43851736
44435221
43153049
45583606
44924389
39252219
41843431
39142962
41834542
42003559
40033240
38291764
39752107
38289319
38318189
39180217
43873834
40238865
40830010
38227197
38274600
39847362
41364069
40280717
38258426
40097328
39014715
38958427
41821163
38264180
41872444
39441240
41031073
38254636
38697559
46717108
42186950
43804270
42829950
44541606
40778672
38323388
38525238
38796247
49067907
42830628
44428215
43074395
43038617
45756555
45011645
42014092
44590435
40283136
40318318
39878492
45094951
40614673
41347144
40947419
39051573
40063024
38858845
39302648
41796665
38717134
38342931
41768813
41067792
41590010
40206481
38266314
40077227
43747888
40929759
38542934
38999159
38257745
56142273
41363922
40157311
68612950
38843348
38438283
42012581
38298177
39066854
39170003
41442702
38275714
38257727
39794674
41002134
42804570
39547928
40074595
38265441
39811669
38256081
45878681
39232155
42091227
38989198
42821433
40051635
38271795
41885977
39901504
39761647
38301629
38964453
40881699
46558948
44690402
44551323
44063409
38670184
38577537
38415170
45814303
46448514
45616723
41656265
46051425
45854736
46608683
47305596
47061109
45670952
45406542
44977914
45959143
45552321
44906105
46978909
41020666
44584578
45955063
46190298
43945976
40669826
47308497
45868677
42258730
45583265
41382750
39907847
46374106
40011071
42397714
44630924
38293133
47654303
39888430
38458182
38774940
46019778
42624699
46856898
45275168
45266178
44461001
46231872
44114679
45664019
40152960
39070029
40394703
41746886
45672093
44555336
45219239
44488449
39023394
40440788
45006141
44915939
46566467
45261638
44137596
46003423
44632642
46350537
45666404
45775856
42350184
40833943
44504210
43043920
45166004
45749202
42750053
45843746
42942099
40888989
44606384
47247590
44594489
53936821
44126624
50499725
44138965
45114629
44291219
45751566
48340703
43886511
44934929
45670008
41594908
44254307
38543201
41029776
42811871
45213604
46013441
47122549
45386033
44522530
47838501
43961427
46593160
44071002
38525238
44131632
44438928
44987552
43897587
44586740
45116657
38604526
41177817
38698308
39839243
41016682
41618710
46362698
43512609
44160578
39140014
44799854
42886328
47545146
44421173
46792970
45186665
45105535
45181066
44502205
45131042
43520626
45810767
47246403
46648264
38263958
38296007
38326744
39344374
43437286
45872557
42386894
38482440
41345446
38723169
49799612
38596419
43908670
47481927
42582006
44500550
44249418
42444795
43408853
38839661
41505045
56684561
48774018
51874879
47683045
45025402
45781232
40854607
44217426
40068002
44640192
45809233
44856845
45030830
44972194
68391472
46376362
49613253
49375714
46893554
47358104
45121277
41923005
45360951
46507833
45852639
47644961
44993294
45321732
43951186
44635331
43609314
45552814
45692311
46066796
45994422
45893492
40775552
44950403
47684242
49106216
40633361
42374660
40032616
46407138
44102341
39239464
40324684
44999884
43842616
46679650
45026011
54360024
46151298
45589135
48530617
45312863
44617294
47398111
42348422
46858327
44915234
47589768
43993647
42902874
38786383
38544565
38781344
48753252
44965255
42555814
44861444
38612695
38692997
48148076
46727634
44729693
48038973
45193247
46993743
48927007
44886770
44473696
45275078
45299044
49370736
47002231
45166015
45635235
46200381
38393611
45194261
42738481
44380798
44618745
44673968
48399556
46458283
47487781
45699285
45953986
45509266
42865611
42790788
45907881
45354530
44319311
47409466
45340500
45535523
44629270
46323753
41271803
48484475
44531488
42246782
38486362
45463696
46742938
43235085
44651474
43910941
44301235
47878466
45790101
40649406
38809229
44034045
44479271
38499508
45827074
38321278
41756717
41067273
46119580
38790870
43213553
39580303
39610980
40413395
38253375
41061872
38877779
38505872
40934046
38351864
40903947
41580642
44942065
39049276
39752622
39463464
39240896
39429004
39862810
41449991
45394125
44266897
47758514
46442807
44139038
44887483
46612459
44898137
44613335
39247469
42608418
38602202
40951974
45319999
45860955
45085346
47873747
45156321
45999395
46315356
46935565
48031984
45092875
44472039
45298416
44976953
45616533
44605933
47092250
49847135
42485904
49187428
48215338
48816026
50054801
45955345
43547893
46995076
44661919
46902830
45485972
46129864
42719408
38251003
39317410
39656601
42039898
38874028
44879969
40178614
48662642
41580945
38877769
38510337
38440037
40255966
42684915
38924584
42431460
45422372
45911202
44690177
44663021
47052312
45634924
45676464
43165787
38408528
40985650
38904481
44641108
44617735
41933848
38360023
42090811
39046319
45175313
45323563
43475463
46261589
46968728
46279903
43251610
45734240
44140234
44708869
41138124
47174737
42264196
42948046
42630788
47119347
43927303
46309455
42993603
41835556
45108836
45132656
44806354
44109239
46359562
47783692
42048896
50209911
46253961
45879044
43772554
44475637
45285337
43872950
44679420
50417535
42622233
42756677
47629804
45889997
42430625
43464673
46259540
45751926
46076912
48749754
45600431
44230278
42218394
40601378
46065537
46114315
45146026
45313409
44616442
42039725
44384718
43140084
41458457
46411188
42621037
43317200
45827135
45088798
44343632
46839591
43313248
54688703
47563250
38609941
41091166
40271046
45715587
46235751
39143640
39729131
41025709
43375294
39334245
41028802
48634168
41349955
40009039
39894014
40496032
39832414
40544771
44053884
50692009
44282771
45596222
42009768
43395648
38299881
41490164
41643497
40983030
38642547
39916324
48928052
43755805
46592823
45961449
43805595
47890253
46932203
46126316
43555564
42449585
47286708
45580608
47001796
45261673
43643834
41536542
46688516
53009203
49628517
47727239
44119851
46194856
45803588
44723722
47241425
46556037
46830961
44478590
41897112
38264302
38556564
41273094
39859333
41897475
44048769
45735457
43088512
40165909
44756922
42471674
43087128
45876531
46694296
43780675
40886814
41062837
51182036
46872723
41745947
44124357
41286125
40917998
44300159
46634548
46844393
43029628
45615019
43861675
45594295
45064931
45562158
44898033
45236449
46408580
42936708
50090067
44984014
46076323
44042590
41603325
43971133
44712302
40575523
49509555
47733369
43862891
52119722
40267217
42200253
45738940
44237408
48463703
48542109
48300655
47578987
46519317
43769491
47788768
44203162
45322328
45081453
46497549
44896455
44881886
44932779
45874124
47124007
44536377
45211583
43150560
51067266
46478402
42558480
46323910
48618040
44123062
44277872
43107031
48054297
45320879
48563936
44288072
48817679
49612365
50625427
54977986
47640030
52578778
44912784
47094956
49713448
47647310
54231247
42633234
44309324
45371160
44119923
45397870
45515691
46728092
46824937
46310051
45235708
49538994
47146678
41866772
44441739
50495193
44114874
50104720
45551647
45299317
44420272
48249774
48742730
44982653
46158685
41735749
43021151
46804564
46663151
46823360
46268501
45995440
48236075
46590845
44285240
55683521
42162532
42618859
45116921
45527056
48185319
42788986
46201555
45623326
49705384
46513872
49222720
44223388
47090967
42333515
45658320
45570438
42634055
44178384
43989571
47860442
47851584
49786437
50367681
45802147
45045279
38213900
40795664
42679470
38360753
42816432
38279306
49579181
42627938
41009229
49550782
40323020
38338369
41639762
40278655
42114160
45670001
42084863
39619541
42176310
41211948
38370449
49918419
43786811
38903310
39526220
40735881
42919854
45971790
42491735
43639414
38239010
38327162
49705544
39941066
45950547
38883636
39309920
43385215
38694774
38288506
38711117
38403755
41329752
38705952
40280843
38680139
41586317
38236729
39599997
40351193
38307061
38309093
43518802
38257848
41824443
44675844
38442266
39867277
38490372
45928650
39410896
39564342
43760585
45872427
42955287
39979433
45006593
44778603
44407878
41925979
46158198
38597398
39498895
46145466
47202411
42762371
40154327
44907944
43436380
47458937
43293108
41538368
44361795
44486430
46514490
45488113
44318698
44679532
51660245
40278521
44892396
38971033
38616269
38581961
39738293
44681319
44872502
42345074
42676355
46801912
47728220
39584484
45306052
45175063
43610748
42327732
41413369
40115548
44745793
43729197
46829685
46273374
45081692
45735024
43462244
47067166
44052491
45192518
44086079
46825234
44045001
44477351
49651084
47277305
43350121
44742872
48050687
44949833
45081626
48273424
47636106
38565981
48371808
40365311
38410670
38430596
41694364
49698822
51499244
41334595
38646851
44841440
46777268
45227011
43487366
39198067
39249880
43524124
46005877
38537631
40596394
41503396
40931670
40025133
42902259
47078543
43492129
43523917
43009868
44063090
41104458
47217434
46493152
38570868
38266278
38279559
38252542
39327953
40166947
38228698
44738062
44816996
39953930
38254525
42143100
49902891
45663678
43592529
45727881
44013413
43453511
38868251
43552992
39277936
40689017
38268713
41556389
57546628
40104984
40959356
40315748
44774939
41520163
38518533
38698533
40800055
39619801
41955822
38243920
40718175
41099205
40049329
38295710
52352907
39200951
42461073
38383347
39592335
40342371
56708878
40148871
38405344
48481179
44935334
38258336
38259075
39399163
40932271
38336962
41806371
38321686
42220449
41319899
39807625
44374227
44858552
45160625
47375362
41118269
43859390
46123708
41808953
45274446
48424839
43148625
44557148
44777875
40853022
42926947
44205303
47035069
46288054
41388973
43157386
45418279
45368690
46197521
43232077
42265434
43912265
41014697
46658560
47051823
43189084
44531142
42034737
47603841
42395870
44992526
40863540
45055871
41346216
40815756
41252416
46279951
45678015
44081757
41871174
44412676
46806703
44243263
41870207
44311044
43435435
46230322
44526863
39006024
42712404
48500758
41233709
41206090
43528674
43576950
42201230
43332254
40937882
40385182
42517983
47126024
41699328
42198814
42475343
41854188
41042834
45970523
41072635
41304185
45934164
50773718
51067849
45085753
44366606
44102859
46111652
45699952
43279612
45958959
42135129
43403614
45909866
43730566
44906731
38307434
38281478
46208384
38267357
41308001
48719696
44850471
45706789
45748985
43618752
47359248
46408011
47030179
45741296
45377475
44950063
38528100
44617493
39584236
44530902
45091189
43045252
38244643
39719483
43050144
46724531
44421254
39535070
46585541
44680257
38427451
44162793
44697780
45669044
47127581
42178600
43794420
38297377
44602082
43832051
46257642
44878444
43680390
40795654
44765435
45319632
44668410
45634958
50042021
42932021
44812791
43248656
45034306
46092901
45138094
42542110
45465716
42582282
46838608
44060092
44275148
44376087
44415759
46740527
43881392
46747177
43638160
44848300
43980137
44847308
38866417
38332501
38260641
38205312
38845570
46185543
43399549
40379231
38215274
41520531
38310714
38762009
38399668
44898681
46800321
45129552
47013275
44611131
43967558
45240768
46149647
44306912
47669763
42856293
48057474
47693054
39467677
38213948
38929770
50998825
44229689
44630598
43221565
40499217
43739498
38580630
47163980
39397804
41963574
38297868
42601048
43114624
47481200
42358534
38963584
41836338
40439849
41883359
39608499
46310363
39309808
40146913
40855848
43115073
39782399
44112908
44427547
40115144
40356648
39398533
40728240
39222551
41147442
39820438
39683926
39226948
46048871
46396510
46507734
46253790
43506259
49904443
46037550
41582980
45420562
43529653
46920075
45134277
47410391
45692712
44055897
39719346
45579495
43087305
42384485
47877756
48218172
39678876
40235677
42437446
44919538
42098379
41249499
39220791
41947009
40722513
45182211
46824080
43479705
46366897
44758771
41724497
39249812
44983829
47537916
46402191
48600662
46344283
48994666
48551464
47342066
45759374
44530693
43791715
45287724
45925900
48578662
45527087
43459709
47984109
48243963
47086287
44135376
43689734
45681017
46790413
45009118
47987792
48963101
47070004
43453365
47416066
47339705
45976725
47939229
45896996
45355763
47435119
40427768
46113188
45188157
46548320
42017404
44798463
48283871
45686659
46023776
44727684
40221056
47868105
45363955
43217278
46072750
45520272
44348009
45500624
42559954
51966021
48849941
42389360
46359540
47054770
54626458
45851658
43084457
43422740
44364726
45361166
44723924
49877307
46429839
48104940
52971043
42857342
44984717
49935604
46718179
47258242
45116575
47973264
45216819
44134689
45662526
41384210
41711357
42078821
40431932
40929284
44763328
46872977
42972414
49506761
40684524
38547571
44260789
47410435
46808809
46075563
45300350
44593130
45987131
49308628
45616661
44109128
47673523
39211997
44358887
38442363
39230338
38759343
38360105
47093875
44859418
44871853
46739761
48741357
47442255
41152973
41224512
50047058
45626819
47257797
45459028
44842269
45535092
46543787
41240765
46689807
39679451
42471402
38885196
38289626
48801919
39493417
43342894
38500897
40363937
40964192
43613844
38447085
38798780
41009906
47110373
45499691
45620535
47085620
43721682
46091839
45481991
45773254
44349124
46976117
44860861
49002899
46371256
45777774
42985477
42421897
40555653
46151828
47300760
45561586
44440752
45046422
46431062
38293086
38419873
38794612
38909337
45333714
42719382
41951018
46633340
47686165
44597692
38231365
41641700
40611409
38521332
40168010
40155649
49770132
46372556
43022277
46747809
44260909
47463989
46174072
42920253
47539367
42985839
41489716
45518450
44548175
39471293
42342838
43178639
45933316
41907172
43008336
39034023
43931464
46258128
49101315
43469341
42678740
39271757
39568868
41015378
39925194
41877582
41953570
42011603
45654617
44923729
46928297
44387212
46889511
45393225
45155266
48944218
47905790
45446213
45678864
46148188
44942363
45945916
49517331
49976550
48405417
46807696
46658570
47825511
49255481
45385076
49089219
49408039
47916918
48811565
48634552
48195721
48381590
48505127
46576201
47053125
63270126
44887377
44018912
46168320
46722238
44039902
45227620
42172585
46026730
42683136
44769506
45404344
41123363
46055008
45422981
46392005
45793822
43171194
49487966
49188821
48576708
46975219
51175105
43967445
45481567
44425645
46562482
44489407
46388138
46138152
44415034
44913471
47332657
45777455
44062946
47068858
45740577
43768433
44870574
45460740
47258268
45100076
44635557
48820413
46452506
45943438
45957318
51377739
46004086
44095445
42163239
45126579
44726232
44094058
44215236
38536444
42600200
43967841
45729171
44334983
47043155
47157929
46308844
45224157
49375860
46575205
47268568
44922619
44287433
45161408
47262601
43805844
43942699
43913614
43505354
44322131
44557699
47536606
44351820
44312911
43655430
45655756
41956363
43711896
47052341
45516362
43115912
44749325
45920410
46583204
52653004
46063012
52962534
49753617
45542144
44680996
46405363
45755440
46999219
46147050
41690549
47224821
45771341
38427320
43692378
46186486
42514518
49885624
46450974
41387072
46408776
50784492
42963371
43120988
38979848
45962721
39634138
41757345
41025494
48468546
47886404
46909835
45232789
46115190
43457155
44930751
43482757
43095725
46794100
43882365
44471913
44448802
43396783
45234487
46590125
41967333
44023235
44809260
43399277
48555179
45524279
43072166
45576070
45379020
49322563
47260842
45908017
47317126
44248178
45436542
49038637
49396012
46574860
43211394
44222908
44717110
40692364
46005852
42958421
42175878
39100200
42590442
45799207
43315338
44423590
40055315
44387317
44827126
45101940
47935330
47224608
46107929
47358023
51613648
46955256
48062491
47761900
46730942
49986097
49036506
44786357
46482666
46031141
45989344
44623573
46145310
45960075
46127234
44251169
47013919
48297914
47196045
48804708
44842118
41831146
47526621
48009068
46401188
44736181
46356394
44435269
44841046
41262088
46935562
48133266
45691473
42552640
42425153
45559491
46707629
44801303
47522067
45630234
44061812
46568640
40646527
44324164
44963041
45475710
41251041
42317908
53541016
49264307
48162948
43266399
45653887
43793275
47830630
44138364
47750706
44821374
43955458
44794577
46580784
47660378
45826520
43449717
43008038
55548423
43747639
45990238
45062041
41236248
39283416
46989870
42100425
45353090
43575212
38458441
40773267
45130335
40064529
43050763
45672202
49761920
45797983
45215493
38289392
38225586
41778354
38296294
41055085
40919716
49013561
38343581
42814029
41406613
48672107
42722877
45549843
42781145
38955800
39298319
41673147
42364513
46859881
38269729
38489476
40685072
49864867
45204143
39232903
40338983
38208072
38438264
43959238
40131373
42878816
41511738
40970136
38785518
42908020
44796644
44769916
44077625
46523145
46136428
40246458
39981927
38584552
40908646
39643019
42398651
44125498
45731555
43254201
38279179
38530040
44296898
44199826
64564638
45031706
38616932
40773129
38264519
41480778
38317256
38496967
38371001
41287821
39992335
38299950
40662704
42658397
42687016
39119972
39901339
44966063
45746592
49428202
38284902
39751563
40590780
38577106
43781794
38975495
38477067
38299824
38715080
40943533
43695377
48632356
56828891
38320319
39028204
40531902
40672072
52712637
39666675
39909021
43079830
38290334
40570953
38299347
39456215
53793126
39827135
43697253
43508244
40009678
38631087
38460435
49606818
42606153
44556041
44557396
43294654
38743701
40186522
53654271
38271230
41535469
45974326
38639256
40995512
41500747
48559434
39339712
46449786
38243742
44166569
41294461
55166112
38212993
40516744
41431301
40049116
40561191
40148802
38292360
40520718
40343526
38325973
38567356
38357881
38209841
39121038
40890084
43824572
43619537
46214253
48209495
44327371
43934078
39621530
41203279
38981642
38679067
46502969
39688174
38311744
41222124
41690681
42191066
38667509
42786212
43503947
43658284
38284891
39270370
38276185
39746412
38317275
39582424
42630601
38958701
38278091
39199426
38508799
40971410
45270304
43755910
43704937
45342308
43596725
41768961
42291370
39218971
39927496
39330357
42913782
45984900
51747489
57419627
38291870
57576652
40946925
42416859
39864378
45276961
38267925
39640100
39762629
39157871
41849379
41607615
39311817
41127435
43004309
42736818
41635594
40220412
43819488
40737923
41568302
39380268
40519873
45253291
40296973
40832573
44778445
45862546
44993510
49916772
54175682
43340251
47771571
46614504
48838154
45672124
48062710
47332417
45725755
46356273
39686485
38588902
43941294
38239086
39930792
39397958
40423920
39977407
39791126
44020647
40536570
41650759
43125451
38217849
38541697
43650386
42581856
41027298
43973886
39969394
39378909
45438478
42706625
45917444
45376837
44209177
43172749
40959058
42152752
40448302
40790849
41133328
38801421
42346793
38306422
47281990
40450063
40644583
39844153
40599526
38271413
39860868
42198949
43969291
44429918
40341807
40352729
39882424
39212849
39220878
40447865
45130836
40626186
47402844
47528216
46551708
45970102
43509592
41550259
41172597
38279121
40524845
42208046
38264570
40419001
39959095
42765953
42775505
45518172
45047279
45589326
44986422
45376234
41141248
39009011
38345438
47389976
38921635
43340542
38351566
39692034
38273962
40514965
38250083
38306038
38511575
44123560
39357969
39804883
38287917
39717659
41192659
39874564
41027072
39057092
41253737
38249806
51394868
42942162
41448554
40674575
40010193
40467635
40339317
38277917
41067532
40218384
41386906
43581903
41368037
43819108
44896369
43725352
40952877
38332574
41294670
47323352
42739203
40655599
38402463
38420617
42587159
39539270
40377998
41169164
38313031
40724604
39854626
49640120
38517026
40897008
56580085
41028950
38206803
38566147
58164354
40960260
45551132
41047770
48473658
39092335
38287958
38313763
38703805
38330484
41313584
38248648
39013189
38240880
38398161
38894326
52976958
38278309
38325840
41982787
39442762
38272522
53214505
40338480
41025152
42439270
39920012
57625906
44023860
43037835
46169323
42655129
45429175
43274922
44987678
44903834
45955729
43288536
46403784
43557186
48353547
43883188
42330969
40751813
38211767
39278317
38263835
39778759
39614430
38272961
38216781
43275159
48473279
39459491
38865024
41961979
41944027
40021786
39144909
43694422
46091152
45368152
43205750
45653557
40426707
42152600
39817877
40233508
39730687
38881154
38245519
38642904
40952020
41081970
38305571
47295432
38483455
38227899
42900798
39384410
40524183
38883132
41535262
41284700
38784783
41055454
38297562
41960693
61971760
38308262
39127556
49590479
38936846
39980957
41420795
40248059
58215542
42944834
40612363
39745643
39045990
39229556
41805707
46135318
38870707
38225168
47516182
38219466
39071963
41199115
39453531
38315030
38330388
40013969
38278854
39598390
40987576
50697409
38243209
40482449
45168407
40033675
39845791
43170012
38302105
39803130
38943779
38191580
44390958
49016551
38420894
38857240
40627034
40629496
38331178
40045226
38243615
40131290
44625677
44269497
44812294
43924270
39919468
45596405
40692434
41875517
41453216
38220898
43335104
44861541
40722743
45199801
40888427
45168313
38267554
42812732
38253961
40806327
38299536
38400704
39547981
41341919
38350861
38238779
41118352
38278161
39680524
42125092
44692810
38341053
38330431
38307134
42508718
45595119
45509204
40339430
43417071
55880647
43237388
44883980
39189889
38274856
40651215
38254472
43137467
40303504
40219826
39943571
40483178
38320345
41222285
38281386
38275322
38872438
38280107
38246977
38877064
40633219
39421996
38266111
40071153
43457223
39785657
39579622
38760089
41271589
38815641
47450679
40398563
38277679
48625531
38382283
42101436
41004314
42697354
41724919
38262313
41313962
38774314
38233234
42464214
38293160
41602766
38538649
38266002
38438532
40327863
40661494
40018873
38271531
40725398
39628074
39320202
45007871
38294094
40393594
40109588
40523316
41556684
38336110
53577308
40111699
38254048
38385652
42064601
44027276
42080005
39424503
42440084
38283080
38301474
54364954
38305371
38259244
38417064
38263085
41825185
39085134
39680871
39028690
39272018
38384080
39339826
51150437
41704914
39537649
43935411
41790749
43089254
45800410
42694633
38316529
43344852
42485022
46094218
41520723
39276384
41563854
38820752
43611681
38258955
39981291
38283044
41966740
38384724
44521257
44458509
47603618
40749233
46003972
40187274
39125150
38274566
39376478
45077206
39498649
41340796
40592781
43780284
47781118
38636670
38273174
39735956
38752862
40694948
40079829
43856637
41284884
40192407
38275418
39176796
41218109
41122922
43332082
42708885
39062890
38874126
45744690
49532721
48139315
47222954
44030699
38412477
40475697
41641939
41190084
42489952
44820057
44656028
42984360
42133353
72529120
40155419
44895536
45692735
44362266
39265145
44430468
43499553
43045385
42384793
43117425
41491941
46380256
42659366
40213613
39882735
42736393
41141545
39918174
40939517
45647928
40572883
46210055
44214879
38541006
38335517
39865503
43386846
38310241
38273008
50442187
38356616
39711594
40172697
40661634
39337858
39782704
43041548
46507009
39466539
47828774
38685363
46780669
43634187
41961205
42090182
42389693
39189422
42286642
44044598
41389347
45055625
41400536
39054820
38317844
44380556
41225659
42750669
44855137
39280459
43036999
46765507
41078755
45850346
41597771
43785462
43189140
41908890
46824373
41814219
40782926
53436591
49229735
41440937
42920993
39980682
43109075
44576437
45025305
48143950
42603074
42447218
43625725
40372777
42998967
42501952
42414553
47011554
41728233
46846903
44121714
38806483
39107264
45476080
40484691
40912113
46531820
41514224
62387293
44819389
45717376
41640680
39723146
44075868
42770560
45401039
41791280
40969079
43190504
39432622
43643359
43400356
48730411
50350773
43872494
42161504
43496558
44592413
41935272
42952713
41982212
39771581
47455454
42643096
41052539
45237652
42609257
42176246
39804373
44375981
47663367
42361940
51029869
43259087
42727041
41175018
45517217
41538627
42263949
43733141
39710011
40759154
40549316
41774415
44940874
43081988
55497453
41218163
42024339
38514090
42651302
39622284
42488838
45996483
45061740
41555107
42055408
46578606
43638567
39202670
40069110
41486071
42417532
42314532
39650061
45776443
42669617
42955349
42121952
45294837
42402786
46361047
40369975
45241928
40127818
41061938
43095694
43510681
45637006
42458571
47317300
42982822
39589200
49529460
43350394
42845060
40426206
43059929
41532776
44011624
46938155
42763990
44670421
41828754
44360256
44006434
45326202
41295510
39643868
40818060
46219242
44682116
50948333
41436677
39404036
44810596
42635777
39790560
44241370
41734383
48840693
41801454
41090316
43487762
41648163
40711992
43587931
46395039
43455892
42554998
49629537
41383607
40896493
41452635
41173811
43527161
41203402
41928242
41867859
44458144
42657213
47569245
45530280
43790915
45733702
44922286
60541193
42646223
44406767
41848804
42215377
48090081
43233919
44297545
42385344
46785520
47820000
48222139
44141179
41060786
40593444
51767866
45417521
44567980
47800667
40677223
41212376
41135948
45943558
42577852
60002242
38223963
43712045
42680129
40935060
41837049
44638829
45061760
44992612
45260006
41387757
45365018
43055707
44567902
44664917
39774715
42526699
42613106
44889248
41557740
42579972
47315403
44091279
46471488
56595366
47253530
47421930
40009797
45438914
42629517
41012098
42145035
41547560
43635369
43042759
41506166
42581998
41115461
44276475
40331428
40643647
43011061
41939030
44367182
42490321
41522863
43523102
42602348
49049130
41510442
44344097
44812020
55103383
41199291
50531258
40834796
43938383
45288318
42312081
51677577
46531176
41113674
42021911
42295979
40935139
47627893
42803648
38711043
40646712
40943896
43346819
42593384
43155002
48738144
40689059
43386204
48218412
42725731
39407002
43715982
43012760
40373604
44276111
48218287
42702755
39180292
44241470
42608847
42232064
44026609
41128697
41374501
40581009
48485909
43647815
41309283
43068370
41496051
49336796
42874016
45319153
41252321
43525310
42590659
41623004
44893701
40978569
43088777
41420775
42538746
41001369
43166541
39464870
43247612
46055203
44823840
40393765
39861424
42619228
41727625
40911711
39776604
42279892
45023187
44600693
44050405
40435352
44326024
44176525
44970256
43108563
44912148
46228128
45333263
44165629
48828947
41920539
42762757
43603489
42195061
44440790
41185629
43783606
45043432
42674369
43139510
42649972
46523167
43359121
49469837
39876400
45419333
42655805
40389320
41660811
44361829
46006343
44312160
44001579
39033317
40206517
43201426
41030409
40320623
39141058
44537159
42525112
44815231
42400353
45398347
46740621
43995304
42318293
45215936
56181287
43006594
41976373
40107454
41226293
46719964
41227331
46394584
41792656
41169253
43530027
42150808
42119277
48758686
42970017
39043863
59558344
43515020
41956046
41806135
43482445
44740230
42217433
46727767
44658437
44560701
40929971
46150574
47743645
41894322
38605525
41084223
42303420
45499118
41014994
40107464
49102584
42048193
40875172
42563633
46708673
44640704
44927970
42268049
39975630
42317397
45605006
43895024
42636273
42162238
41478038
44490691
41718600
46460881
65710433
48167489
45434192
40775913
39604648
46509846
42869421
44460528
46394904
44948831
42448466
42261087
48452360
44924401
42429904
44331208
40222396
45263786
43655428
44511888
53221045
45000834
45570074
47849785
41616973
44839188
46395840
43001699
44348363
41259077
47877944
43555694
47759420
48427226
40210566
39984780
51039237
43148789
42820233
47698572
41567043
53970244
48038955
49458549
41803818
41495185
41208840
48318660
50939080
40966319
44534254
47886577
42624849
42051157
47101447
41574124
43680302
42974277
41859907
42940828
40555129
40491550
40826502
55545655
41321514
42249821
44227958
48360110
42154809
46090423
42375233
43903801
50070339
40366011
41718367
45428888
42578171
46794057
44526966
48490423
41797736
46769426
43978795
47866598
41310693
40449606
44418544
42655127
46878237
44458071
44337432
47719858
42282429
43669189
45949366
43125172
42231930
46840483
45626090
42929299
43200804
46356562
45848613
44501523
45077354
42285025
39453231
42248344
43117828
42580312
46485640
43555856
40174482
42134156
42090664
39911958
46244278
44877968
43354438
39946552
44079110
42910324
40523520
45695573
42403542
43044078
42014635
40621620
45789876
50857572
45445489
42327876
40563165
42884662
44230918
42410370
44666833
44932166
41156809
43184975
47184745
41362952
44166972
45589347
44703785
39588853
47593530
46222752
43139302
40244693
47270437
42431444
46467369
40914884
60666976
47971966
41824727
54254218
43123151
42721256
45270733
47895590
42404436
39618670
43902580
44009844
41728188
44365088
41844610
47065915
41082395
55766429
47496280
41309426
57321300
47864716
44411547
40590127
43725634
41075023
50704061
41521253
46652269
45965735
41251281
43676805
48469167
42815220
44041863
49960690
43242271
41858224
47299241
54483222
41274476
44678792
42497762
41856260
45835148
41098984
39297996
42534635
53909284
44192812
43002936
39195577
41937964
38735932
54490445
58238574
43875861
46174269
45495972
43466343
43333005
43902506
39178191
43194255
43228827
44536285
43850999
41354159
41263003
47404854
40793129
42824490
40604982
40802166
44174150
41270434
43894339
42229880
47127700
42993973
40456085
41745078
47147765
44880716
47604666
41150028
40660693
42887912
41946146
46516462
44263265
48424524
41364239
42553621
40921755
41333520
44638094
39963816
42587374
45381840
48386733
43180442
57022647
46660787
40446813
59583040
44763208
47137106
41973612
40612981
41697126
41435349
48591718
41801994
43926260
47456212
43009188
44921366
42259634
41376502
42132910
45580472
41809146
46067966
42575177
41167589
43355081
43541670
42336336
45069306
47511414
43359324
39887707
44382504
44072364
40103864
49859158
42526504
43759533
42493427
42416505
45366832
41974020
44809578
40593516
45504887
43450456
46043703
42282939
44704581
41266298
41239791
40034672
46167466
43560924
41601206
40865579
39238526
44092041
45393593
43614827
45169264
46403565
41078950
46174228
43754423
46719349
43277987
45367329
41284756
42075420
45104822
43176246
45763391
43360306
42366149
43552517
39841990
44565263
42766847
45726993
42228773
41784263
47125741
40486112
41335015
42049607
44426720
41938073
50598104
45487081
42601295
39559721
39520696
46518584
42293495
39206328
40630310
42808559
39305087
40970975
40889026
56815143
40755638
43090440
47851765
47728746
41862383
42238566
40007092
41429241
43978677
42905724
41985816
43605035
52729725
40763050
40462573
40617074
45007314
43385828
40988196
41378460
45208857
57773845
45062605
41820267
63798496
61427570
40715254
39280103
43952391
41106240
43454413
41909362
43038415
43074074
39958216
44566636
41620904
42240689
42479490
46176518
41871337
42715345
40798299
42891897
41157841
44630345
45186549
42288630
39517280
45779165
47438099
47444276
41976405
44493464
42061201
46444609
48512894
42006754
44199925
41266209
42824045
42631800
38507274
47673164
46901213
43706211
43683475
45145699
48602901
44296574
40520092
39245426
42715416
41168786
44450890
42494404
41379556
39201593
42321061
44632727
40682571
42448880
43304761
46739049
40681408
42132171
46321579
42136776
50793703
45716529
41773712
46510431
46578951
42739438
39450147
45726834
44848229
41627403
44206743
45016752
40499544
39492692
43750137
44334634
41597700
44427561
42517690
45979933
47544685
75538999
42440897
46809768
46574710
40376014
45271342
46707139
41500607
45879179
45796434
41445430
46123443
43532076
46011678
43511711
50303167
45766720
44016036
42666032
47037640
41951455
40112755
43247630
42266098
45863372
43684396
41575584
44010915
43430794
47172767
40227434
43615047
43265538
42757211
43933898
40127557
43245777
45502529
41995230
40712963
43726975
41736134
42253118
43173747
46069766
43250019
39361772
42035547
42808691
45857220
46638343
43046589
46513466
45287308
44772408
42139413
47932055
45768424
47807125
43683577
42319645
45428714
40968034
47348643
45017369
43167512
40678922
42977373
40621801
41953765
44408473
43057994
45818295
41133579
39688537
42408785
46582043
44543375
47668629
48237033
45741410
40869136
44884281
41001029
41395559
50264429
44610489
46152592
41354617
45187744
47389099
42857752
43172952
42410432
50772248
41437220
46469456
43235943
41142347
42426753
48309907
43120002
39364951
45789627
48268781
41877049
45641780
49556294
48548522
42998339
41998669
43751167
44414009
42583838
44591259
41494035
45529957
42457740
42479509
44246924
38814393
40378817
42843603
38949184
42062585
46856958
45166753
42439114
45336226
41696392
39416309
39913472
48796071
44681122
44303744
41757875
42348392
40754110
42538730
41903820
52251881
43616913
39801789
44163074
47805188
40599453
39879560
45681131
42510531
47604235
42300837
40937908
47180902
43130647
41117544
40954475
42956357
42855636
41998056
41053596
38682126
42059263
47160377
42587827
43086961
41920761
46037623
44843092
44577419
47072080
41231245
44384629
42161460
43863970
42863377
44582560
41176121
41781369
42903282
40221797
45226372
41121019
45051193
44492695
46079918
43548474
47065102
43884784
41560441
43676401
48867370
41865647
48843803
40648770
46446360
41956485
42455002
44436233
43300581
42556292
42793646
40366188
42003380
48433830
41961603
47183994
60533832
43643269
40325060
41765399
42532527
44180878
48539603
48558922
46662231
41059291
40361791
45966601
47554534
46154203
43558871
41224686
40443729
42268226
39632131
39976912
42276668
41505324
44847079
43153906
39400191
41271568
41664421
44831900
41381817
39844679
41333067
42410993
41402173
42174902
40679825
42150721
43360151
42035650
42415242
44351446
41716111
44091814
45579249
43656290
42958456
43664576
42496005
43309927
43929972
43246359
41291193
46119214
41451740
40699805
41116284
43715557
42095855
44691392
43511524
40832382
42190156
42212266
40556880
43660658
43950803
44356926
41067292
47686340
42225737
44653253
43110898
41686011
50272948
46354193
48244577
43821519
40696063
46403520
41271994
40951229
46842997
42126254
40656663
40302950
40061487
43318025
40031983
53970248
41849649
41765779
46772881
40932265
44047364
43950668
40663444
43265606
46079613
42334535
47234724
42454918
43022891
46541800
41214075
46246211
48276442
45118105
42021407
45387101
44388492
57486890
38425575
41941640
42097512
47762681
45139601
40908999
43994777
46227805
43185631
39840980
40632768
39007189
43282911
42195599
41137060
40600782
55926957
44788496
42015815
41140016
42914134
46902345
44607507
42331462
43978315
47010917
48766859
45581811
43292966
40751202
40014376
40489688
43954403
45392502
45909268
43229068
43385544
45989747
40881082
46223196
42867687
42299457
43259842
42100839
41403021
39647010
42702041
42271481
39812967
46763643
42793217
46668696
43115251
42509375
44038686
43876038
40758096
50711832
41699361
42681562
43692282
45082773
42232685
46042510
42215304
41840829
39528937
39576099
46711066
42210427
42515358
39768961
42810935
44183073
41570060
41747378
44484939
43095360
42844494
46527622
42736228
44207456
41901909
42008549
39777573
40759184
46553816
50537736
42893280
46105827
41643914
44518618
43205520
41871629
45370018
39705650
48454797
48072580
42762850
39070787
45302920
42540034
39919892
47506698
44048485
38863215
43675815
46682815
46553946
42511652
40748964
47154234
40643326
43299681
45661829
67887055
51103815
38245198
40171671
45433150
40735425
51238218
43600784
47548670
42644416
44540970
43033062
41105534
41350160
42157507
42089395
45427182
41986423
45415295
42360926
39432449
39220129
43833426
42629094
47176559
41422756
41462779
42679396
42942174
43628212
43806356
42248501
41132416
50787572
45084743
42591833
41753282
45798488
47729134
43470621
41694163
41158682
40435937
43998614
43911198
40494470
46518316
45274651
41977790
44516018
40835866
48187324
44395995
45298374
47681869
42042006
42438464
39158584
42632630
43532735
48790379
48186345
41452222
45662399
40148682
46940018
47747129
42179884
40786058
42018235
43442782
40382781
41224552
41198395
47454313
40997076
42906269
45646867
43816906
38994563
41727600
42196588
45527276
43854128
40845309
45090714
50460467
43084267
47809405
41646685
43686577
44748903
61867465
51048664
40964489
48194202
42025157
43306469
40923000
42870821
40056378
45571683
44743946
42721317
43464657
39716387
43031016
40969537
42230506
40960059
42294173
43603979
41606756
43122515
41161386
41423401
44199033
41474507
46627724
43717008
48921624
41989524
41472147
42434011
45122155
42423443
39897495
62217009
39514558
43268946
44916878
45322869
43998902
41973139
42511381
61023032
43135052
38638746
42765290
46093022
41544154
39336375
42765865
44538012
43144985
41311761
42019221
41814880
41367552
43998493
43692730
42405462
43051001
53037544
40208153
40395252
42873483
46570584
40600698
40349261
44641218
41170565
51252114
42934263
45942864
45400193
44252425
41474889
40514422
43044992
45018283
41190004
41707114
43283323
39079706
42993673
44115406
43246992
40363409
40726122
40227395
41276223
45090684
42367388
38653867
40830008
41338624
42953529
40515857
40695158
41611641
40455033
42174776
41699485
39144685
40667445
45598857
42199262
40786326
44324246
40663008
40643353
46881644
38235184
40700896
43951472
43173796
42452922
40879859
44909773
41649116
42508594
41471121
44845471
43691003
42025957
40531014
48895537
45385420
46361920
42363285
42767233
39447106
46235239
44053685
41183748
48239852
44845413
45307564
44440335
46232235
42490106
44514941
41991816
40906921
41289379
42290867
43801071
41997341
44510578
55882267
48714737
44954880
43196467
39552094
43599272
44815259
45987825
41375750
41858257
40044447
41307103
46744244
41448875
44880093
43797420
39663008
44414338
42279112
38953267
44523066
41804937
38933757
41319883
42927264
40295712
44262441
43028885
38321697
39189166
38976308
42905171
43349312
42406981
41748312
54228557
41858926
40871031
44059738
40311408
43802399
47402016
39100813
41964012
46784286
48195651
42421107
46206262
41059426
41696955
39242775
43507072
49486779
44453979
40548387
42911599
41952989
41747605
47600093
45930643
47112690
46995329
46839321
44422997
42132325
43591876
47429247
43313586
60422137
43996978
42501798
43112501
41931636
40969279
42447947
54276621
44592082
41521963
45766015
41445808
43678269
43356487
45734764
43009322
43395347
47310820
42175981
43045004
41626511
44244909
43580150
44156921
39624344
44957204
43512911
42961720
55947704
39791319
42097209
42038461
42016067
40029655
39899919
42534838
44106954
42911706
43820551
42692544
40205841
43105308
43443703
43217747
41210869
40094582
48397493
40916383
42038098
45782886
43792501
41964646
43313355
44992929
42698563
46198839
42509853
41661431
45268460
47827563
41425869
41988767
41165966
43743771
47480799
42846635
49210502
40702078
42040261
41910111
41509599
43805924
42046940
45387794
47119568
40830991
55396429
40993343
42385484
42491000
45710055
38245927
41895803
41232423
44666576
48934080
45113583
41545873
43153654
45261165
46253127
45616964
42431904
41282170
41103104
40291631
45552054
47601259
41723145
41757532
38896036
40197682
41749478
39196247
44433703
44603632
42311428
43282372
41507727
43845603
38496408
41141914
40680998
46025305
41088273
44483171
41727374
43875632
39771097
43346918
41615744
43760529
42070795
39971195
42575493
46825709
42253266
48146178
47929161
43503103
42084733
42546232
41111884
40370309
41564144
46943384
43464380
47145843
43933825
42901375
46212266
40819269
41959279
41775514
39499663
46452536
42062463
40173671
40818440
45712424
44652335
42615875
42288795
39487453
43929384
44725824
43480220
41268441
39336564
41893065
44072287
42374623
41560006
45101765
42389005
39054244
41732043
41735397
43867099
48316318
41064107
40269093
43806128
39115598
40973325
40663228
41169771
39895584
42299706
41463898
40000994
44357422
40781469
43073530
44574845
42415197
40499524
41423748
45628774
42384109
44643150
41612600
46661213
42553948
44208949
43921252
40527916
45655504
38248598
39227467
41379041
45264404
43505792
40242663
44180607
42058918
47349969
48489165
41153266
45056564
40470975
44045587
41036196
42642102
43372674
42481719
44855178
43951893
40947942
39494897
41889014
40083399
38886950
42802776
41077993
41588555
41982326
43653685
43925552
46495987
41456754
38987662
44407590
42646805
39973357
40898079
41490833
39588179
45931431
43599865
40459749
47793308
40863365
42123863
42547744
41059937
56777153
43379657
41653444
41480624
39738051
42322593
39855474
47136424
42733043
41247306
41041177
39658253
42778263
41685621
38240095
41228124
48937799
41160162
40202248
41782693
41354015
44498896
45663738
44489600
43669137
48396199
44510072
41556351
42679138
39269467
40358110
46874713
38859182
41563438
41184808
39825821
47322598
43084357
39625581
40433288
44229297
42497308
41277963
41884570
42232658
41485640
39248355
43259944
44739098
46570032
43910467
41171587
44061077
41995793
43895641
43055734
44564292
38387472
38934754
40750138
42418038
48114036
42462495
43141938
42827487
40918335
40879904
39804997
43461665
41789500
41572529
42752393
43101896
39477809
44020000
42158783
48503543
42918494
42285567
44149928
41535467
43869806
44999091
47141716
43471173
41844831
46837847
44062799
43862301
45848723
41896197
44635473
43125134
43696490
41180283
43757561
41619756
40692988
45556901
43213566
40044349
43422074
42001876
40823360
44530371
43924522
43363456
41935557
43779315
41348447
43691201
45074435
45319446
40889710
43554654
44737546
41157722
42265689
42115686
44439596
46671026
42761883
42342465
41699590
43492845
48682225
42392348
42908511
42951222
57758998
39542364
40762796
40695511
42598567
43389740
40210960
42171468
42771314
42334510
41987335
39045993
43561651
44136140
44025357
38519341
39511082
40886103
44095726
44398083
38886556
45587571
42150753
44212659
42824429
44000009
44779386
42369001
40625564
43474590
44628960
41375470
44077902
43725014
40282724
41775671
42100601
48268200
40257872
41145944
46252617
40281645
53585624
39179652
39376881
44720109
43203838
41820675
46863188
43391753
46099482
43047762
41555246
42016715
42760651
43101754
42243780
47499731
41224131
39564491
45688896
44009534
45291649
42245253
42834754
51834213
45215635
42984067
40241254
44271498
46318275
42601420
44186882
39788578
40239831
45270560
40488325
41879266
40302561
43300569
44676515
44994432
42161602
43230109
45578169
40580383
43674959
41076531
43958751
41486447
45309207
42066440
43107287
43327097
45723188
43989625
40507328
47445202
40589557
43011491
39918921
56657978
39394676
42942081
47704705
41510525
46595172
41504308
38622709
42647148
42299629
52410668
39217191
40171129
42203412
41122979
39070290
44329480
43655571
44366950
42070277
42578459
46007402
42612229
41635427
39029147
44489762
40738828
42739716
43320735
43282842
43339826
49138375
39156104
39278675
40418530
59578436
39640912
40904395
42816469
45588374
46136435
48044140
41843171
53849936
41603465
44805922
47398254
46148818
43680126
44958881
42488958
41957756
42477119
51711709
39818683
42254777
43985450
40950617
44805452
44755421
40056394
39170562
41284144
41431578
42033395
45317124
41368821
41840786
43113811
43113712
42520006
42007615
42389143
44514880
44139102
46359142
38207591
44828885
45615199
43237392
42300842
38791202
41364115
43077771
46070054
41064144
38916857
40802035
41977676
41041589
46445471
43741441
42217301
41503749
42144901
53673336
44272993
45123300
41969243
39033183
44918074
41805398
48094776
41325069
39950782
41836941
42741918
41785388
43393403
43823025
43125511
38455205
38567557
40836728
38798085
45620532
38720981
50335870
44742790
42412754
42775864
44951660
45106374
48835219
43257305
42649238
40369329
47664557
49588953
43738557
42679349
46782497
43517931
43023785
41778971
41635569
40877659
46353607
43974816
44203021
41772407
40496982
40260541
42220870
43331334
47147242
45916723
44049273
46511926
40359794
44812684
42977133
41770058
43053508
40870710
43534347
44775216
42293989
44753358
38914633
44849740
40312099
42863631
45278198
39469507
49659015
47288106
44461670
44970032
43262160
44478951
41330774
47959807
43350326
46672545
45862432
42386852
46405881
41786367
41700616
43007748
41010471
47881263
39513221
39523557
45881727
43025121
40697505
42234181
42760335
41570157
42985396
41583584
38599366
42900703
42262600
40562734
51479043
42730166
42365241
40494825
44445999
45973172
40848716
40162762
42457553
43513992
40280652
41129688
41240132
47246367
42790540
45791514
41270170
43756968
47368882
42536849
41836082
40952779
48394230
43575208
42393142
44283348
45051096
46182072
39728747
43423816
43329748
48328601
41891409
42315378
39419231
45367477
42232001
41461543
40277142
44056094
41583807
39177486
44835430
42115511
44696356
45201610
43037479
44178199
40837335
46484056
41323272
44412000
42943102
49150357
42519125
40311783
41562385
43370993
47351952
40573794
51155969
45075310
41255493
42387400
42014660
41482627
44025710
42341092
42080595
42463068
38284082
42568299
40985560
40579731
45674616
47999770
44770895
44386596
40221253
43626581
40667878
45671813
51750561
46584158
42741286
41547393
41623900
46196973
45530276
41385309
39199217
44691087
40959012
44414624
42048636
44773371
47080359
39507646
42609667
46193436
49647461
44874749
43681643
42030383
40960654
40483149
53991342
58036796
38290693
43723997
42839374
40375380
54978371
40540703
43319908
41255323
44041298
43264617
38636918
42545041
48342659
40849405
41731708
41921858
47247261
41880836
46684889
40613186
43928807
44147333
43273147
56200869
43091650
43849725
41168328
43242323
46102934
44503329
41636022
43557922
41336104
38859842
48441303
41437498
41505797
42451315
46842632
41425974
43733095
42910294
43044987
42842634
42723048
40098957
44077367
39545423
42904747
43365821
39055087
40915433
38509313
42674027
46595510
42527924
43506738
40894937
41617626
53032025
42329479
41579021
39492862
40730314
47243946
43307808
43553319
42734786
39442506
40520334
40537470
39404089
43717698
45029463
42754221
43953111
41418189
38340888
43004422
41716822
41471093
41157225
50735500
40791386
41507279
38377895
44821847
49603595
50636621
40926383
46120208
42290526
38799729
44470685
38613092
41290732
43622991
49326903
44711138
44435607
49515686
40137980
39370541
43101088
43127417
41337449
39900937
40465341
43353974
38330400
45199395
41368078
43375538
49181697
46530179
38217758
43526383
50107523
43735548
38507402
48954209
40279005
41484042
44548039
41266629
45531537
41973134
44150713
43570918
40559933
38307973
41991158
41476904
46164308
41042954
42152671
41801882
44259792
43084537
41439878
45904649
43605644
42710492
41296921
45636303
40471102
40867417
39087234
42861199
46839417
41936615
41028130
43688075
41819200
41940230
38233674
41147654
47841539
47622815
43226395
44964629
42412569
40168822
44045813
44873940
44167606
42827192
45956005
41099400
46714704
45474528
41037541
52386161
43367835
46100707
60631915
38470869
44875464
45237252
43991675
46208782
45599009
40842971
45057148
41595499
38557882
43895725
40473905
38863630
48318359
41635898
45956849
39491365
47434954
44668150
42191886
41294983
42085296
39177127
46210267
48938715
40743138
41653270
45051272
45908629
43971960
41820405
38270178
42034919
53676777
38290775
45913111
42162358
44231664
41601698
46567860
41259814
45908048
40061320
40937930
41789638
42216401
44338361
47608699
43654030
44062355
47460053
41137889
44803446
43650439
42287048
38248078
38786658
39421698
46199900
42746478
46428399
40880068
40298383
40000692
46021022
42824080
43463576
45109303
41324199
42337650
46347942
40489317
42241842
38242403
38900855
39005572
38225446
39974241
49747358
45235720
45044882
47514642
45899996
43209424
45257648
40165490
51219880
42571037
42336298
46373405
42834214
42522772
47301796
45624944
41055637
41329586
42537712
44130364
40930984
49599930
44034589
46211827
45806337
40624409
46295123
42539760
45989653
42283943
42646240
41345277
41627196
42536942
42497685
44591562
41159087
47436307
41097117
42876821
46483872
42374786
44822671
42104419
40879603
44014033
47461546
47494326
41676830
41092082
45906343
42513006
45615071
48814262
46858624
43990420
42556776
44509442
46959665
45207520
47028550
41768709
46936961
44468337
47405178
44454655
43988410
43677124
39022026
39247538
45252919
42232649
40571639
38960549
40128963
38492222
38754144
44019497
46674665
41093642
39033892
64861218
40683395
38978266
38195375
38988791
39763344
38268604
38230341
39180660
68162258
41638576
40517593
39354585
40918058
43199209
39522980
44545442
45313430
40594696
38214156
38260887
38453935
40539265
38255045
38412233
43409426
38339223
38673054
40765317
43160891
45859550
47423697
41124263
38229515
42141655
43203099
42441160
38641590
40308513
45107872
48491377
40034479
48928596
55272065
44715492
66406224
39782832
38544557
40564126
38275876
39864578
42692942
42194120
40842182
41125880
40102605
42412953
38477132
56764037
40578153
41919891
41089096
51311666
44228179
44278405
43385814
45302672
42618680
40852378
41409213
42136264
44907125
44458609
43696151
40635366
41095554
45556897
42732582
40438066
44250158
41401128
43090698
43995087
45226945
39826632
42944923
52448468
44299807
44553031
47669708
40770249
43289136
41428642
45355558
59472412
39379352
43407932
44401876
42296386
46275458
40784331
41565032
41589515
48346413
42286930
40731321
42221475
46402574
42115269
38508639
41553616
47312533
52937853
46321897
41904445
40587915
48567287
44833141
44235268
39976103
44237105
44836914
49200082
46827170
43834491
42883323
40824130
38697512
40212869
41547568
46236294
48574634
43412874
48518895
41330158
38594510
41401185
39271289
40366822
43400693
42844498
46518189
42971368
41989112
42234879
44863737
40409671
41983931
41664065
44205911
41999407
43409389
46065634
46035346
43840603
42871968
44407336
47355663
43787263
42353803
42289169
47349095
45258887
43346251
44066188
42845912
44280137
42676999
46209100
43114645
43973213
46492938
49137043
43142675
42004738
40196558
41526172
41360047
45079816
41814206
44144962
44981290
40673866
45625454
47523021
48327116
42194756
47032618
46236209
40368648
41977719
45706570
48667190
41039608
44057260
41115236
42479647
44889177
46105010
43410193
43318836
40192728
44968975
40899550
42109712
46067233
42503088
42968380
41494407
51465403
38254814
42401074
43712248
42034233
41237040
44048800
41722720
38354276
43412306
45471910
44878866
48411157
41812458
41642260
50192003
42045681
43957251
44317862
43704289
48302601
43634747
39687190
44106337
39529029
44748196
41607205
47744978
42329308
46186049
40229138
44924405
41331450
41522500
47776981
41375206
42079470
42562512
42520910
45804604
43763411
47905386
41659570
45783680
42488172
41159562
39281230
43895957
42802319
39051825
38259902
39715229
45782865
41284709
40427920
42676162
43618539
42960877
40099005
38281293
38593314
44750365
38274164
38999937
39708565
43765035
45011021
40717317
39603740
42933871
38294557
38487485
41354625
41205688
46881339
38264794
44141275
45921802
43835312
44568611
44470386
41056478
46240616
44850733
46678353
45255600
45876783
45741203
41714928
41971120
45752844
44398538
45966481
43321313
46700174
42575544
45719470
46484202
43140565
42159632
40372018
46952504
44229435
50625012
44090696
41645009
41172162
44691201
41791079
44835733
40990761
43308519
42024237
40141764
39335706
40870226
49810922
38283768
42347110
45075046
43304206
40117482
45995385
43393854
39193856
45272762
40394051
46152028
44818085
42460342
47885807
41831544
41169840
42132616
40900029
46329126
41403485
41719864
38318589
42299567
41274249
46799861
42270136
53983847
41659695
42966720
45068266
51469322
42046235
46178541
42173932
42838747
39821133
42203174
41667250
50218635
41406164
43746480
38778023
44966838
42744103
43568754
43762343
42195475
42447423
39266337
42062748
41358444
45449929
41165227
42157145
44559501
38906801
42809898
38412812
44055743
47705828
43457570
42909756
45823190
44758456
40750797
41797313
46880222
43946154
42384578
42252892
52326046
39846046
40660484
47566744
43958891
41029493
44989673
43402094
43643808
41500723
41061735
41783369
48827214
46058257
44188915
48659723
46156368
44421059
41380574
46472576
43284806
43083073
42114033
44502216
43018775
40716095
43863609
42445331
46580546
41790527
42828569
41720668
41523484
46534461
44025536
44116873
42184543
40845884
42594679
42733005
41779908
41189178
44238031
40277888
45347213
45978900
42865546
41022672
38439970
41461428
45246526
41736085
42117386
44990029
44562349
43259558
41929316
42722611
42723907
41027334
41572910
42109502
47233032
44073496
45482029
40197361
39490009
42532388
48903177
46010658
46355453
41728685
42594679
42888296
43902962
42933552
44213134
49235173
41186718
39110748
39818254
43815468
38752896
40979795
40490613
45040236
45240018
38848369
45669745
41749632
46763745
45065739
41860041
44240255
45650902
46077704
43094493
41480357
45918694
40998220
43377007
42227660
45135232
42305713
42946303
43455293
38927080
43562167
40499578
46455754
42476663
42305856
42126142
42708370
41022625
43986678
47885384
41897976
41439464
45033541
41800677
39216498
43548663
46108258
43538160
38678659
38282359
38420011
42059650
42917568
68707838
39597319
40363857
43359686
42801129
43002409
41860315
44027147
40341153
39825116
41766483
43245233
38251306
46025483
45684259
46546179
41651234
42362156
44272572
42870181
38518836
43202063
42697001
40393740
40546679
45556537
42791165
43745006
44759378
47847286
42273341
40782735
42407006
42504348
41540850
40775847
44065511
47152503
42510309
43075028
46862969
43581513
45525604
48442899
41531669
43715982
41138476
43676098
40514821
41473514
41378516
38793103
38511675
38868172
38928394
38259723
42781790
47227426
46641162
40583995
41460701
42994216
46019923
45220734
42423808
49618721
40299693
38275226
40054761
42105635
43211100
47433272
45711837
44097645
46268239
43311186
45339593
41624178
38279163
39168446
41887393
46186723
41901443
40312752
42213889
43714341
48164027
41386658
45226398
39196239
41556559
48112876
40271800
41161798
43485806
44996744
38206846
39452757
41824392
47345724
47008108
40512396
40887480
38263577
41366319
39699508
40055493
41170106
42788815
41829858
45608986
45414094
47544330
45161015
41176098
40791960
44545394
41516854
43719423
42274641
42533626
40494510
39435862
43559620
38940750
45180198
47833850
41520945
42989550
42034621
44009794
42644918
38680726
40173632
41729659
41927785
45865412
51471146
38224558
40509101
38220618
40350204
46373917
46060993
40510305
44630481
42520723
40915877
42958106
43232814
43652901
42052573
39324082
40475377
41819194
42593816
40139513
44926068
39116951
40913167
38984563
43582650
43379029
43318506
43799236
40961428
42081319
45512819
38700157
40667563
41096973
38295288
38336070
44026322
39827600
41680464
39586917
39939514
38852218
42774269
41800548
39623336
38744379
38234785
43963436
38773002
40235702
41613837
50837946
41072517
44252953
45606042
44646260
41545611
40677770
46009249
45373651
44706007
48528736
38216693
39150696
42180251
39132457
42725002
43354254
46276088
44157251
41441118
48362818
46723855
42660185
44692296
45387091
47485246
38699738
45162445
42521493
39071173
44570975
39145557
38325845
41358864
48836533
38280781
45256360
38476918
38744189
38225007
38252317
43164194
46973822
38309873
38237227
39984971
68978045
38296432
40003944
38373966
41412483
42821073
45788807
43508615
45118147
51015820
44354889
41307636
41686761
39829371
44320915
41198415
46806932
44015156
42265661
42355101
43492133
46678017
41408518
46223876
41352598
39350025
43319745
38317886
41278892
45448591
57790718
38432965
38964613
42917958
43971123
42207683
45823726
43739349
44822150
42918702
40564483
38243067
44665650
46092790
47550214
46549825
42133813
44295655
40410712
43372533
43993487
45681141
44094479
43629940
38241417
44682602
57842208
41084825
39690777
38326964
45450220
42910301
42337501
47149090
46572673
40454266
41035097
44237948
47611379
43564681
45334561
41644525
41361933
42532885
43583709
43266804
47405485
48406965
43739180
45911423
46734511
40917063
42775612
45066560
40270648
44286582
44514259
42933924
41114196
47737144
60170693
39846357
40375215
44396210
47542690
45336783
45588023
39479692
44233083
44873158
41642055
43998411
44731142
41876936
39255141
40377252
45563022
39887396
38883394
43118778
45481325
45993982
45870969
40584667
42203159
44091544
47058420
43847710
45380078
42008068
39894018
42346659
43919876
40965110
39380248
41519270
47785871
45829863
44631135
47137259
40840371
43962712
40805223
43008960
42272679
47695659
39382413
40774786
43996079
41645002
38577806
38946877
39727770
38830141
44132630
46400102
45837333
45754543
41251907
39050748
40306464
41968028
43794331
43824446
40699906
44865166
45770234
41372332
39869004
48107049
39717299
46522162
44532562
41743635
45211040
40863203
38465960
41061498
41678211
44050849
46572104
43787380
41234518
43461732
44051300
43549047
45019258
42051555
39631112
40419439
40020213
39810983
44996162
42813225
42065104
43247149
63546383
42348692
45438670
42111771
41672748
38282077
40607147
38905607
41380509
38288648
40723750
41034773
41789002
38245738
38269979
39118531
39771896
39050173
38227500
39696190
40444887
40343824
41933269
56188918
38318331
41813101
38251711
40071819
42408332
38500303
38265606
38230445
39969633
38346238
38249783
59519269
39741630
41977656
42720250
39973687
40732877
40616158
41004646
39436110
39484392
38734759
38503268
38221105
38336292
42064224
41961473
41019097
38317543
39335575
40459022
38503108
38226468
39244316
41144797
43811190
40047135
41918859
44466902
38258633
39308412
39708760
42496744
40041528
40981966
38315942
39605106
40842897
38808758
63504594
41677639
44714865
42286881
41804263
39999736
38754962
42394210
38187916
39170916
40579163
44571002
38254152
38234576
40220373
42235203
43547576
38581018
38879882
38248115
40859081
40445121
41320969
38291585
39414117
39342357
38273503
41402010
38436673
40117880
40808911
47437138
39100697
42845638
44059223
41425556
39706826
41429458
38290084
39372164
40949511
40217980
38272514
38316836
42536731
40168612
39728639
38976160
41795547
39734484
39757687
38831853
39711323
40047745
46570814
38271174
38277159
39492761
40547831
40762392
42477573
39914936
41469460
41315958
41418499
39862950
45956856
39298707
38286266
38841634
38370499
38272628
38651624
39737600
41873517
40577885
40729819
41755862
46270370
38810872
38260769
40382073
40743735
40674618
38811029
39820633
53287626
40643911
40836687
38309861
38793753
41002764
43770502
39822417
45901560
40276011
38273030
39537684
41576862
41588960
38266353
39794469
38270976
38688168
39333374
41151679
40247945
41855336
40846258
38257419
40722230
54475198
42180804
40364670
40652550
47093597
38206138
38311381
38230771
41146361
38301189
41063310
38537139
39178732
38884661
43971674
38874183
39239533
41195674
38326667
40093820
38263404
39266906
38274484
40518518
41033224
38917885
39273804
38908325
39832469
41577252
40533547
38662477
42256526
44732006
40141821
38307303
39651060
38176513
39013607
39642694
39103941
38258090
38599998
40615218
45621010
43584279
43621086
41688467
38229498
38250105
39898384
41081858
40243897
40317183
40260828
38241898
39311748
39777946
41308122
39902214
38295353
38240418
38772240
41998716
42235041
40610079
41104247
38442779
43557835
43192778
44419227
43452092
45521643
38347010
38224842
38262866
40797827
41111939
39639135
38268515
38410176
40755717
38274830
39888806
38321093
40476382
39926918
46316404
57876246
44782079
45431459
46104470
45970900
43020177
46788784
43081019
48452177
40435948
43730586
38345561
41351692
38284172
40573737
41529229
40973150
40903285
43086468
44851625
38279144
38339460
43996444
39042750
39118946
40414747
41066161
38762144
43725786
39929553
38394131
41200993
40097496
41198877
39389655
38246258
39210655
39329083
39560289
39822268
40722118
46758057
38473080
38409642
42438326
38533759
44767884
39029189
42219244
45266599
39964049
52764825
42155457
39811966
40663182
39348865
49353314
39884595
43079644
38305749
41173657
43389346
44109037
46537411
46817227
42487766
42285971
39452560
43600432
49609300
44552747
47000131
43878902
44875710
43006196
48579060
38320378
39759296
38215358
40307069
38549210
51261541
46327355
46999495
42853777
47440171
46905277
38242149
51529446
40042043
44351526
40165956
66983859
43996670
46294086
45069139
39529515
40541441
45284891
38786990
50319768
41625102
41118011
38308814
39771095
41252026
42840365
42157225
40258833
38201449
40491535
40913557
38377336
38262045
38946983
38267020
39498424
44777830
41420182
43710999
46181062
41798843
41171975
40734447
40945241
44208550
42070405
38559414
44956252
40369607
41053226
40167623
44050224
38337656
40490015
38892216
39754248
40633393
39417997
56397384
38435912
38255248
38363698
39354806
44131171
39000745
38282353
44022404
40564467
39307337
39412319
38316557
38336214
42039820
38866728
41752908
38315932
39623462
67659018
41913907
38220660
46069001
41148078
57079801
38401187
39928131
40397543
40039570
39830274
42768887
38302367
38256083
39982258
40234520
47963210
38251909
43008030
38289339
43489051
44833841
42765880
41138329
41190466
41274896
39906622
39836089
46590625
38533670
38486823
38284947
38288632
38900625
38285402
44456415
47232831
38335243
43699947
38342824
38237447
38270549
39210681
40117029
39314025
38227160
39137616
53985622
38272889
46212124
44157037
39378840
39111668
41057026
39743598
40209853
40868200
38233074
40283465
39342003
39160950
39643217
40131155
38282648
47668687
40488948
45808790
41487290
38263739
38252403
38315629
43202061
45952246
41886478
38322842
40590254
39191846
39367082
38287389
58343226
38287575
42420164
38359133
38559343
41332218
38230619
42346112
40925219
40711909
42657332
38940553
39740565
39765237
38232137
38267440
41044142
38494940
41960124
41531403
42299463
38284236
45861201
39595213
39316965
39000713
39655560
42577325
39400239
41302544
38229926
42487921
38239821
39928659
38248074
39935715
40189492
39409005
40938448
41390454
44727291
38277990
43630987
45148677
43914386
46584683
42010173
38430978
45634219
43067375
40681844
40594139
50092429
38952865
43323611
46994307
45430978
44986717
39158314
38513178
40863759
41180719
40726834
39704108
38933254
38332310
40185878
39958185
38254374
40470783
40122682
39527094
40234657
39999820
47445015
43409044
45359653
39957791
40602940
42217131
38236712
38361011
38262038
38282010
40245114
44189086
41584946
39934357
40222973
45521326
44710376
39691127
40245719
39968632
39282507
38210014
39800845
41311030
55824422
57912947
40112189
38226949
38880766
39880346
57962978
40639688
39704574
42049657
43368987
39921576
41017460
42709479
39880171
38986557
38277413
41985594
39463087
40667406
42441626
38608712
53025292
46495436
41611285
42382799
41702789
38953661
41042737
41372657
39484953
39977312
40189412
42654263
38313862
41292641
38947580
39188090
38956960
51772573
41419352
42813491
42876980
40482556
39737281
47266812
40092597
39780673
38278004
39006886
44948909
46438057
39215679
38274700
43166190
44095924
42647128
40593783
53872338
42010363
64125247
40079705
48336497
39216779
43399117
42899334
39750177
39330054
45079952
43301939
38269678
41334585
40350779
39398726
39441799
42800215
40514135
38312109
38852870
39387792
41302339
38299656
38249918
41169221
40477426
39485205
40177751
41072625
46390822
44347965
45178717
44636834
43753542
42421381
41757365
40431327
38290222
39832262
39270538
38285369
39172174
39097811
40866802
40514640
40702162
38272930
40705570
55108845
43849891
46286378
40484046
40821840
44137336
38994049
40388910
39332471
41207902
39551176
38218444
39609279
39201679
40781014
42316225
38271239
40678381
41004912
38249856
39522188
38225328
39100508
42677795
38222951
43446764
48662469
45053237
38295563
41417419
38789345
40504439
