12115881
12041683
14285838
12810238
13081949
15888307
13491763
13419912
13613490
13345583
12982119
12800982
14018716
13711792
13277046
12794423
12679708
12898039
13474156
13217526
13281054
13173479
12804768
12459728
15548331
12049531
12804559
14441417
14368441
13556871
12942030
12379234
13022342
14199162
14352879
13462830
17411343
11933553
12260931
13307003
13200372
12725712
16470447
12323439
13374434
12925624
13373648
13419181
19522561
14006127
14414319
14190050
13574726
12918608
12222177
12578885
13063879
12859024
12906003
13086875
12996807
12603894
12945761
13019920
12573665
12488638
12358566
12926693
14459020
14989303
14689080
13756092
12535567
12095952
11992863
12338190
13027391
13974882
14332536
13548212
12960098
