16574
15890
15435
15285
16048
15334
16071
15518
16283
16013
16716
16357
16423
16651
15538
16916
15721
15925
16636
16377
18276
15212
16758
15971
15638
15651
16413
15987
16110
16132
15983
16024
15972
15794
16212
16135
17649
16452
15996
16999
16342
17008
14793
15316
15525
15655
15178
16069
15536
15316
16143
15847
15748
15651
15787
15991
15911
15388
15898
15596
16164
15427
15831
14945
15788
15393
16004
15259
16187
15672
16006
15579
15757
16240
15479
16076
15410
16043
15696
16257
15532
15498
16425
15717
15185
15453
15620
16430
15420
16422
15983
16113
16038
16067
16060
16064
16733
15692
15845
16125
16538
15363
15877
15920
15730
15397
15933
15893
15329
17179
15866
16145
15499
16656
16896
16700
15742
15694
15735
16128
16963
16369
15394
15993
15684
16311
15401
15360
16031
16277
16238
15988
15786
15520
16590
15611
15926
15996
15984
16189
16134
16173
15696
16685
15763
16689
15610
14836
15761
16217
15476
15736
15824
16022
15787
16259
16550
16705
15232
15991
15393
15591
15248
16219
16769
15681
15883
18010
14752
14747
14817
14955
14977
15140
15872
15037
15120
14687
15595
14725
14671
15375
14745
14603
14829
14783
14976
15225
15276
15047
15030
14839
14716
15462
17264
15626
16467
15390
15948
15310
15818
15633
15699
15327
17013
15330
15768
14817
17004
16152
14826
17124
14746
14689
14728
14732
15365
15728
15938
15710
15739
17176
16056
15724
16286
15854
16013
16046
16189
16055
16193
16039
16120
16066
16319
16112
16146
16802
16292
15754
14970
14941
15967
15110
15494
15459
15374
15528
15065
15092
14944
15092
14968
16450
17152
14973
14999
15095
