1328
1094
1093
1093
1110
1093
1111
1151
1357
1334
1349
1103
1094
1104
1155
1105
1127
1173
1134
1118
1094
1176
1174
1111
1093
1121
1128
1165
1189
1173
1210
1196
1105
1095
1111
1175
1173
1154
1143
1111
1131
1108
1136
1181
1164
1120
1095
1156
1156
1196
1202
1173
1173
1173
1181
1196
1149
1120
1093
1093
1121
2096
1358
1334
1324
1361
1312
1318
1173
1189
1197
1173
1173
1173
1180
1173
1172
1176
1246
1173
1192
1173
1174
1173
1176
1131
1150
1160
1116
1150
1153
1189
1174
1174
1153
1128
1139
1126
1109
1120
1120
1126
1092
1092
1100
1146
1147
1119
1105
1135
1105
1093
1105
1098
1110
1126
1158
1111
1093
1160
1096
1095
1095
1107
1110
1124
1178
2203
1840
1096
1093
1095
1142
1165
1173
1189
1173
1180
1131
1106
1092
1092
1132
1168
1171
1135
1106
1144
1135
1099
1101
1114
1128
1189
1143
1186
1155
1177
1128
1113
1127
1101
1168
1141
1305
1270
1300
1161
1173
1098
1107
1099
1100
1118
1123
1092
1136
1108
1092
1092
1107
1140
1114
1120
1179
1173
1100
1097
1142
1176
1180
1170
1181
1173
1176
1215
1173
1174
1178
1177
1173
1181
1193
1173
1176
1158
1129
1288
1651
1735
1746
1762
1732
1750
1735
1453
1268
1426
1246
1184
1309
1273
1192
1210
1093
1144
1093
1093
1116
1110
1228
1229
1198
1126
1114
1125
1093
1093
1092
1105
1253
1146
1217
1120
1092
1093
1159
1092
1093
1163
1212
1177
1150
1109
1113
1115
1122
1094
1093
1185
1203
1179
1123
1113
1099
1093
1094
1109
1093
1207
1209
1197
1145
1096
1122
1095
1118
1142
1173
1252
1214
1301
1141
1108
1121
1093
1093
1093
1210
1213
1172
1133
1093
1093
1093
1106
1099
1110
1303
1287
1242
1135
1102
1092
1092
1107
1092
1094
1254
1199
1093
1117
1114
1093
1093
1093
1094
1150
1207
1187
1115
1093
1093
1106
1092
1092
1111
1163
1214
1157
1133
1093
1097
1096
1124
1112
1119
1200
1192
1132
1107
1280
1156
1093
1111
1093
1094
1563
2171
1246
1120
1094
1093
1102
1094
1171
1206
1199
1121
1093
1101
1093
1092
1096
1109
1165
1207
1171
1118
1190
1151
1147
1142
1142
1147
1255
1226
1257
1240
