615331
1130399
1039204
1051375
1044771
1007364
591936
574990
575016
575051
574933
574874
575859
574997
574807
574651
574802
574483
574872
574714
574584
574636
574774
719654
574862
574842
574604
576587
574714
574764
574586
574622
574937
576144
574703
574829
574622
574734
574598
575240
1098187
1092900
813467
1036677
1047158
1044267
1055925
725648
1043910
1044530
638154
574590
574519
574803
574573
574671
574525
574445
574704
574596
574721
574724
574674
574718
574716
574764
574667
626896
575378
575492
575291
575081
575341
574883
575384
574875
574984
576373
574968
575047
575470
575028
574920
574900
610374
587086
574587
574531
574496
575774
574592
574701
574618
574432
574682
574332
574653
575400
574521
574431
574486
588126
592688
574553
574626
574716
574641
574732
574660
574748
574721
574526
574690
574389
574583
574866
574602
574673
574649
604748
574710
574862
575470
574422
574344
574537
574614
574515
575908
574606
574124
574649
574653
574190
574379
574243
603617
575363
574470
574885
574763
574621
574801
574728
574360
574916
574405
574340
576495
574767
574765
574612
574795
592003
585692
574034
574625
574582
574734
574117
574086
575784
575135
574706
574759
574428
574555
574570
574803
574513
589672
596624
574505
573967
574137
574626
574110
574474
574510
576820
574823
574550
574504
574844
575155
574797
574718
574567
609383
575286
574627
574972
574702
574878
574795
575169
575080
574608
574572
574744
574267
575031
575340
574824
574537
610707
577695
574251
574519
576798
574096
574696
612274
592122
575813
574598
575357
574206
575323
574539
577435
574818
599732
577556
575292
575766
575650
574990
575711
575998
575093
575289
576223
575470
575290
574874
575978
577638
575394
583852
575106
574639
574051
574226
574799
575648
574787
576220
575939
576388
575424
574749
574695
577521
574760
574838
575113
585524
574947
574129
574866
575439
574053
574667
574588
574366
574076
574029
575340
574040
575208
574680
574600
576375
583284
574791
574551
574767
574035
574817
575030
574832
574537
574092
575053
574200
574982
574179
