18364
17460
17451
21882
17564
17819
17709
18147
18174
17964
18023
18328
17910
18440
19007
17901
17881
18029
18135
17735
20016
17825
19014
18848
18251
17968
16983
17635
16892
16856
17879
17169
16883
24840
21234
17432
17678
17092
17410
17466
17484
17851
17723
17341
17801
16992
17661
17446
17350
17120
17582
18149
17528
17613
17836
17097
17624
19391
17478
17916
17778
17686
17714
19679
17819
17574
17584
17222
17695
17849
17378
17512
17252
17647
17354
17562
17212
17226
17245
18982
18038
19295
19285
17247
17311
17874
18778
17403
17206
17779
18078
18573
17477
18170
17384
18455
17797
17294
18723
17456
18450
16956
17934
17218
17319
17091
17395
16884
17658
17155
16859
17026
16689
16958
18504
16799
17026
18333
16904
17042
16863
16797
16918
17937
17750
16853
18752
17318
16949
18388
18064
18096
17452
16959
17268
16952
18349
17446
17334
17330
17030
16889
16903
16956
17594
16815
17387
16900
16957
16802
17316
18940
17095
16899
18905
17088
17556
17461
18374
17392
16832
17113
16835
16728
17515
17581
16707
17177
16773
16986
17003
16707
19264
17206
16714
16757
16732
16733
16721
16732
16720
16863
16751
16778
18301
16835
17235
16972
16993
16726
18943
18141
16655
16853
18925
16660
16650
16741
18921
16788
16834
16837
16632
16637
18127
18288
16758
16774
17614
17233
16696
17761
16711
16698
17454
17293
23152
17133
17844
18916
19112
16870
17936
16844
17418
17149
18117
19064
16830
17057
17355
17346
17144
26600
29758
30438
30314
21910
19688
19720
20748
19346
17710
16734
16954
17529
17773
17304
17596
17939
17352
17304
17257
17417
18159
19447
17899
17552
17565
17631
17546
17497
17874
17260
18478
17577
17568
17306
17283
17524
17958
17589
19061
17652
17085
17534
18099
19272
17814
17513
17522
18212
18130
18113
17627
17219
17707
17666
17407
17436
18397
17874
17193
17811
17820
17344
17727
17979
17314
18764
17514
17965
17429
17753
17487
17252
17716
17703
17284
17586
18579
17733
17796
17769
17609
17640
17771
17415
17721
17459
17594
17678
17679
17793
18793
17640
17518
17620
17536
17630
17565
18259
17215
17141
17848
18704
17186
17497
17945
17405
17577
17725
17508
