5513653
5559448
5244409
3966402
4006026
3962311
3964157
4056703
3969250
4090727
3962916
3961476
6705004
4040942
3989517
3964346
4416790
5615039
4980717
3963346
3992354
3962896
3965491
4887224
6064591
4361024
3963688
3994622
3959418
3959440
3991407
3966566
3968053
3964485
3970316
3992353
3959475
3983673
3963925
3965319
7423291
4029683
3962045
3961997
3964852
3962067
3964302
3961945
3962030
3971124
3964084
3971372
6350230
5303385
3964074
3968597
3965106
3961888
3982331
3966495
3971935
3963710
3962731
3987431
3965853
3970137
8036381
5060463
3967748
3970050
3962664
3965725
3971244
3963337
3973601
3963558
3962815
4117889
3963225
3968658
3965953
3963556
3968768
3961659
3964039
3964683
3964817
3987576
3965057
3969485
3961711
3961537
3968106
4020697
4011893
4022428
4003308
3994436
3999156
4006915
3962983
3962522
3978979
7630307
4015797
3963225
3965195
3961683
3965128
3962321
3963672
3967357
3963862
3968252
8081696
8091917
4050580
3962388
3964110
3966298
3961762
3964123
3962784
3966071
3970531
3965423
3966874
3961797
3961644
3971766
3966083
3961660
3965738
3961655
3971909
3965673
3964309
3980054
3964734
3997187
3964945
3964994
5495781
5445034
3962520
3962814
3972160
3966179
3964848
3961797
3961784
3967551
4004506
4009888
4020656
4009787
3992420
3963476
4124467
5691542
5183059
3964986
3962392
3968278
3961683
3963851
3963817
3961732
3968786
3962577
5342761
3962829
4047448
3963607
3965286
3994457
3962851
3964594
3959785
3965163
3966436
3967882
3965868
3959552
3959646
3963058
3959575
4130261
3964890
3963343
3968516
3965176
3967661
3963254
3968692
3966541
3961872
3973594
3963991
3967517
3979984
3962424
3965631
3961949
3965195
3966128
7788729
4116515
3964478
3968321
3961777
3961827
3974047
3966862
3966411
3962063
3962079
3976759
3964383
3968529
3961936
3961750
3966830
3970192
4209419
3965776
3965742
3966097
3962357
3964689
3962530
3962495
3965691
3964155
4834692
3967962
4086168
3962160
3964151
3968342
3961880
4639532
3965376
3962867
3980393
3970240
4041690
3965686
3963473
4348652
3963597
3970326
3962359
3962540
3985578
3965577
3989168
3963651
3962985
3968689
3966081
3983267
3965735
3964460
3986005
4110108
4082908
8068267
4375454
3963408
4474956
3965433
3970515
7993144
4978302
3963889
4283295
3965567
3962514
3968951
3964868
4254453
3962390
3964700
3993897
3964682
3971067
3964442
3962877
3974161
3963658
3981007
3967403
3965782
3970911
3961878
3965298
3961781
3961695
3965436
