9434534
9432804
20296999
9263550
9350751
9279426
9468984
9361531
9378978
10582743
9393508
9365106
9323011
9355748
9467329
9356445
9363339
9402894
9493697
9625967
9579412
9445046
9388586
10051589
10014032
9553411
9928110
9599310
9668945
9594757
9977945
9616370
9684042
9740226
9333970
9637737
9406699
9611381
10686089
9804510
9547068
9553283
9434460
9579076
9808286
9741808
9430673
9369897
9336427
9761268
10002005
10027272
10241099
11447514
9570384
9605802
9850697
10048744
9998687
10118343
10666630
10537749
10123935
9772291
9542964
9895966
11075096
9852885
9757695
9820797
9751135
10045683
11524293
10074721
10205948
10050379
10030595
9906392
10875270
9676732
9360790
9356925
9503451
9563328
9791665
9616025
9743226
9775811
9958290
9938098
10026684
9990155
10254415
10322800
9877213
9993388
10070430
11021540
9796372
10356954
9957343
9811046
9929268
9987232
10040879
10010440
10470338
9515234
10223100
11637576
13490503
12096314
10031542
9838774
9359352
9348440
9331910
9453093
9673739
9960972
9959009
10021542
10070639
10232290
