22213
23745
20812
21835
22547
21248
23091
21405
20924
21074
21304
22358
21239
21977
23507
21514
21455
22034
21847
21539
21796
21308
21282
22088
20804
21833
21181
21169
21261
26728
20918
20810
22713
21056
21893
21333
22372
21581
21219
22249
22174
21395
23485
20986
21402
21368
21065
21908
21118
21450
21324
21538
22505
21112
21185
21073
21053
21089
21098
21005
21220
22658
21070
21097
21063
21879
21077
21090
21127
21121
21259
21272
22863
21369
21180
22407
21505
22429
22584
21835
21732
22240
22220
21933
22404
22488
22199
21827
22267
22600
21935
22018
21594
22326
22149
22256
22830
22184
22908
23016
22030
21932
21955
21788
22272
21698
22156
22060
21808
22046
22039
21938
22086
21214
21570
20897
21729
24598
22056
20971
22418
21764
21467
21499
20986
21458
21437
21357
21006
21644
21999
21092
22951
21266
22259
21321
21336
21949
21820
21446
22006
22025
21478
22361
23427
22987
22446
22488
21590
21404
21479
23879
22228
24485
21531
21844
21749
43886
33129
36919
40749
37347
36556
24050
24260
25584
25640
25265
27041
24798
25221
24150
25134
24192
24596
24778
24502
26571
24721
25264
27578
24759
23987
25566
25145
25317
25761
24689
26188
25773
24862
25184
25486
24927
24771
24815
24708
25039
25135
24785
24209
24698
24598
23697
26411
24726
24719
26281
23955
24776
24856
24908
24797
24744
25049
26345
25001
25504
24774
24867
25161
24812
25022
24799
25560
24280
25004
25047
25735
25988
24594
25023
24719
24837
24724
26620
25034
25800
25442
25010
25227
26772
25063
25244
25198
25382
24686
25456
24729
24002
25642
24812
26625
25903
25138
24833
26869
24744
24549
25933
23969
24889
24718
25538
25220
24836
24943
25385
25724
25494
25540
24676
25068
24786
24723
25030
24719
24806
24516
25704
24916
24975
24782
25940
26561
24808
