64
122
121
122
119
125
120
121
122
122
120
121
122
120
123
123
121
121
121
122
121
120
122
122
121
121
120
122
122
72
70
72
62
62
62
62
62
62
62
62
62
62
62
62
62
62
62
62
63
62
62
62
62
62
62
62
62
62
62
62
62
62
62
63
62
62
62
62
62
62
62
62
63
62
62
62
62
62
62
62
62
62
62
62
62
62
62
62
62
62
62
67
66
67
65
63
63
63
63
63
66
65
63
63
63
63
63
63
63
63
63
63
63
63
63
63
63
63
63
63
63
63
63
63
63
63
63
63
63
63
63
63
63
63
63
63
63
63
63
63
63
63
63
63
63
63
63
63
63
63
63
63
63
63
67
68
67
63
63
63
63
63
63
63
63
63
63
63
63
63
63
63
63
63
63
63
63
63
63
63
63
63
63
63
63
63
63
63
63
63
63
63
63
63
63
63
63
63
63
63
63
63
63
63
63
63
63
63
63
63
63
63
63
63
64
63
82
67
68
63
63
63
63
63
63
63
63
63
63
63
63
63
63
63
63
63
63
63
63
63
63
63
63
63
63
63
63
63
63
63
63
63
63
63
63
67
63
63
63
63
63
63
63
63
63
63
63
63
63
63
63
63
63
63
63
63
63
65
102
101
96
96
96
96
97
96
96
96
96
96
97
96
96
96
96
96
97
97
96
97
97
96
96
96
96
187
126
116
115
116
117
121
125
123
120
95
67
71
71
70
64
64
63
63
64
63
64
64
63
64
64
63
64
63
64
63
64
64
64
64
64
63
63
64
64
63
64
64
62
62
63
62
63
63
62
63
62
62
62
63
62
62
62
62
63
63
62
63
62
62
62
62
62
62
62
63
63
68
68
63
63
63
63
63
63
63
63
63
63
63
63
63
63
63
63
63
63
63
63
63
63
63
63
63
63
63
63
63
63
63
63
63
63
63
63
63
63
63
63
63
63
63
63
63
63
63
63
63
63
63
63
63
63
63
63
63
63
63
134
115
113
114
115
110
113
112
112
114
114
112
114
115
111
117
114
114
113
114
115
114
113
114
111
112
115
113
112
112
112
111
112
112
86
68
68
65
64
63
63
63
64
63
63
63
63
63
63
63
66
65
63
62
62
63
64
63
63
63
62
63
62
63
63
64
62
62
63
63
62
63
63
62
63
62
62
63
62
63
62
62
63
64
62
63
63
63
63
62
62
62
63
63
63
65
67
68
62
62
63
63
63
62
63
63
63
62
63
62
62
62
64
62
63
63
63
62
63
62
63
63
62
62
62
63
63
62
63
63
63
63
63
63
62
62
63
63
63
62
62
62
63
63
62
62
62
63
63
62
63
62
62
62
63
62
65
70
66
63
62
63
64
63
62
63
63
63
63
64
62
63
62
62
62
63
62
64
63
63
62
62
62
62
63
63
62
62
62
62
63
63
63
63
63
63
63
63
63
62
63
62
63
62
63
63
63
62
63
63
63
63
63
63
63
62
63
64
63
62
62
63
62
63
62
62
62
63
63
63
62
63
62
62
62
63
