2378722
2350126
2387783
2349669
2348653
2348484
2816629
3824761
3634770
3025618
2349055
2348540
2348456
2380639
2348283
2348436
2337859
2369038
2347843
2337337
2337335
3399136
2343181
2337136
2343272
2364678
2348649
2340459
2338186
2340197
2370339
2340262
2339492
2339216
2366692
2337534
2340152
2337538
2388201
2339943
2337528
2337461
2384058
2401548
2387103
2388931
2387493
2422871
2387033
2387479
2337822
3377666
3680619
3645781
2416911
2337952
2386902
2337767
2370273
2347233
2348570
2347780
2384529
3687799
3672892
2938656
2348167
2348365
2348714
2366213
2348637
2348013
2347471
2352245
2348917
2347626
2348698
2350314
2348036
2348915
2348304
2348362
2355710
2348273
2347914
2348409
2355734
2348533
2348454
2348153
2356606
2392006
2348615
2348848
2379500
2403495
2403911
2403753
2458881
2486719
2445209
2408907
2403056
2462637
2461346
2460994
2502644
2489287
2534117
2503932
2461272
2463955
3884370
3868424
2452655
2350207
2348261
2348406
2351144
2346809
2346517
2347184
2358570
2388772
2350609
2383863
2404106
2403461
2404066
2445384
2473618
2462056
2481381
2522623
2534626
2494932
2460346
2462110
2488716
2473853
2431890
2374948
2337644
2369118
2341160
2337120
2340546
2348295
2348194
2347594
2389778
2351263
2348997
2492780
2563466
2516229
2515574
2514945
2518415
2584211
2579110
2577908
2577427
2600502
2538884
2522127
