22481186
21401041
20220472
20696751
21583490
22270365
22098828
21168497
19663258
19184475
19333067
19530919
21872207
19230128
21254476
18668743
18638520
19794758
26534952
19448241
22624328
19593061
23615438
19430773
24283614
19840335
20738128
19779165
22839986
19402990
20971303
22909095
20571612
18997587
21010821
20264914
21894760
21582884
19094638
21318261
19553259
21136342
23822522
21584757
21536708
22914959
19348649
21448832
19235923
20364756
26046144
21892914
20314267
21009170
20430534
21935848
19210303
19114761
20657849
22902016
20425764
19388935
21496696
20221226
