11535441
9523867
10219612
9270999
9271640
8873818
9088152
9168187
9975320
9720927
9003591
10894601
9160466
9394984
10177342
10453875
9561211
9110816
9727900
10788234
10378740
15249530
9330451
9417815
9123905
9262207
9477351
9134612
9059340
9475088
9189070
10438529
10655811
9252803
10873468
9327286
10219974
10631461
9129542
10320689
10281328
9998497
10432932
11001626
9254921
9022648
10248641
9263542
10830357
13848311
8938045
10765040
11117121
10275578
10551535
10521466
10728445
10860056
10095224
10334538
9503156
9611564
11149405
10060614
10015561
11059289
10032896
9112165
10092848
9808803
8930677
10140394
9836411
9204048
9926146
8906611
9371637
10471902
9495437
9770847
10256898
9519668
10612426
9710453
9657807
9552302
9867997
10226456
10288947
9976960
9528210
9418213
9919319
9488212
9841967
9491265
10870939
9399893
9688707
10177352
9472752
9526014
10119643
9417163
9496016
9487221
9024590
9117190
9554809
9597457
9573261
9360125
10106527
9950239
10297850
10145963
10476351
10298576
9636518
9763095
9331875
10086550
9599115
11510764
11533425
10976629
11025410
9796566
9619427
9480725
9354150
9379890
11078446
14419608
10408233
10668478
10712518
10417702
10678271
10859898
9551685
10647015
10200024
9413680
10324746
10575762
10268375
9517972
9424137
10631590
10842401
10268024
8712064
8913434
9891342
8784128
8940019
8761669
9917564
9312572
9162696
8943878
8795111
8769092
9205722
9438956
9129086
9162416
9093017
9559336
9522880
9682896
9606728
9305757
9278912
8989967
8825578
8691936
8752669
9792472
8740213
9879279
9194910
10056384
9679955
8742539
9456026
9420667
10744766
9196085
8987603
8759186
8769114
8901531
9018232
9793915
9282004
9371814
10058157
9292447
8976338
9603811
9373061
9502702
8997034
8725277
8952043
9126628
9086425
10586707
9374191
8808310
9040783
9677787
9859210
10168773
10705191
9635929
8918063
10106892
10022984
9462271
12534405
10111247
9496693
9664377
9321455
11016441
9545922
9859370
9989382
8854979
9499088
9231444
9004879
9237162
9437575
9815390
8759904
8664827
11147356
8718557
9445181
9435237
8756459
9435422
8764648
9427551
9526351
9430600
12733279
9860268
8844755
9309103
8638199
8728988
8704328
8683025
11664360
8662822
8713268
8721925
8692552
8677620
8658262
14259426
9960777
15092056
8670641
8661953
8640863
9689200
10046747
9458292
9028987
9264318
9452544
9338359
9862003
9731113
9662032
9180046
9144557
8974398
8799869
8665674
8965221
8933003
9595251
9233778
10352688
9532024
9761129
9433276
9417277
8696905
8680327
8688182
8650682
8699618
8725506
13720584
8679040
8667900
10267490
8729999
8698895
8693075
8694162
8659592
8648835
8880918
9478956
9459159
8719698
9250424
9670943
10095492
9886074
9249212
9602972
9311451
9395813
8988495
9151356
9040870
8667858
8675227
9803020
9508685
8809326
9799568
9548819
9065426
11860288
9893971
8694234
8680368
8663076
9347039
8712789
9299144
8982634
8816088
10167820
9981496
9503658
9619236
10988343
10257805
9607135
10231957
11041672
9368970
9183208
9956093
8969543
9364913
8997554
9761996
9872746
9602140
9343819
9516679
9561343
8932687
13227811
9393885
9306463
9825711
10656584
9783863
9582601
9200350
8816661
9302467
8827565
8666218
8729242
8756256
9278342
9404795
9467061
9462447
9496098
9586453
8947021
8824014
8727365
8694382
8902266
10729877
9368231
9850072
8849380
9788776
10339158
9924584
10685813
9754668
10671159
10256902
9440712
10484197
8954567
9322506
10113116
8851621
9517536
9256821
9077608
9358359
9133270
8858372
8687666
8758910
9146926
9431002
10148651
9979353
10264650
10035650
10226554
9363693
9233000
9564086
9552266
9523308
9642695
9402130
9202869
9083764
9525746
8665055
9017007
9376750
9114999
10337035
9214049
9978591
9224928
9536456
9776555
10748225
10195743
10763643
9472192
9859456
10949880
9572046
9222714
9292587
10669443
9734233
9494032
10083173
9326647
9886238
10542809
9502015
9692618
9771986
9018956
9340588
9182641
9414714
9109033
10193158
12045414
8992647
9230828
8832128
8766912
8715391
9236801
9587465
10715262
9336170
9520324
10683390
9306755
9115059
9646561
11433224
10426087
8890275
9641758
9867606
9380594
8952312
9397717
9435000
9763791
9527230
9637552
9374613
13444959
10858947
9659806
9365143
9255760
9430767
9587496
9222145
9446846
9081426
9132977
13631836
9180522
9347014
8986658
8828365
8747855
8670198
9921224
10523328
9672731
10625516
9508884
10435921
8789487
10237234
10525999
10577471
8662166
8944711
9720492
9926749
10186363
9768563
9039794
9600677
9549052
9453638
9524243
8651789
8636617
8712860
8686275
8671403
8676769
8730735
10666745
8681369
12080339
8665885
8685858
8718170
8693163
8673983
8659858
8660188
8901435
8671654
9760311
8700581
8686612
8662836
8643192
13472255
8728162
9153158
9571135
8713191
19899469
8641525
11212608
11309777
8646897
8667425
8713415
9926863
9066161
8707018
8680421
8684622
8713181
9253345
12718465
8645032
8748348
8684885
8691542
8813874
9082125
8729211
8680467
8658088
8647228
8722633
8933554
10096954
9467256
8646292
10135459
9765416
9280468
9559454
9109193
9603015
9300982
9105694
9053074
8911835
8722253
8735415
10494768
10177274
8941500
9296702
8718482
8696281
10434141
9528754
9007684
8923541
8772548
8722563
8728265
9100602
13280930
8788461
8736567
9105807
9227794
10271509
11025487
9589199
10460990
9672872
10816993
15252971
8965548
9123914
9014645
8968036
8635937
8930663
10591471
9571272
9355588
9733588
9244008
9778704
9701746
9515388
8962226
9282433
9306440
9176572
9091422
8911720
8650064
11650243
8730274
8698844
8913866
9882560
9546658
9933405
9004859
8894194
9930627
9002316
9116858
9125236
8828757
8705172
9066267
10169270
9780064
9054250
8827935
10402523
10686907
9294088
10601573
9811827
9319927
9809649
11104250
8872903
9009073
9762397
9257871
9269435
9379811
9215840
9019353
8914287
8672769
8810707
9436740
9516538
10029181
10274430
9823026
8738120
9112019
8806263
9402975
9704457
9869095
13118894
10079136
10109232
9544547
8677326
8662564
8650825
8726803
8703425
8676834
8656402
9093398
8737294
9057652
8688386
8671069
9001362
8608789
8683622
9020322
8729153
8801018
8699196
9441989
8704784
8688223
8724991
8712478
8698274
8664460
9437016
8672452
8655755
8716561
8693933
8679284
8652705
9608040
8741131
8704370
8676397
8665433
8750570
8688822
8905715
8707045
8684429
9476252
9156568
9498121
8861515
8907527
14235014
9521176
9018082
9312568
9106864
8687888
8659254
8725622
9452245
9142051
10609058
9030170
9274202
8973471
9715127
9631328
9734241
9278970
9134794
9026528
9283056
12084506
9296351
8934120
8734273
8730089
8717630
8794029
10462467
10124892
9467311
8932678
9580526
10793427
9868197
8722017
8695046
8678754
8732910
8649956
8639118
8741714
9016828
8726483
8700723
8682923
8669444
8664025
8644434
8853624
8607747
10032551
8996272
9708938
8683451
10588819
8672071
8639235
8719070
18002148
9344312
9215953
8716640
8691906
8676354
8648555
8728838
8690151
8681977
11008443
8993199
12469279
8834485
8655434
8729329
8704033
8675680
9225673
8735399
9040097
8712380
13494496
8719253
8689734
8670446
8646686
8639505
8714316
8685275
9419513
8692824
8674530
8651561
8723000
8696736
8664315
8807299
8692155
8684790
9001651
8666694
9608063
8725011
8706276
8676683
8664557
8767557
8691502
9970957
12608645
8679389
8659625
8640830
8715033
8692503
9152165
9866927
11247509
10776864
8896153
8988033
9498167
9697378
10457200
10190064
9173997
8947665
9417641
9893197
9807820
9476411
9652892
8919580
9293941
8747377
8732631
14891392
9627522
9584839
9130732
8977004
8686917
8726619
8784846
10245873
9453898
10257223
8843888
14982431
8810396
9216072
8607330
8775108
10264596
10912503
8795158
9733598
9185778
9639435
8682608
9542699
9788669
11735771
8938636
8737586
8702525
8655934
8748899
8685628
8989736
8700969
8719652
8721192
8770456
8689091
8662694
8643407
8995787
8750584
8714532
8691847
8641809
8714433
8722706
8662588
8651752
9088690
9937621
9926023
8864911
15021793
14128607
8657376
8728316
8732130
8684855
8646195
9157747
8706350
8684455
8677085
8657983
8659568
12982903
8749549
10662684
9214026
11109560
8640793
8722710
10526370
8719497
8692188
8730247
8659189
8884070
8668447
8819290
8706090
8680801
8635059
8884882
8729427
9356023
9491595
9545455
8838208
9168209
9880595
9046635
9571973
9219751
8862610
8659125
8747644
8723729
8660994
8713248
8776751
8706378
8658691
8640131
8993656
10602142
17418509
9644879
8735248
8654841
10061044
8653857
17547280
15260296
8618330
8726993
11054903
9037021
8713982
8684555
8659755
8641589
8716283
15206527
8695698
8649130
8731439
8693876
8671203
8831736
9804257
9234841
8835722
8758234
8643950
8768049
10117012
8826566
9197754
8846916
9596387
9701290
9633106
9071617
9306428
8949712
8695518
8673505
8658240
8847536
8719549
8676109
8685601
8717808
8725909
8689078
8688034
8674097
8636696
8725177
9387952
8638959
8730002
8683866
8693699
8652723
9641604
8722259
8675179
8703705
9062758
8726236
8685134
8667431
8656647
8720343
8701041
14127323
8666828
8639079
8732198
8684366
8751454
8744433
8679684
8691209
9153126
8708326
9397809
10205061
11002290
9104280
9334063
9322583
9199212
8974720
9284581
8678180
8708916
8741737
10216513
9444272
9732603
15058925
8949762
8827248
8691477
8693246
9646193
9036671
9894550
10466755
9273987
9640241
8941189
9599882
9378750
9563110
9047588
9037255
8969878
8650552
8970713
9515239
10494912
10138718
9520394
10500088
9542577
9890026
9204928
10134908
9447819
9819970
9485188
9911563
10004788
9919120
10315033
8614775
10720826
8690569
8666291
8652300
9227195
8706726
8684870
8748161
8713413
8807126
8667825
8968065
8655988
8753195
8693077
8686737
13176644
8827040
8648210
8877067
10174269
9350302
8742707
11003903
10442157
10452377
8732614
15234609
8698618
8655313
8684197
9334548
8717240
9721392
8765753
8741958
9189954
8681430
8670455
8722249
17963274
10300388
9500658
9446028
9675618
8664683
8653595
8730462
8694501
8708897
8671958
8758067
8729789
8686549
8638256
8734932
9794315
8664813
9189505
13950388
8671093
8733351
8686123
8651397
8657860
8719689
10589213
8609233
8690612
8695188
8726386
8728974
8667433
8663035
8756424
8939748
8726043
10716125
8680678
8661713
10360468
12119219
8684841
8756745
8724859
8674713
8665188
8731485
8692917
8687337
8712507
11818322
8716427
10961706
8613249
8683257
10150512
12148094
8725949
8687583
8668537
8655313
8648869
13815175
8762977
9695621
8698576
8775684
8883330
8748429
8724481
9881330
11894200
9846228
8739077
8714010
8661887
8671727
9332852
8676602
8667698
12184963
10036845
8662296
8665745
8766623
9328398
8656990
8729659
11177422
8694258
8734816
10170103
12560184
8726211
18184514
12877319
8648955
8726142
8737111
8679568
8638741
9487908
8984326
8657906
8642930
8725887
8690874
8664529
8635986
8720323
9374068
9323176
9202135
9457083
9230896
9010365
11876428
8703360
9571805
10397410
8721373
8704603
8669483
8646631
8718767
8706958
8657861
17364327
12153539
8746294
8663897
12500829
9579716
11754051
9760481
8837046
8731070
8771635
8661664
8654271
8712432
8700134
8659781
8640251
8711745
8694035
8663403
8637350
8719228
8695448
8668820
8652477
8634927
8777329
8686761
8658008
8652422
10899869
8948472
8709561
8686667
13290824
9097577
8924177
8688720
8753353
8643243
9024317
10304928
8911144
10598835
8692067
8639479
11724763
8710256
8674008
11861297
8708820
8684989
8711072
8733845
8703616
11994893
15486682
8715555
13790394
8650690
8763225
8674996
8649863
8889721
8675025
8653358
8730326
9122925
10825343
8785144
17473077
14689608
9377026
8650950
8762535
8692202
10863710
8720920
8688320
8672535
14229578
8728009
8688340
8665410
9172987
13854332
8693366
8668838
8653086
9449936
8741490
9182694
8611450
8688963
8820228
8784216
8665198
8696878
8757279
9337454
9348868
9788923
9540316
8767304
8764220
8982042
9807186
8843675
8711857
9155516
9564135
11503976
8692005
8644736
8724284
8695158
9022113
8674953
9250308
9018774
9829578
11881255
8749047
8698907
8685127
8791945
9509380
8685214
9723346
9343309
8687707
11488947
10664191
8679653
10854440
8703194
8682843
8793499
9466067
11830607
8681255
8669667
8657853
8743188
15015453
8710459
8729947
8663176
11992067
8639926
8760995
8721157
8663596
8734192
12007588
9150458
8693541
8674382
8639800
8719126
8688404
8988999
8685259
8648699
8742106
8728320
8681288
8673590
8711355
10558994
8701516
8680425
9575158
8668379
8647708
10683540
9484130
9570153
8701615
8734068
8692968
8669655
8657728
9762579
8692338
8696189
8728338
8692395
8693689
9317196
9468711
12207628
8698040
8673502
8657392
8647689
8726609
8699252
8678690
8679190
8743705
8670380
8685351
8809223
8723309
8682485
8640836
8718852
8839959
8637588
8717125
8731793
8720475
8941893
8708668
9784267
9448697
8941405
9978737
9966779
10589859
8726353
8920492
10111510
9380436
8867367
9937879
9792299
10015369
9896120
8801792
8914711
9721993
9656392
8995786
9853068
9662855
8920594
9427338
9019519
9226255
8861171
8863926
9963722
10072248
9925255
10090996
8992325
9785008
8776141
8976154
8991448
10572311
17495971
9079261
8679280
8646162
8775759
8703589
8663322
8750668
9767447
9256333
8764082
8701057
9045826
10306790
9460246
8642443
9246855
9737958
8751389
8934701
9183889
10105690
9744306
8879004
8809391
8891036
9813062
11610778
8718672
8725866
17467398
14750079
9626451
8696777
8675083
8659617
16016996
10659878
8698196
8640423
8716945
8751171
8655494
8632760
8715978
8695848
8777829
9154887
11376302
8670870
8645660
8731923
8692194
8713284
8651888
12341564
9094223
15807998
8659398
8794368
8695040
10208742
14134455
10033352
9918395
13636636
9630922
8984361
11684408
9468338
11190173
8703587
9595749
9670837
8868886
10581342
9950805
9900837
9695282
10719408
9815731
9662043
9514804
9054278
9251631
9674541
9501875
9484855
9660450
9984225
9671884
10152701
10231792
9996681
9888401
8972413
9036511
11314394
9386254
10654641
9903973
8708568
8905335
9575869
9007373
9093386
9897767
9688028
9060698
10052443
9714845
8925747
9398317
9070933
8938219
9224674
9635044
9679518
12498590
9547558
8950278
9038451
9158403
9269631
9001513
9145490
9796646
9111056
8904578
9444770
9008454
9996308
9018829
8969569
9380284
9295950
9184033
9335434
9572263
13338567
8732894
9293151
9802215
9887650
8835637
9184667
12827027
8727091
9854311
8804339
8772254
9020084
8871269
9517392
9315453
8887370
9037265
9329665
9560832
10352426
9715286
9032134
8966803
8914849
8910178
9416394
9002857
9304608
9545618
9382736
9596988
8936838
9131695
9631745
9079901
8892922
10144764
8963894
9355234
9552185
9263776
8987442
9237871
8691936
9100191
9360065
9933896
9122125
10421054
8993629
8870333
9166235
9055368
10764491
8892526
8887771
9435282
9690462
9406311
9831961
9116339
8854906
8954933
9186316
9070937
9133970
11239463
9632232
9124627
9304606
9359580
9395213
8995411
8724237
9414771
9103108
9212844
9320451
9924876
9084426
8873123
8742986
8967099
8784086
8989361
8904671
9932051
8972068
9010463
16989042
9405141
8722131
8933165
9244668
8890444
8933131
9022767
9700712
8943847
8931829
10761138
9109191
9125149
9305040
9358424
10560260
8940453
9515371
9021177
10011428
8755516
9043777
9180918
9432627
9924596
10268933
8940717
9386693
9679136
9042930
9455986
9083311
10010802
8939161
10158091
10230903
12679371
10506944
9820761
16658550
8661975
8913486
9187659
9003774
9082724
9464461
9934793
9927862
9233207
9113654
10382700
9290999
9261399
8993583
10953854
9792320
9098848
9028473
10113517
9743878
11076648
8757734
9091558
8925924
9093471
9098980
9856340
9307785
9445847
9283205
9366621
9841311
11679854
9218521
8712200
8957742
9618644
8994068
9320079
9787010
9016534
8833640
8793290
8943793
9105458
9062979
10985542
12866433
8948304
8804597
9259981
9017880
9190043
9342322
9083817
8881427
9225819
9313525
10188599
9517877
9161112
10045293
9230849
9380550
10884805
9252094
9031242
8787966
9445012
8751974
9089636
9073976
9736092
10028639
9123073
8959700
9496040
9764207
9087575
8780103
9000131
8735098
8876130
9133022
9551711
9430641
9592263
8870658
9263930
9296211
10242072
8766855
12442274
10640658
9023358
8908936
12229085
17618103
9844228
8974434
8783829
8897460
8935152
9827931
10213129
8891896
9091524
9123953
9691858
9056355
8841294
8736195
11089729
13302819
10914001
10126651
8802785
8977284
8952698
10885871
9061118
9086808
9794945
9124560
9024698
11072204
17079201
8659348
9151253
8773403
9326962
8916514
9122711
9778066
9803661
9177240
9234193
9397381
9090425
8890046
8825859
9500601
8904474
9159670
9890626
10162941
9957413
9114647
10151657
9330587
9073259
9804736
9070317
9010176
9014082
9853132
9938112
9849570
8928292
9168345
9280603
9180143
9855560
9073629
9137568
9282536
9505972
9622702
9437271
10064811
8918763
10942252
9405636
9428646
10204839
9492428
9118572
8820739
9034508
9240514
9918033
9050512
8965849
9164399
10217984
8918701
9107987
9800097
8731208
8959243
11407808
9155920
8901612
8961070
8949301
9989620
11031733
8940210
10425480
9122669
10599054
9890910
9264038
9722676
17506651
8753139
8785443
9603200
9195967
8984304
9158668
9122004
9398021
13174556
8776483
9255045
9275020
10579307
11606394
10924367
9196084
9089504
9051667
10835313
9004106
8984351
9082448
10539793
8960406
9186836
9545535
8960579
8907686
9527009
9352440
9058723
9086754
10134244
9426446
9436858
9083716
10571322
9722917
9410866
8940198
9363299
9964982
9362179
8947502
9545757
11352520
16437710
8728148
9296288
8892224
9115974
9697882
9096728
9097209
12908949
8971987
10020662
9059816
9478404
9689859
8942253
9412406
9639951
8904907
9329115
9072359
8979752
8967481
9840903
9814027
9894363
11211419
9930086
10067722
9399949
9929150
9194272
9422463
9409796
11271607
8759374
8975539
10052934
18068207
11729923
8666225
9467099
8758436
9094124
9849076
8928444
9242998
9154567
10313868
10676126
10160349
9173878
9323409
9663593
9481154
9283475
9114751
9318864
9521411
11278189
9214203
9184778
8995907
9173823
10126754
8919889
8886242
8888480
8933962
9201036
9475852
9483630
9034638
9043402
8620424
8806028
8849435
8706772
8645155
8728084
8689054
8683526
8646406
8729716
8700063
8668668
8648240
8740229
9512282
12310992
9419810
8721783
9345793
8782908
8760073
8719188
8696835
8672124
8745803
9616506
8682905
8660781
8777588
8692474
8666708
8658604
8726224
8699368
8672172
9174313
8863254
9759364
8828091
8655354
8729793
9061545
8936450
8821932
8859055
8924626
9247918
8742790
8663389
8753770
8742257
9049489
8857410
9349169
9490457
9158378
9088751
12405907
9502094
8726516
8694481
8702761
8650882
8734544
9244434
8693861
9257802
9364389
9273125
9086964
9067975
9624315
9095523
9728391
9767233
10879732
8661829
8731402
9427565
8728218
8700610
9379457
9102724
8715407
8694804
8800647
8692072
9102988
9142829
8648685
8722754
8687289
8658681
8738537
8823460
9054307
8751011
9625550
9239348
8822760
8842864
9919977
9057779
14123421
8703835
8686334
8692466
8733223
8690616
8793367
9239421
9334435
9270812
9970417
8758342
8678490
8676631
8728928
8694038
9511359
9074542
10329404
9591524
9499758
9327774
11247232
8741432
10122893
11555064
10832017
8652211
9166036
8986414
9466441
8733289
9468236
9238988
8686610
9518040
9320336
9658222
11357541
8752750
9442116
8723673
8688235
8669218
8641429
9137915
8719437
8695909
8766146
9005933
8736018
9106644
9009457
11466355
11508803
10776675
8671254
8651167
10904010
8781701
8853683
8687144
8756822
10125042
8703823
8681845
8808455
8700421
8673452
9344075
9183641
8681536
8677215
8655729
8921268
9347780
8705560
8696570
8671943
9153221
9316454
8980287
9720843
9541732
9363181
15303960
8728885
8703593
13502559
8721421
10909250
8745287
8712553
8723156
8718588
9148884
9632258
8897417
9063953
9317249
9228503
8877936
9719666
9383540
10895436
11852604
13665184
8711964
8691403
9726535
8719238
8692340
8674624
8819440
8683240
8657209
8735193
8688286
8661882
9212356
8706480
8673202
8737111
8877519
9119385
9476874
9667943
8710376
8769335
9148401
11038464
10712437
8679972
8668804
8724194
8981727
9725645
8671555
8642871
8718909
9174754
9001383
9641746
9795750
10802541
13929043
15959813
10403650
8733790
8658717
8733308
9274101
8661126
8734714
8912802
9036269
8738650
9083882
8828233
9308220
9163706
8654957
9046753
9195436
8697370
9173771
8664985
9290418
9098869
8857684
9565130
9662811
9344382
8736166
8874876
9665457
9136573
9914430
9961238
8677414
8679595
8727938
9328507
8666340
8727319
10261997
8838680
8986183
15763420
11939330
8711800
8666446
8652247
8826151
10039878
8899095
9553944
9193561
8727205
8759095
8698214
8940602
8959713
9862017
11657709
8720609
8687593
8722935
9912738
9334369
9734060
8915766
10413331
10459655
9307880
8849787
10932608
9688055
12747725
8707105
10839593
9066681
8740944
8877903
11027768
8710159
8655156
14298851
9331449
8663667
10992120
8658901
10992599
8694820
9098403
11493804
10844649
8680045
9386038
10877246
8723240
8679125
9491257
9000617
9289391
9462107
11164660
8739067
8758578
9095880
9119943
8681452
8991355
9146427
11054928
8800644
11483680
8692154
8673354
8952021
10842574
8709042
8704686
9639758
9982507
14656412
8668180
8726224
8697396
9467770
8691489
8749691
8777681
9127812
9049851
9365992
9421019
13219058
8716199
9077713
8686780
9286317
11191375
8818812
8704962
8779182
14085914
8786759
8683498
8721702
11854127
8669022
8660273
8743619
8700044
9044476
8843992
9186712
9012732
9287413
9220508
9394217
8806453
8744161
8759626
9363809
8973023
8654431
8766095
8814044
9538398
8813482
9090214
9584195
10060266
8900819
8943517
9310133
9113562
9438366
9167208
8754764
9796246
9853564
9394889
8761358
13566317
8941642
9629638
10170844
9784949
8999331
9641647
9703198
9282392
9903569
9881948
11297618
8768078
8701617
10216726
9703043
9370083
9491601
9136168
8691676
9222807
8715714
8855145
9442849
8741890
8936291
9468926
8893150
8845899
9920639
8888553
9267515
9277328
9003903
9422690
10002822
9770947
8689179
9060078
10354807
9774365
9588075
9660190
11123316
9669506
8710577
8905341
9698798
8788694
8754978
8960400
9723765
9595113
10168167
9502104
9187262
10234599
9563159
9481172
10978513
8928855
8677934
8734509
8709318
8668095
9166564
9557235
9112310
8748842
8988139
9050143
12735621
8742309
8911624
8838704
9243709
10377293
9706444
8772272
9459436
9173362
9691206
8728779
9876596
9660653
9333957
9021809
8852409
9932995
9366145
9150536
9735460
10233575
12104060
8733944
9565475
8958855
9313558
8678516
9326044
9345664
11223396
8696461
8665886
9678018
9359818
14877693
8751831
8693701
8661315
8746509
8693870
8668485
8740509
8707033
8679777
8801189
9413863
11168761
8723644
8710214
8691558
8703348
9470283
9108728
9141862
9099882
10508782
9177870
9406033
10500970
9566412
9667854
17482957
13410843
8673576
8692112
8718015
8679085
8669424
8719523
8689438
8676716
8727617
8702165
8701963
17640752
9795244
8700770
8685940
8740692
8722179
8740582
8754553
8662730
8971077
8775402
9935309
8744686
8702863
8894354
9322828
8817453
9569353
9111657
9297214
9323017
9508161
9130997
9403824
8901659
9951112
9584910
9008581
9053193
12365789
8678886
9027476
8729835
8769209
8998533
9093000
9425262
9061269
8824849
9654335
9564165
10284616
9148205
9585607
9372534
8941109
8709545
8891002
9544871
9320169
11655506
11595919
10372276
8843943
9373709
9291630
10171753
8679450
8645838
9730687
10236349
10421039
11556338
10834186
8647129
8758785
9182999
9564872
9681040
9473271
8767769
9016057
8921684
8744420
8926200
9722931
9567434
8830595
8882717
10209190
9661573
11310630
8692956
9371044
8840199
8799982
8704637
8662359
9147347
9604741
15827296
8728321
8768120
9325924
9978191
10204045
8840272
8813202
9783457
10560671
9616356
9037866
8851523
9010533
10413077
9441405
9129549
11121295
8775427
10475534
9829285
10150448
9882202
9019435
8722748
10710444
9351834
9497139
11343020
9978637
9325205
9044232
8930595
9453628
9127598
9743858
8909007
9994635
9541561
9956903
9732639
10155405
9442302
13432242
8781128
10489879
9913339
8832598
8778524
8867030
9323037
9377849
10020765
9312566
9887820
9767520
8748835
8852842
9635797
8828643
8895973
10516007
9832716
9931683
9989426
8925081
8798513
8929546
9874461
9147725
10470019
10455752
9286984
9659063
9005342
9586263
10813428
8860887
10743062
9691277
9984370
9958344
10009702
8897042
9327787
10025789
8871321
9207131
8937346
10275661
8733662
11025509
8773296
9153727
9095206
10718478
8890629
8972407
10171289
10019565
9910265
8807063
9041819
9111787
10971486
8887903
9015126
8911565
8892776
10673827
9536016
10868067
8648646
8909904
9670377
9099043
8963301
9390920
9597008
9059875
10282919
9028406
8871523
9527383
8995604
10594347
9038313
8915099
9022650
10328128
8892585
9057980
9967328
9377739
8855437
8836528
10759297
9787643
9291291
8974476
9292603
10431462
8954520
8749020
12162278
8786486
9449607
8964789
8691645
8851640
10194183
9409892
8998104
9053273
15049261
8785950
9367725
9814823
9381623
8805901
10040217
8790817
8963691
9103406
8858191
9000801
9437709
9092070
9651217
9453840
11307177
9586628
8855887
10169371
9935419
10643230
9002016
8814984
8880662
10198949
9866155
9231274
8928232
10235425
9737006
13847834
8906745
9407706
9617991
9737047
9339873
8759608
8739179
10408593
9393262
10901806
8884596
8786925
8897370
9352384
9296682
9099362
9142821
10292271
9644992
10358788
9627602
9843553
8730517
9485218
9945830
9994341
9107973
9176206
10381078
8856676
8762327
9638456
8945003
9875424
9754544
8817368
8889824
9662098
8851517
8943144
9737845
9569253
9152652
9042916
9107036
9739639
9027444
8797868
8811660
9311898
9415829
9081768
10986800
10594171
9440228
9868641
14121539
10472668
11680669
9765251
9642133
10193830
10085905
9549156
9689501
10265824
10522332
10020624
9655128
9322590
9352577
9315296
11319410
10142818
9558104
9596805
10946256
10090353
9699950
11369363
10030136
10152939
9866346
9862919
10361449
9799534
9696772
9328997
9313155
10507701
9467232
9340819
9506623
9730861
10067712
9587517
12597366
10070356
9876646
9506699
10282823
10205873
9595302
10109507
9613429
9905537
10554816
9524068
10640274
11799999
10392194
9654517
8979910
9863193
10153436
11904924
9569938
9269393
8931538
9191595
9369575
9337598
10363763
8834488
10256472
9253747
8920809
8953234
9476107
9222068
10176305
8999454
10008320
9259847
9644423
8749841
15055698
9668384
9716223
9100356
8859730
9192491
12284787
10122176
9469133
8826569
8825474
10967982
8758531
9335097
8831378
10491148
10412570
9075176
10376631
8866025
9388311
11179956
8933186
9950375
9523530
11633261
8648443
8674400
8818709
9919089
10225817
10555858
9476281
11404347
11081173
12470167
9585721
9721355
9747619
10537091
11849904
10013908
9667604
11309403
9832035
9849736
10073630
10238703
9629647
11820219
11279919
9217102
10054377
11070656
11302661
11573301
10893697
10590716
10302904
9599511
9441644
9180730
9611280
9275134
10876724
9665930
9137515
9368230
9636553
9701383
9635586
10051813
10230856
9805256
10391812
9439594
9477175
11020667
11468817
9812561
10072879
10287333
10188529
9723038
9295241
9563519
10333031
10670584
10459501
9407174
9829227
10339186
10324512
10709044
9826082
9780505
9549323
9591778
11196193
9763309
9878696
10181409
9851910
9681331
9471800
9481525
10442089
9890113
9575731
9774000
11093367
9540753
10389730
9412959
9413779
10441744
10537119
11327016
17014067
10693591
9718239
10210852
11244712
12156783
11011866
10666157
10364372
9783142
10126074
9095371
11799779
9348832
11486484
9325042
9983311
11618681
9595781
9580570
11155328
9814112
9326608
12265147
10308330
11026916
9525631
9837173
11741543
10334451
10029773
9781649
9586977
11377257
12553364
9928174
9398821
10503953
12058326
10178029
9883331
9627654
9362801
12640384
9238674
9504629
10537733
10660051
10884956
11056674
10652637
10395349
9899547
9371798
9134367
9381011
9212523
9580255
9569541
9887991
10006092
9814193
11821607
9793656
9515949
9449182
9312778
9218874
9291500
12401912
9664949
10603809
11141879
11073918
13408990
11265176
9261433
9076591
9677894
9493083
10135990
10315343
10550584
11355841
10286963
10037200
9826499
9641389
10137203
14552803
9595056
12062127
11614867
9781627
9795774
9861363
9796166
11198741
9746984
10022171
9584894
9592810
9683613
9806542
9990688
10275302
10170684
9656138
9804936
11833117
14766725
13433930
8903517
9407675
10583795
8804919
8918544
8947335
11525203
10236007
9604699
9842394
9050216
9122183
9293239
9032666
8903568
8908354
9363147
10376381
9882356
9271234
9035447
9155518
9224613
9394689
9041030
11076480
11478285
8709109
10099897
9477774
8711055
8802808
9142006
9022794
9196088
10220358
8905315
8772621
9592170
8887163
10273865
8754817
8846908
9428142
9996230
9305882
9221725
9434899
11543425
11010044
9843608
9338401
9314634
8815198
10060107
11168763
9442028
13148633
8683941
8666354
9293251
9089094
8903247
10139945
9196161
8981935
9176655
10165843
11215719
10329369
10116160
10686061
9384164
9540010
10240880
9096474
9527702
9751131
9029511
8924848
8968314
8910360
9387166
9212480
8949549
11864537
10577582
8716163
8811332
9862947
9158657
10812117
8966628
8746631
9116173
8911967
10082882
10444273
8729083
8950372
10154706
10407977
8989337
10546670
9959308
9812390
8788002
8961559
11342703
9253349
9495259
10607064
10286756
9318044
9136522
9431484
9512519
8720700
8702992
8797311
11325403
9738148
10185345
9050955
11774614
9885033
10086926
10668519
9803777
9611901
10667611
9647185
10645251
10954917
9557860
9814527
10788336
9599708
10237849
9348668
9139675
9401990
9614670
10120886
10040550
10195439
11776474
10325193
12006010
10664658
9208146
10276096
11322399
11235533
13757809
14516054
9846679
9144308
9352003
11035842
11378258
10664728
10873389
11053134
9798183
13867529
9877796
9804344
9907530
10210956
11389794
9584778
9255920
9805792
9943444
11899328
9976411
11396616
9314167
9056625
9372665
14831662
9458055
8899103
9025352
9708609
9399892
9361733
9285672
10077277
9261354
9096727
9086405
9676982
8963462
8889229
8852805
11225423
8787776
10440266
11861684
9534673
9721234
8688432
9860588
9705016
10507589
8939174
9181955
9053428
10239621
11459762
8705135
9365525
10810625
9477566
9614660
9717922
9701636
8759999
10609354
10479182
8716798
9634604
8911648
9526764
9187504
8765929
9457587
9867284
9411439
10643330
10073649
10772990
8849957
9832091
9140231
10292254
10172965
9307006
11245663
13012161
9705126
10178184
9346961
9106469
8819011
8809889
9090207
9733352
8650506
9882807
9890008
8778323
8881982
9179953
8978830
11060323
10028404
10564534
11586839
10820497
9288697
9140503
9168028
9225751
10156327
8928424
8942832
10247114
9416787
9176616
9746815
9139656
9137611
9466281
8947546
8796859
8725732
8767347
10477959
8996636
9392337
10249288
10161875
8986915
9231702
9291205
9374654
10936957
10433894
11016588
9360318
9306279
9569654
9869453
10183180
14459616
9449767
13008954
9400367
9330425
9504046
8935651
9335669
9315235
9955447
9608093
9259629
10511513
9066570
9977287
11581389
10831582
9167153
9225489
8868785
8962797
9458808
12863902
8749084
9241312
11123665
9174825
9323959
10071185
11589780
11091588
10030834
8851174
8794675
10209664
8854196
9630522
8952892
9761613
8982119
9166252
9679251
8957837
9099797
11549018
10073164
9870302
9553322
9658291
9552707
9162958
9458557
9580677
8755586
8881283
9348430
9600000
8723670
8931244
8882096
9181016
9186146
8871316
9110810
9701352
10180217
10474969
9308979
9267422
9606263
9917820
10100972
10456115
9815938
10494398
9749010
10164783
9512699
10313838
9019473
9931062
11252695
10994149
10313258
8940965
9182271
9451892
9122777
8921400
9069240
9613431
10722886
10701143
9702749
8910178
9486021
11817025
9063045
10815574
8748622
11361945
10551816
9863620
8790892
8962206
8838846
9814976
9226624
9122999
9349051
9211995
9119522
8898124
9313596
9312184
9386141
10586160
9587160
12458050
9727025
8803057
8863628
9617579
17229800
8678004
8674423
8649840
8797094
9698331
8788704
8840656
8897501
10292212
9234468
11616311
11280829
10368034
8800202
10367230
9626760
8782148
10050580
10483961
10158423
8847987
9016095
9739846
8834195
8864674
9851713
10688645
8721141
9646423
8867095
8773074
8916998
8975775
9195284
9079606
8900634
8705098
8672502
9546110
9226383
9824311
8776337
8764884
8855437
9805904
8989882
9628332
8792249
9540944
8670174
13498015
8669158
8902987
9369597
8741210
9447921
9167499
9057866
10013883
10065016
10115278
10507014
10234116
11528906
9562014
10573162
10960957
11282958
11889049
12377430
10240175
9813255
10138420
10609446
10242866
9462203
9843746
10658480
9594634
9769346
10033794
15113511
9309584
10162711
11192872
11450170
11753336
17047469
9488867
9215385
9141582
9815493
12137645
10902069
9442479
9696035
9817646
9775330
10102781
11087657
9909023
9720114
9621446
10255103
9786928
11364525
10876955
10191293
9830000
9831529
10017239
9792658
9688933
9540942
9499957
9594358
9748153
9745798
9785563
10237852
11045234
9960136
10296918
10297541
18128730
10728053
8972015
9463931
9985944
10148656
11060485
12425823
10574263
10349578
9331802
8756367
8937447
9413891
8875600
9034959
9102632
9773239
9149104
9535246
10217155
9487333
9359569
9644495
9833326
9519258
12836767
8766134
11630796
8663874
11211504
8699724
8847648
9539790
9957193
9154521
10929362
9349982
9281313
12981262
8731336
8718275
8763140
10876853
9728430
8806627
9012876
12408663
12477613
9067218
8889120
10154905
9628922
9003446
10975971
10246860
9028557
14371204
8778100
8853991
11011733
10892637
8807198
8916883
9116652
9058224
9017412
10929589
8853045
9257440
9496011
10109643
11930234
8684156
9428892
10809049
8806312
9091491
9213720
9797139
9223917
9049826
9129886
8939241
8773446
9826278
10558630
17530829
8690933
8830659
10962628
10975965
9555006
11471159
9888630
8969458
9066279
11128965
8903107
8895626
8759034
8657208
8728576
10032906
8774884
8937366
9841401
9098911
9006440
8835182
17551516
13977846
8774873
9117260
9328402
9066515
8921868
9166350
9273422
9220884
8972210
8723758
9578890
17522023
12518691
8676363
8712029
10626999
17543778
8722169
8693254
8687904
8677969
8738236
10569600
8711129
8851353
8989789
8839571
8925261
9221117
9255226
9344148
9338056
10134696
9088864
11118443
9854839
8791309
9477476
9080815
8888366
9344089
9245645
8992813
9066261
8743357
8802596
8863729
9110855
9588774
9070386
10104189
12519126
11728949
9988692
8850991
9769894
10384707
9957141
11051670
8922623
9190752
10288743
9768147
8683425
8646243
8722742
9813385
10064191
9157897
11143396
8938587
8855960
9197246
11157742
9200214
10020591
9247668
9554240
11122361
9087681
8848929
10223823
8777907
8681741
8697552
8720263
9493969
8768305
8825996
11154181
8817469
8956768
9097855
9469679
9383343
9036590
9214950
10884593
11827183
11322976
9182890
9285644
10205463
9779417
8796773
9993396
9201552
9626144
9282736
9174760
8975354
8738945
8650437
16796858
12625450
9021439
8722297
12759818
10349421
8867216
8804807
9488219
9650231
10108518
8769664
8923025
11180891
8993601
9192570
9479462
11394291
8800480
8653511
8685675
9587916
9993289
8784021
8866361
9086444
9650105
9627503
8949352
9045386
9055231
9975166
9120217
10694838
11491415
8635297
9751527
8770123
8930016
9072166
12778256
11403452
8639267
8730085
8991651
8945269
9116390
9289026
9139351
9284978
9595243
8990531
8807116
9501399
8749077
8783771
9870610
8864859
9622980
17575515
17423640
16587417
8724028
8704662
8681138
8746981
8792130
9460618
8779086
8938152
8899668
8986404
17754725
9520185
8720227
8688970
9058305
9596695
10382034
9118056
10552419
10332420
10452820
9147314
11459340
9122346
8969791
8838893
8730433
8640153
9065020
8752560
10563143
9562712
9049946
9081651
9550287
8863641
12292757
9460423
8670957
8786536
10520147
10306815
9752549
9631759
8994111
8757955
9495769
8975915
10952753
8822438
10508970
8920074
9018396
9049464
9723602
9917556
11983344
9275721
10505316
9453750
13682106
16321600
8685838
8686008
8745846
9852885
8738120
8738486
8788167
8902941
10079396
9242462
11011932
11668811
8747352
8919772
10249972
8974920
9544147
12119452
8860646
8739908
9724796
8819813
8990607
9081596
10556114
8804717
9788704
9506530
8845384
10475167
9049867
9009155
9229625
9306615
11507807
8665158
8716273
9620981
8808954
8957776
8830465
9349821
9879641
9986572
8832248
9403615
10247963
11793303
10261301
9993322
9229153
9045977
9469039
9601018
9619346
9627634
15479772
8700762
8813881
8826454
9853699
9084473
8791291
9367154
9426141
8966789
9422934
9306535
9100528
9920684
8789737
9080043
10290666
13034596
8735261
9380426
9266117
9019885
9749765
9720120
10156875
9791350
10348591
9777026
13060513
8710335
8903853
9238483
10225848
17578377
12114318
11469999
8759705
8820681
9961333
8792711
8952953
10672271
8710364
9140375
8681873
8798178
10003263
8786998
8802891
9128206
9191226
10687426
8980808
9553887
9577890
9845044
9981500
8677975
8698885
10763825
8857688
9431634
9347706
10829573
9331000
9280444
9449409
9370559
11060549
9484065
9526567
9318010
9268041
9710854
9852864
9916158
9863269
9266995
10667162
9290814
10475583
10675529
9457335
10106125
10822768
11653062
20826644
12445384
9308530
9415382
9307586
10188484
11562309
11882648
11452717
10858496
10295405
9740653
9241682
9341132
9984371
10924000
10729312
11111299
11797545
11040752
10742816
10232682
9660042
9337660
9079625
8949358
9615947
9619324
10716186
11622212
12242287
13291819
10490902
10069050
9740823
9313838
9404878
10377317
9091853
9593539
9336009
9544941
9709291
10121047
10116876
10492207
9351877
9323873
9997733
9861617
10059044
10420309
10229467
11868390
9719352
9294058
9744806
9500266
9844141
10002590
10298742
9925177
9693330
9574472
9512735
9545735
9304886
9578964
9804896
10364283
10437418
10573791
9374182
9516757
9984505
9357351
9254907
9298954
9999478
10153560
9525539
9906923
12661482
9493101
9649201
10234485
9145512
10030798
9366804
9724959
9764611
11110054
9316259
9472665
9666331
9699684
12485647
12338111
11353662
10944842
9852581
10214324
8826712
9138240
9280192
10645753
8967035
9515831
10061421
8878333
10301708
9015185
9226216
9419148
9074595
8922889
10998154
9039536
11855685
10929284
9594853
8883316
8962141
9486175
9837714
11268743
8736029
9011061
8780925
10228008
9671301
9250632
9199491
8902280
10052327
8896338
9474636
8909451
8710166
8734381
10772842
8693212
8801209
9768539
8723091
9099309
9061801
9891452
9142271
9170704
8684337
8673710
8806529
10173026
9277160
11515151
9481568
9610638
17876209
17418274
17473365
10756775
8921427
8889442
9107556
9595530
10128266
9335771
9123294
8821111
8729860
9904743
9114611
8911248
9121659
9096427
9451083
10959788
9598213
9885409
9955837
8862370
10552748
9255914
9202708
11640001
9136610
10479383
8701584
8676953
8769746
8950659
9081778
9742885
11957089
9574880
9574106
9105702
10108727
9381013
8716681
8874907
10013703
8943951
9847278
9111879
9488791
9759794
10151741
10634126
8996030
8729695
9603677
9761966
9642941
9242985
9777265
8857202
8861949
8881539
9169795
9101694
10619633
8889832
9723836
10948360
8894368
9076021
9619077
11867964
9661162
10316312
8908703
10305348
8843073
8792914
8745637
8907773
8953772
9175647
11388441
9025683
8873128
11205591
8986673
9592903
11388226
9946913
10977626
9204744
11340325
8899719
9147511
10261958
9637865
9241861
8930169
8725602
8705533
10333207
8986043
8884078
9000457
9358306
17612284
17032330
8694716
8744917
9411318
8869644
9753012
9011974
9649729
9227176
11826772
10066467
8952614
9220719
10819890
9035943
8943467
8794104
10233508
10643535
8723061
8731524
8891645
8982825
10370310
8919247
8929659
9472812
9053191
9450948
9062164
10253815
11030738
8668832
8827274
10765711
10975904
8964355
9176503
10976920
9221394
9092627
8846480
8722423
8684993
9526475
8759266
9166539
9073817
11487361
9105646
8904833
9133676
9659843
9019418
9003710
9452220
9585725
9730699
8848186
8916926
9453754
8787425
8912701
8926143
9808158
10335882
11670197
10111948
8884249
10438630
9223632
9316391
9687334
8934831
9959891
8739177
8726971
9725497
8943665
10876846
9516887
9809193
9215050
10777268
11169683
8950119
9203805
11003220
9480394
8996481
9376474
9364281
9107459
8979074
8672011
8705527
9541489
8910559
10399803
9267507
8818176
9798439
9870849
10709977
10391041
8824573
8898831
9048530
9337132
11502916
8712842
8833545
8947936
10431222
8726739
9044878
9473118
8777730
10450085
8942333
9098152
10644414
17645073
9071645
11201771
8726992
9556575
9392408
10511873
9114428
9188564
9342719
10846644
8975185
8778664
8654559
8810734
9573202
9894582
9325816
8863719
10702456
9376453
8835013
10957771
10513527
9976387
8811857
10389393
9209196
9723795
9286310
9031342
8805932
8756960
13525541
8915417
9572234
10230803
8836530
10584423
11249203
14386738
9620266
8792535
8960870
8927817
9737630
11718153
8888827
8879876
9077180
9831862
9119067
9014724
8913389
12985341
16685267
8642352
8723518
8688255
8967272
9639175
10746789
8737700
9013990
9197608
10021840
9651107
9889340
10244441
10410911
10919639
9397669
8787624
8727217
10481201
9962851
8860701
8967512
9159130
9550482
9029749
8888733
8806371
8817327
10374302
9271476
11531835
16636009
8679347
8706722
8886250
8874680
8917998
9060782
9067001
9893774
8904015
8999997
9548646
10470773
9511676
8740450
8919578
9071467
10532078
9174857
9300537
8931607
9062263
11829505
13280571
10780053
10419794
9144260
9304081
9405652
10828754
9188266
8983130
8673584
8929361
11326431
9809836
10739509
9029321
9179842
9542692
12054859
8665968
8915881
8694512
8951798
9158791
9803578
9949445
9748609
9016217
9115868
10215760
9148563
9203659
9467692
9136912
9061993
8950831
8657948
8719935
8680279
9331063
8900371
8908053
8874166
9421224
9142293
9072968
10359347
11577288
8695297
9710720
8777677
8998784
9084136
10083523
8936945
8873758
8710660
10666008
10147781
9536477
8859955
10168387
9132236
9590510
9836859
10702918
8770288
9007818
9800462
8828606
8942375
9952295
9612673
9192082
9338576
11126086
9055172
8824185
9544387
10389580
8997826
8950707
9104310
9366804
9186089
10391969
10568287
8716467
8678909
8638655
8704831
8918435
8890094
9243835
10341671
8965413
11588691
8920235
8649524
9962369
9909065
8901630
8817402
8958873
9071913
10002848
11224017
9097992
8717076
8857475
9766226
9867118
9743406
11332096
9101290
9019455
9126396
10189416
12477727
11259452
8645497
8981539
9260603
8684020
10824582
10003794
9620364
8804933
11200489
8797319
11098102
9193478
10327225
10897760
10948493
8891138
9366545
10127276
9287452
9233543
8814489
8685096
8675558
9097299
8735519
8863867
9385531
9867049
10107634
12407887
9242409
9192473
9832603
9852981
8952739
9146713
9581520
9113725
9833972
8675631
8864594
8767407
8856463
10794324
9800832
9041851
9103067
10278702
8893489
8858564
9460790
10762220
9130422
10134414
8858799
9141225
9067645
9379348
17641948
10195429
8643842
8721761
8677345
8644953
9143162
8688548
8855262
9251753
10470434
10105130
9917006
8970323
9104666
9304561
17710926
12207469
9910188
9681724
8750275
8887097
9110000
9725765
10602446
8675121
8850426
8722895
8968145
9235905
9066139
9543189
9118412
9047933
8864371
9433416
9430291
8818077
10822327
9362513
10388449
9187396
9384223
10232543
9842625
8985712
9115760
9121751
11977908
9217002
9702101
8883642
10834722
8919105
9135421
10012228
9025299
8801276
10005003
8790013
10871668
8779121
9019934
10328194
8857635
8840597
9347640
8980225
11186909
9112923
10757135
8844223
9148668
10494112
9087120
9025675
9902564
10623141
9867984
11780155
8705741
9914242
9700659
9036766
8967414
9067268
9160785
9483482
8634324
8702828
8677815
8991450
10379426
9582081
8944161
8989786
9102909
9545386
8949533
12876145
8652913
8707339
8682651
8774217
8703510
9407105
10692839
8750430
8919964
8880010
11132599
8701355
8698372
9098257
13182305
9204845
10102237
10195670
8846374
8978485
9952481
9233213
9641999
9073853
9426602
8932775
8927260
8736556
8712860
16027174
8714687
8676548
8980453
8673769
8766922
8829416
8909335
8783641
11863910
8994672
9815857
8947256
9081711
10602091
8747655
8638770
8716983
8685870
8737283
8719899
11072900
9348523
10752546
9627453
9268748
10080249
9288016
9267731
8892486
9149690
9783219
8718813
8680931
17454231
9988258
8712256
8670963
16401078
8703378
8667542
8646554
8704219
10127101
8676088
8647538
8980491
13124830
9007086
9329931
8661173
8714770
8677713
10926517
8790833
8710597
8679019
8640796
8716092
8673791
8643990
8717148
10030374
11218110
8767827
10618861
8815938
8842220
9550158
10812697
12058683
11391917
8915571
10309999
9296987
10433064
8936367
9109234
9649077
9000536
10336822
10655412
11047126
9116396
8793456
10159246
10985865
12208330
11039547
8962335
10308482
8700159
8950907
8908470
9684797
9012155
9094772
9523766
12280531
8687630
8668788
10656488
9075261
9160009
9811987
9219571
8986663
9114150
10425776
8877732
8722951
8676972
8648258
8765923
9553186
8780580
9067362
10037118
16954175
15894115
8700559
9334063
8681290
11222808
8710447
8681378
9517940
10633825
11981677
8642875
8714810
8679387
8648629
8723528
9496817
8975844
10855977
9316830
8898943
9028969
9973456
9493248
8911012
9201510
9758842
11089647
11847919
8850796
9584355
8872008
9081418
10295433
9961843
10446158
9585633
9021669
9085155
9459125
9213111
10230773
9254944
9103080
9284169
9957878
9078974
8943868
8783196
8651663
8630080
8718691
8677656
8651665
8884716
8924825
9012209
8778086
8834617
9823210
10991480
11752847
8695830
8691204
8970827
11207439
11686537
9254306
10184546
8739173
8882902
11222201
8886920
9010688
9099407
10991382
8882703
9119204
8688571
8709688
8711646
10411535
8719393
9102748
8763653
8946474
11219471
8685895
9029517
8800593
9091339
9799450
9253352
11276261
8860487
8883390
10182758
8975567
11338838
8828509
8843951
8704304
8670135
8650151
9436320
8744017
8908309
9034545
10070704
8681636
8791394
8885382
8896091
10665397
10131422
8759077
9001383
9277978
9150905
8976057
9091070
9390650
8983654
9182075
9538902
11627527
11615480
8813840
8730633
8793803
9401927
9572392
8755577
8988444
10115381
10256049
10079886
9328505
9911815
10391577
8887625
9071448
9450518
9097565
8855172
8911059
8716929
8852059
9662882
8777752
10041118
8918638
8646273
10658979
9536379
10201248
9180070
8852306
9124655
9444831
11254854
8675147
8693154
8741580
10832102
10191701
8750125
11214459
9110595
8890582
9063738
9546863
9425486
9122701
9410346
9359049
11127513
8668258
9614030
17559128
13025405
8643007
8707969
8668107
8636458
8705314
8677784
8658166
9176980
8673657
10486072
8649702
8713807
9664865
11624921
8665577
9786033
9965548
10170501
8702365
9010077
9908299
8857613
9312459
8631803
9497609
17435704
8641551
8705006
8680323
8641315
8853372
8856325
10419008
9945031
8906511
9674870
8895309
9007871
10732435
8885664
16766037
8670521
8657610
8710733
8953587
8690037
8651586
8720898
8703953
8644649
8718032
8690407
8656080
8628754
8717435
8856662
9617024
8735967
17614090
8635818
8810746
8955660
8776784
9336742
8851887
11017864
8782948
8916379
9075700
9092074
10838783
10561361
8877105
9115373
9140887
10164892
9034890
9393229
8656572
8716330
8694681
9166018
8994105
10246182
8772264
9031052
10206026
9361570
12448327
9652943
8822860
9059702
9399563
11161773
11590076
8687969
9724526
8777730
10684568
9244780
8969862
9118257
10315945
8836341
9351423
9891430
8867664
8903903
11490804
9456714
8823184
8702090
8896267
9601345
9017474
9202907
9599344
11811382
8784192
8777687
10041318
10083159
9600764
10866552
9661568
10489637
8726785
10538795
11815986
10077326
8888451
9093794
10165185
11171255
8710443
10992848
8674362
8646688
8710552
8673057
9395629
8668610
8635005
8881637
8710325
10228949
10922006
9781019
8830957
9065960
9961807
12540729
11863489
10085239
8675346
10922143
8669550
8755372
8684091
8658666
8715862
8671112
8641382
8995417
10061882
8723086
8682209
9106662
10082280
9319027
8793320
8985149
10198433
8726916
8643361
10073314
10057415
8928762
8821590
9044911
9339923
10314965
8662463
11871923
9747032
8636146
8691034
8683134
8718733
8769623
8635254
8714919
8668755
9714462
8862456
9822044
17476065
8714570
8677317
8649656
8727191
9742039
8634289
10217986
10149644
8707832
8906099
9498993
9329903
8977774
9127119
9826130
8963026
9784116
8680811
8671920
8736040
8684749
8664402
8912430
8658331
10163512
9960057
8872323
8959708
9911102
11778538
9499657
8664675
8635084
8713573
8686058
9375509
9810926
9574973
8738434
10662444
8842385
9448764
17596475
12605237
8729719
12706129
8635151
9140030
9779536
8733618
8808264
8847018
10518251
12382567
10930512
9178784
9025609
8682263
8904904
8656915
8867093
9180504
8978409
9082755
9425289
9053735
10356426
8671477
8631191
8700516
9651984
11564404
8915347
9023915
8805867
9058077
9688827
10180401
10042943
9878661
8887387
8995293
10013851
9418225
8881468
8732876
8837963
9084002
9279757
10932997
8662834
12706927
8693992
8667337
9695551
12600262
10618024
8676899
8868255
8826646
10959047
8722165
8961454
9736464
11747590
8713136
8667236
9772096
10332176
12256351
11185375
8829667
10691919
8717743
8829100
10115980
9792978
10292256
9441547
8912230
9518494
10189792
11909818
8640580
8647590
9422168
10437732
10538216
11592697
11648481
8642321
8844918
9724755
10664601
9107936
9017671
10709501
12440430
10903297
8697006
8671351
8645130
8952450
8671048
9758747
8860874
9083803
9701457
8943388
8727442
8690833
8705550
9432107
9352405
10369217
10978154
9632021
9625418
9139690
10735801
9708786
8888342
8809552
8701433
9506205
9354138
10259508
10392161
8724408
8839325
9429252
9043037
11581586
10225552
8961203
8985730
12326806
8648162
13105617
9274240
8712805
9073447
8906542
9102129
9986405
8906629
8718600
8670850
10041035
9356727
8876709
9050935
9373455
8913553
9434717
9515632
17605810
11720840
8638855
9442646
8948739
10833639
8753583
8888500
11753257
8689704
8711696
9810511
8714585
8932300
9807886
8852415
8960452
9238812
9070698
9054003
9403920
9171275
8783994
9308522
12194585
11027283
8803895
8712366
8669440
9755381
11767374
8645831
11493460
8713149
8743506
8633566
8706490
9099365
9978642
8792073
11572125
8805205
8808106
8984381
10256474
8834492
9509721
8803036
8942382
9106490
9069066
8911762
8633026
8705883
9541910
10198563
17523237
11734783
8724503
8675812
9475111
9903857
8744431
10188284
10193570
9022287
9072119
10605903
9084548
9098347
10069902
8944719
9282662
8705507
8673327
9216904
9192328
8670537
8990116
9206976
8776457
8928673
9113252
11491405
12578792
11534655
8695710
8663844
8641902
8623110
8795777
8668130
8645693
8735646
8693912
8659688
8675527
8701511
8687583
8651846
8632910
8716386
9185824
9016591
10563262
9888511
9425709
8896719
9069003
9290619
8905108
8840039
8863688
8906763
8840636
9291793
9224327
8923872
9117038
9755630
11017076
8683645
8651626
8643385
9137146
10094183
9808253
8907614
9051088
9219383
8849980
8919191
9683793
8867987
8633247
8723365
9583191
10058791
11128579
9734792
8963260
9105210
10330175
14184937
13467971
9437898
8694615
8663253
8644047
8717152
8664067
8641569
11327508
8673466
10174946
9969392
11809513
9061563
8969432
10378999
10725057
9597819
11650169
9948359
9333045
8818654
8878490
10674608
17489481
8698674
16820068
11514412
8685818
8669970
8767892
10686536
8822102
9973736
9711873
8879319
8938008
9805541
8865376
8746569
9784582
10568760
8669661
10133541
8713362
9169448
17394258
12666134
13258507
8804309
8669017
10067440
8766702
8673566
8637424
9951362
9386884
8854108
9080600
9069698
11805444
11421578
8720654
9110731
9935722
9675508
11312417
17503888
11967798
8656519
8714635
8852090
8714404
8674289
8641474
8711755
9348802
8710563
10390628
8792792
8650833
9894985
9297277
9912516
9550615
8866546
8862459
10348879
9407852
9072276
10718440
8683836
8652757
10154992
9872283
8641919
8993699
9932136
8821873
10891355
9671039
9003349
10645485
8908333
8650426
9069954
9366082
8699809
8777070
10523287
8819722
8968901
9108771
12625752
9561033
17460613
8680928
8644066
8623875
8722856
9351116
9792870
10315150
9671658
8788666
8947481
9644143
9040513
12184385
9994434
8701902
10224518
8630641
8704373
8993207
9157850
8748992
10869204
11389489
9981093
10238891
11813021
9181402
9178973
8733425
10620183
15786749
8890527
9417011
8692009
8654346
8671967
8785128
8649708
8709500
10033804
9395126
8715722
8895037
10995392
9857033
8788469
8981017
9601879
9762409
9999171
9372929
8756627
9022652
10339913
8728663
9501879
8710743
9877670
10380813
10954198
8944000
9136806
9234136
9550617
11949720
8639181
8709841
8687740
8652307
8630528
8863065
10427761
10272179
9768594
8852610
8736457
8851722
10112249
9159457
8902077
9792307
9397544
12423172
11183254
8670449
8632498
8696194
8655383
8635965
14903324
8954519
11461899
8671788
8732319
8669019
8666040
8699644
8669056
8633387
8692726
8663929
8637156
9178082
9142002
8684672
9661192
11178781
9744806
9921417
10091295
9092186
8814187
11068773
8893028
8923921
8834896
9603316
8876331
10055904
8985801
10897270
8884761
10228392
9945392
8919044
12455615
9411667
9890304
8896566
10237986
9035357
9118208
10231236
8881562
8743398
8635181
9283814
8892630
10229117
8767255
8887911
10114041
9388326
8787460
9638083
8934097
9303988
9342631
10956480
8659619
8636556
9354388
17565438
11388841
9150077
8673866
8653307
8713191
8697687
9272238
10727411
9405642
9160842
11147534
11181216
8933975
9396355
8811093
9912713
11231005
9274902
8941475
9102639
10539081
9039304
8852381
13763195
8659919
8636556
8713993
11768731
12789189
8712309
8689344
8655091
13228192
9280084
8658254
8642122
8716195
9425258
8894366
10618895
10095272
10264678
10326758
8835291
8961954
9994221
9920528
9042369
9840508
9089206
8925067
8736398
8655166
8643155
9169148
9558453
14252804
11210012
8679109
8658861
8718678
8678912
8660003
8630235
9309517
8871003
8685397
8645552
8704481
8669046
9549779
8644594
8912664
10854058
9255596
9710453
10843653
13120120
8704384
8670362
8639550
8703559
8662713
8653247
9664724
9629020
8726541
8836827
9428913
8817038
10538194
11188962
9125636
8686980
8654679
8621732
8700250
8677932
9566708
8732181
10734316
9840847
9790127
8921512
8840254
10205201
9266124
8777658
8951725
10415517
9441922
10127022
12241559
11108918
8649603
8625441
8707747
9426381
8944333
8919188
9104418
11314550
9009425
9127824
8889554
9575309
10751439
8884054
8956941
10343842
8930943
8904356
8940853
10329954
11283669
9000174
10463408
8865818
10073755
11145139
9558843
8965618
9121364
9753373
9036999
8810915
8649733
8633678
8890635
9965816
9277684
8731846
8896115
10050368
8732413
9071981
9423979
11518494
8629573
8711600
8670360
8659942
8636273
9658912
9025130
8892628
8918605
10108958
8738958
9052917
10078151
8894141
8775461
8661977
10384699
10059908
8829287
8900391
9203322
9136798
9113936
10405349
10106129
8626335
8715079
9263607
12518656
10255495
9314969
8748419
9628986
8909319
11003874
10610678
10471883
9168266
9498803
8654127
8827077
9692054
9075737
9592940
11375733
8683847
8654043
9525963
10133888
10454064
9480262
8764834
8987631
9085824
10124280
10145627
9817726
9728022
10234433
8784230
11342272
10027711
8961871
10209495
8737036
8958339
9311996
11686409
8701488
8798869
10412604
8839403
9621941
10726820
8769903
8920815
9711045
10513004
12410338
12501400
8676330
10830516
9363372
8720300
10402539
8686497
8913517
8841605
9218208
10761548
11762341
9698938
9502604
8812799
14506148
11415436
9344615
9112017
9657279
8707355
8857667
10611063
11776844
10204135
8842247
10140956
9578585
8994595
10179223
9021015
10475629
9708994
9364109
8895614
9092628
9601776
9843192
9087578
8972237
9092212
9071680
8787508
8706384
11784500
9318408
8662448
8755498
8665804
9312243
9733382
10001428
10441199
9356957
10991669
9172144
8851932
9072840
9056395
9152152
12039479
9563127
8716217
8679923
8654677
8713481
8672158
9354761
10144130
8787933
8986660
9095649
9716182
17422210
11212017
8625366
8693693
8683041
9069162
9150522
9798988
9675022
8763200
10928797
8714636
10917254
8834359
9164204
11705170
8786257
8807981
8916525
9214379
9959940
9043655
10338045
9880735
10785233
9658517
10420431
11522894
16602777
8646903
8916822
8678193
8695939
9760967
9798086
8681179
8992583
8841319
9598613
11405292
9403467
8757714
8732207
8833456
8932495
10061669
8638953
11771088
8669769
8640653
8720262
9033718
8739624
9758584
10011042
8878037
8864757
9215544
10127132
9451654
11867537
8738964
8894126
8949141
9101324
9041498
9237438
8944108
11609394
9479034
8972275
10044525
10057456
9142151
8734876
9012319
9177977
12532723
10165393
8672678
9514505
9050663
10516882
9238419
10588670
9679453
11365309
8823220
8965717
9319891
9248814
8882626
8966699
10073503
11291798
8688349
9291138
8876851
8842005
10085437
9178061
9789161
9879925
8816098
14767653
11399091
10854149
9012118
9377120
8734314
10072377
9745330
10060620
9815680
8955564
9339994
10662432
11905967
8638378
10934562
8660897
8714560
8682381
8656408
13645395
8714924
8701099
9681309
9720131
17550077
10683904
8687470
11386840
13743564
8670957
8648209
13723592
8715336
8670309
8649527
9498315
9394726
9220955
8763729
9382373
9381356
13575773
9363918
8697644
9677480
9882631
17411489
17394713
13056749
8701991
8657925
8642033
8708092
8685134
9287391
8912790
9592793
8960632
8861328
10133668
9452503
9369947
10406541
10426014
9053612
10689519
12453963
10014786
9695829
8863125
8900964
8836260
9830432
9772724
8877287
8916730
10573207
9700691
11998252
8862016
9650612
8783235
11302797
10732823
9106327
11224137
10053359
16326387
8713269
8682109
8652934
8633304
10115589
9726269
10415718
9321143
9771931
8902079
8857418
9297128
10985229
8900391
9152126
10304921
8919361
8758752
8674951
8875126
8717629
11433654
10013865
10365511
8909705
8719017
8833232
9067733
8994097
8942983
9101818
10132291
9034583
8969084
9111631
10184194
8871945
8739428
8779132
11122922
9511852
11205295
8873237
8829698
9412662
10938375
9498710
9132746
9253853
10222416
8877160
8691070
9495697
8972996
10272070
10760982
8681412
11101365
8648035
8624129
8709438
9398348
8748763
9918443
10192908
9251212
8837922
11536400
16581770
8724818
8732949
10539920
10282750
8682253
11289899
8710650
8672227
8658605
8629651
8706947
9771387
9472663
9157365
8650899
8769904
9898200
8753986
8696768
8703102
9658029
9365832
8872959
9033528
8939626
9144844
9026615
9307262
10129385
10975051
10701974
9690008
9637385
8740258
11227775
9052359
8877187
10624713
8877960
8711672
8684036
9387333
9917320
12547427
10834017
9702601
9933318
8735891
10620914
10973288
10734756
10930800
10110862
10936098
10047747
9260272
8862146
10393421
8777558
10952920
9516071
10674365
8690924
8957197
9269554
8938510
9682253
9649979
10409053
10163499
9968012
9669094
8908955
11936141
8662178
8629568
8757895
8718582
9680938
8678562
8847967
9079395
8844780
10811221
9584197
10420423
9567194
9685026
8718013
9784194
9021947
10164381
8875425
8778417
8645697
8780196
8757381
8917675
10321007
8662217
8714148
8670917
11470759
8650515
8713676
8669581
9560901
9529388
8788679
10736458
8659747
10639348
8863944
9382096
8973362
10658318
10240782
9358281
8990129
9076791
9423816
8875593
9989616
9461493
9541255
10457233
9622899
9973624
8917432
12018770
10661446
9444276
8738815
11210389
10044139
9317726
8749118
10912752
8912904
8828614
9952213
9966659
9100818
9635061
10978006
8973027
10833674
9158524
11522705
8810567
9029877
9145114
10169309
8934912
8645916
8722242
8904265
9257068
8851954
8955450
9580795
9218454
9060157
9698313
10215974
9111771
10324344
8978450
9338036
10031785
12265967
12610676
9610510
8707439
8661340
10192104
10770043
8965274
8845730
11408983
9996226
9463104
10345400
8909928
10671942
8928674
8933458
9117338
9734793
9235836
9031372
10153637
9231253
9056767
9251066
10995433
9004576
8741598
9253288
15654535
8647919
11783690
11521212
8673852
9150787
10235430
9077620
10410156
8712060
10390703
8726280
8959856
10162672
8919891
11938343
8701143
8664002
8638502
8756434
8664047
8660351
8968477
10121247
10351947
8722706
9063821
9528520
11848913
10027846
9943365
9551224
9256169
10744386
10505546
10212410
8705742
9178049
9183440
8728174
8670322
8883322
10651404
9006343
8817053
9277450
17544538
11150728
8681488
9151731
10094506
9495007
17432009
17501786
14040901
8681664
8640560
8623877
8832385
8654057
8630016
8704075
9023897
8816002
8726124
9292079
10083399
9903839
12198391
12021114
8703453
8656239
8631334
8697455
8657766
9563861
9265503
10197456
8648985
8883757
9940545
10317448
9947123
8752572
8862406
9123863
10369558
9023471
8854507
8884357
10038311
11108795
17454006
11048613
8662582
8631913
9689131
8766097
8711588
9598655
9690909
8708078
8803403
9550040
11125873
10218185
9312128
9662504
10024436
8847881
10938384
8795846
8889524
10479539
10528385
11083702
9366218
8901815
10372263
9131888
8969701
10421513
9519120
10654640
10009690
9042063
9029154
9121075
10940528
11557130
8655824
8718478
8667323
9625179
9122941
8700155
8718287
8932725
9401771
8818203
10530366
9809835
9090095
10605495
8887456
9114046
9379927
8848372
10034664
8684451
8912192
9479374
10788312
8814983
8800971
9025187
9205333
11203822
8910147
9013532
10736659
17561040
10665534
8673547
8632477
8690957
8659989
8630970
9605202
8690146
8650306
8626566
8894304
8637035
8699044
11416584
8684760
11635387
8641256
8700874
8671364
8642396
9267722
8650988
10152647
8689369
8643521
10626990
8698235
8669513
8632347
11196248
8654636
8720912
8673818
8667799
9938654
9176880
8807878
12694175
8674403
10128103
9591605
9743108
8657977
8638012
10408667
8641339
8834967
9726427
10359129
9749974
11514555
9460224
8731190
8836756
9134092
8822076
8833325
9022870
8706062
9059630
11468913
9796516
10259529
9436713
9504102
8827764
9226272
10135470
9203043
8969624
9368917
9988751
15194142
8711195
8673691
8654864
8709072
8666871
8733952
9671947
9799796
8772170
8847991
9551789
8862886
8883725
9316523
9442877
8716553
11028022
8851761
11045043
9743362
8776923
8909106
9414679
8996228
8883725
8967465
9102630
9024103
8792593
8660015
8776052
9441938
10300763
10683638
10169705
12254253
8941711
8629191
8697268
8655128
8625324
8692164
8657824
8632202
10216121
8662587
8627156
8856843
8644945
8704000
8682274
8638950
8706053
17593237
10797619
8704174
8894046
8677332
8783574
8681394
8643495
8720798
8677833
8627901
8697933
8666494
8701299
8687364
8646929
8704682
8680208
8660378
8689610
8651077
8703146
8670537
8984828
9797548
11912601
9252766
8664480
11853823
8682720
8639243
8745458
10766354
8895488
8684022
8649663
9197279
10385956
9658756
8835738
8837251
10496927
10252334
9831315
11047800
9736064
9105358
8916901
10759582
8654061
8630612
8706640
11722915
8647253
8713949
8684973
8727089
8716639
8671169
8658087
8631992
12103906
9058975
8897690
8632247
8905625
9899894
9939469
9399362
10862355
11594513
8982380
8662403
11547285
10085394
12462090
8642310
8706396
8673308
8652008
8624106
8780515
8650913
10103436
8712543
8804910
8701636
8671065
8817573
8655970
8713746
8675477
8636623
8703919
8669278
8679150
8695001
8656989
8703319
9211808
10019616
9941027
8735732
10778950
9228117
8881567
9483031
8931077
9220711
10745879
8626182
8695584
11509534
10323136
9255831
8634872
8703938
8661230
11717938
8699488
8661534
8641673
8708151
8665426
8637823
8712557
8674862
8629843
8693807
11805150
8699777
13393202
8699305
8655461
8638951
8703937
8667037
8641063
8710833
12124620
9383775
8697193
8659146
8638350
8689785
8692348
9019192
8984105
8694804
8985371
9875090
9532687
8936247
8850278
9532816
8916747
8991899
9745895
11346546
8622735
8698194
8736091
8635380
8716000
8681629
8651943
9397737
9513601
8654063
8911185
10911770
9740124
9401263
8775574
9256926
10763753
17403067
12029292
8704140
8670592
8640340
8718015
8825540
8694796
10463288
8666381
8633554
8708318
8661179
8638295
8711221
8669275
8641153
8711972
8679684
10108083
9250676
11377714
8784230
8666241
9393467
9099417
9411212
10596137
10043097
8743103
8850330
9260725
8904443
8853474
9266942
9081492
9697478
8922046
9664826
8985522
9338568
8903292
10768227
10703917
8685146
10828175
8721538
10931903
10090860
9723206
11486178
9903244
9378035
10015242
8919424
9108095
9709410
14346761
8634913
8697765
8667127
8644098
8628409
8703966
8709181
8641062
8704798
8675103
8641437
8706033
8960551
10027686
9694862
8698998
10809055
9680011
8978509
8937144
9453210
9894737
10275026
9618442
9003217
10862100
9900715
9097366
8990950
9477737
9478432
9773046
10338695
9735436
9252139
11377338
9362809
9434244
9020393
11011608
9345533
9623067
8867436
8834115
8843938
9955952
12391982
11092506
8767821
8630290
8693718
9041537
9788660
8858094
8828152
10245633
8810490
10116925
8641961
8703039
8661430
8631777
8703376
8648616
9791007
9677212
9202364
8899073
8910881
9996090
8824306
9038025
9203052
9867859
8947925
8749532
9408567
9086734
11044294
12189387
10805368
8728433
9562804
9499587
8888599
9868606
9577529
9134836
9410724
9106857
8939822
8750058
8634935
8705885
9344275
11326969
8629618
8925081
8633479
10553459
8753733
9779151
10346498
10261658
9969911
8883615
10056182
9088856
8895993
9046918
9200748
9827953
10056549
9807357
8777635
11308005
9231540
9408126
8910681
11719492
9656920
8696392
8651722
9642380
8840198
10172130
8975263
9779502
10046469
9793758
10599940
9386197
9394808
9251291
10466588
8863028
8678577
8655851
8968759
9612221
8643877
10405942
9986585
8818877
9511155
9693381
9521645
8821083
8983782
9115525
10540841
8769433
8682553
8756959
8896850
8944302
9829531
10277573
9946463
9773963
8926031
9122980
9332182
10064654
9233187
10128320
9700261
8651443
10852000
8862412
10974352
9105037
11200942
10711599
9527765
8727048
11096635
10209629
9851353
9769093
8783227
10996684
9803635
8811899
8992096
10291530
9013749
9134928
9817640
9000631
8740794
11010320
8692799
8670196
8637241
9480742
10515652
8920776
8848536
9771477
10102690
9970793
8750475
11112508
9059740
9020176
9356608
10024365
9051758
9116157
9452502
11243282
8680728
8976348
8771577
9026067
9879990
9757647
8684315
8663915
9217361
9294157
8740838
8983999
9289332
10844216
9131348
10567098
8944301
10470044
8762725
10496881
8763418
10550269
12156087
10002876
8798545
8679931
8652630
8823372
11078095
8904287
9858678
9589755
11143834
9367336
8732606
8906948
8868986
10371016
8803007
8696496
8898754
8997500
8905961
8951916
10444888
9013221
8710191
9481722
8746547
8856483
10049522
10438817
8745795
9811431
9619113
10058193
10911664
10016875
8885640
8874519
8914662
9623426
9012516
9163635
8876341
11935974
8675302
11451964
8637728
8847225
11043429
9807887
9185488
9986716
9067774
9147267
9345607
9322371
9298014
10138848
10841683
9859783
8763857
9083600
9581835
9281470
10515809
9467231
9087049
10731756
8833358
12233786
8651774
8635212
9867940
9476210
8762155
8912373
9375718
9231999
10573396
8968144
11254652
8892420
8813374
9553241
9253731
8696663
10715565
9062635
10451780
8877032
11297713
11244092
8709646
8749339
10491398
10184509
10634510
9327675
9983082
10859139
8802119
9014241
9845402
9893898
9925655
11593792
9291606
8799241
13067644
8895242
8837782
10690959
8935670
11773139
9711604
8715141
8940666
9145890
9962891
10843997
9405231
9012688
9861832
9180436
8992338
8768411
11206340
12381724
15126020
12682674
11778404
8706169
8649848
8851667
8654366
8769168
9888618
9092157
8677386
8781545
8696708
8667656
8987465
9378815
9915136
8894202
9024934
9884081
9948664
9055841
8927187
8891076
8984359
10892404
9800862
9664472
9237561
10572256
9165513
8921796
10984744
9213776
11227243
9660693
10387587
9306999
8711473
11018546
8877444
9082934
10385473
9409163
9116199
9135671
9078243
10807789
8907955
8697459
8707442
8701891
8637297
8711885
8675389
8701373
9101217
10028056
10553179
8818000
11280984
9280353
10979303
10235083
10962991
9830590
8815610
11114588
9256378
10153824
11316094
9760410
8971257
9091786
9718699
8845206
10070082
9770377
11022619
8882073
10633299
9415528
10904280
9312796
10708675
8932757
10684763
12407627
10293526
9006017
9089330
9016359
11018547
9859559
9988024
9951360
9267415
8895960
9078505
9842729
9566426
9284003
10423566
12307465
11966843
10063363
8649706
9074851
9184059
9283174
8776430
10989999
9500374
8774486
9857951
11131335
9452348
10663496
10811383
10260102
9034287
8970088
9052772
9188143
9002543
8774661
8647078
9290349
8927797
8708786
8832488
9905503
9047631
10224857
11947099
9000934
8847101
8904856
10511635
8715123
10070450
9158561
8697351
10184513
9143393
9049201
9311358
9093177
9808577
8869944
8627775
10463941
8816484
9905099
8965216
10378388
9593904
8697474
10328856
8849259
11236704
10830603
10070473
9651718
9138561
9927385
9753145
10327334
9959292
8940084
10343671
8818912
8862516
8898602
9715771
8625131
11480637
8699458
8871080
10221311
8651676
11832444
8927807
9812122
8691768
8874168
10555613
10031381
10356513
15147578
8699179
11436282
8680959
8735287
8685266
8709381
9888027
8820283
9131141
8695560
8901445
10273817
8684693
11296036
8888945
9560941
10536850
9091603
10048335
10520126
17492963
12600315
8696941
9139103
8636039
11195045
8669880
8626475
8685016
8662786
9586302
10026896
10248103
10194999
8984354
9991802
9124066
10069516
9450706
10279419
9074043
10977507
9657113
9987343
10306894
9804685
10270699
8809478
9292233
9050505
10374534
8894348
8748553
9191963
9267706
9044102
8938014
9431652
11978939
8671798
8640182
8702571
8661140
8638351
8688175
8914809
8689622
8632031
8693746
8662306
8637809
9314336
9622149
10374741
9348451
9070606
8980349
8884685
9730018
9299173
8889350
9455521
10944532
9516424
8935188
9017152
9401687
11930082
8676684
8648977
13684798
8704294
8866962
9426889
10696402
14884992
15261403
8782692
8660354
8646249
8713653
9744964
8678359
11066252
10389070
9770355
10189320
9005693
11218242
9323126
8850999
8931227
10188429
10575663
10273122
9546332
8773656
8935839
9396375
9056068
9456050
8896132
12588451
10687119
8663480
8635239
11074791
9207130
9148029
9366451
8890261
10430272
10395972
9601067
10277170
9939481
12118679
10577080
8970741
9750183
9617524
10812416
9056720
9715406
10391658
8801357
8902103
9347760
9266498
9471577
8962200
9400872
8913087
17456595
10218418
8685144
8645861
8715322
8771104
8745187
11127159
8698771
11047601
8638397
8710140
8887413
9608757
8688688
9834024
9154956
8876417
11563020
10285921
10039575
9959213
9025089
10192349
8784157
8866398
9850392
10058177
8901754
9905872
8943328
9243443
9084826
11514441
11117047
9249030
8644977
8627454
8698292
8675382
8643281
8711267
8745320
9549463
8637354
8748750
8685660
9772207
11665918
9587468
9235417
10193288
9311847
9625166
8859155
9064035
10240611
8704812
8730164
8762380
9573149
8945694
9870285
9936891
9143831
8831053
8887054
9968252
9178309
9626626
10099952
11477688
8692381
11351718
11896604
8647982
8708879
8676382
9623861
8758846
8697350
10095006
12975527
13673821
9281815
9653292
8614929
8660834
8636779
8701918
8665462
8641853
8712145
8699565
8651788
8629036
8750300
8721854
8626680
8698180
8667498
8640092
9094083
8740810
10109367
9130509
17466450
17438440
14544081
8699608
8667091
8633081
11771756
8687289
8641939
8716878
8719870
9086244
8669558
8850243
8652821
8702508
8665723
8633974
8710410
8674222
8658610
8630411
9618054
8678989
9038195
9658015
9470770
11680461
8702714
8676426
8641242
8714433
8679415
9474178
8655597
8637966
8704859
8681213
8645612
8711455
8676312
10559175
8655455
9970116
8644669
8711420
8672857
8647549
8621643
8697085
8939647
9263960
8770634
8984509
9985363
10001501
8793826
8994126
9398198
8902481
8627326
8701130
8649735
9738952
8817766
9587992
10425177
8653391
8626874
9126189
10053601
9025380
8789570
10228727
8829724
9342840
8891249
8742136
11908152
9553233
9553692
17694662
14164077
8670850
8642146
8710106
11717367
8731149
8708800
8675674
8818562
8804041
9539774
9833133
9483025
10123437
9843435
9971827
9426986
8756880
10555260
9080309
8763696
10637544
11583471
9558764
9705851
9838684
9681532
8675605
8908864
9384418
10182256
8750172
8885047
10982410
8692239
9000942
8667421
9026869
15926164
8649062
9193929
9611569
9538399
12211623
11379607
15834223
8646869
8711535
8673703
8643158
8711296
8667958
9735002
11284924
9526094
8883420
10937594
8993772
9592607
9783895
8782075
9946765
10504685
9605152
10146847
10776695
9356064
8914504
10566388
8790391
11037535
10222070
9914511
11196226
8704230
9153707
9458058
8709493
8891058
9684372
10194117
8652960
9435805
8640033
8696983
8765264
12488286
8713073
8743034
8995578
10862955
8853012
8817784
8971700
9843384
8799085
8866601
9680009
8821327
9495970
8657982
9184618
9622444
10212329
8880150
10216582
9707433
8811164
9008161
9972674
8723116
8640996
8692726
9417411
9330502
8712976
9859206
8991196
8824262
9086218
9791971
8749910
9179379
8710985
9915346
9445699
9363224
8810405
10810108
8631614
8713153
9560216
9427610
10122572
9092787
9068790
8828675
9469163
10351880
9633880
10439896
9921559
9245799
8788753
10491368
8869447
9847449
9002246
9647791
11956120
8662967
8634517
9545871
11737280
8822551
9729204
12278329
10812377
8672256
10780559
8681800
8641254
8770680
8654908
9155246
9737503
8827431
8749932
8680547
8907488
9915362
9989474
9622039
10083066
10529267
9157038
8811069
10300130
10065556
9878139
8986563
10138310
10737998
8945937
10165594
8934764
9035715
9262041
11695850
8642660
10079329
9556097
11399905
8711720
9388391
9254700
10893251
9787111
9205485
10701336
10249391
8755636
10102129
8905551
8783192
9167358
8777436
8935999
10136072
9133207
10433613
9190527
8914704
9576643
10810845
8650486
10932336
9625151
9645878
10300393
9052956
9496613
9860333
8898413
10252109
10959481
8724418
8647194
8742417
8651334
9323577
8663395
8839484
9332526
8919080
9103443
9123457
10006983
8897870
8792186
8629274
9216598
10178364
9320423
8875195
10139218
9139230
9400400
8813651
11103772
9872330
8735441
8793832
9497184
10114792
10153191
9052210
10171951
10121940
10357563
9634491
8806240
8865632
10104224
9875476
8771912
8960412
9110398
10659017
11484068
8746869
9047222
10033851
9714336
9537834
10038458
8940780
8762699
8875041
9989055
8676399
9227463
9757057
8824187
10988374
8893191
10875938
10481560
8895491
8868131
9876856
8692846
8658853
8621811
9929823
9623276
8666629
8824918
9182145
14640438
8720005
8656814
11142255
8900786
9054914
9868983
10355534
11779359
9080203
9989494
10181829
8866540
19678902
8645317
8631153
8688930
9399680
9693982
8814278
11017583
8711743
8799213
9248385
8912432
10278070
8840067
10491731
8713870
8657413
8672678
9310819
9365176
8824008
8940177
9366301
10563496
8719541
8652414
9940621
9758824
9599430
9406611
10414866
8871070
10222298
8861614
8948144
9643243
11774396
11510466
9055721
9821614
9056482
9994914
9562158
8833280
8944569
10118294
11827629
8666466
8625994
8961751
8695727
8658784
9106559
10132166
8701898
8669822
8701786
9573723
9692956
9236431
8917291
10737168
9923599
8850587
10288191
12576649
17580587
11575364
8692277
8760653
8666626
8637021
8702053
8662720
8628701
9327890
8696433
10311273
8865078
8956701
9680631
11780061
8682168
12939187
8911825
8725417
8719693
8672950
8641540
8697658
8658065
13701214
13582485
8666326
8627480
8690299
11311641
8695739
11287784
8698875
10264658
9877062
9669558
10048112
8820703
8844493
10406983
10290894
9561161
10266262
9881802
10019385
10527370
9000907
9727920
10477895
8891805
8825366
9255752
9234544
9335438
8862209
9604707
8928642
10314448
9899911
9126595
10640457
8838233
8867438
11561704
9756849
10122436
9466515
8817183
10596134
12189075
10317572
8862257
8836721
8709553
8827284
10022976
8703158
8869650
10043243
11846744
8679156
8712158
9940215
10297487
12302715
11188785
9338944
8637206
9467723
11474003
9216049
9519814
8883225
8860532
10798337
8857464
8877057
19432796
14167065
8700396
8659237
8619737
8683866
8645569
8744074
8806345
9416056
15912014
13598390
9466921
8650755
8701658
8784067
9625582
9964185
9328410
8761580
8943872
9079639
9584266
9605328
9177389
10784154
8754049
9540531
8910793
10219229
10175353
8878969
8865348
9334291
8918331
8792820
8658272
8631155
8704510
10311684
8979309
8880470
9667371
9320722
9031501
10423380
8832881
11078846
8839161
8684547
10996438
8657108
8713191
9171573
8992687
9295512
9060122
8876814
9842580
8861280
8619696
9452556
9660795
8838196
8868061
10635141
11429559
8717343
8672690
8709238
8694674
8881037
9022721
10176808
9883618
9402923
10115972
9598176
8716819
8901490
9768789
10220998
9121135
8765483
8853622
10354953
9930475
8954044
10681338
11736681
9117930
8708409
8905873
11036535
9010044
10714797
11373032
8691217
9949623
8787250
10173641
9638968
10376229
8808191
9198874
9553404
12111131
8834567
11503797
8708960
8692403
8623694
9049411
8773186
8825391
9745643
8911063
8849399
9388220
10741550
10612044
8942459
8696474
11024315
10068689
8971060
8847743
9962503
10168397
9001100
9117318
10918442
8846071
11693240
8638605
12772082
8659428
17559096
17612815
9144529
8669743
10541156
9692406
8663911
8624248
8774262
8668653
9752478
9384141
9877339
9701823
8653355
8819860
9573364
9333084
9957352
9914174
9797836
8717499
10695270
10163772
8713418
8835992
9479481
9029972
9713675
8866894
8773302
10389449
9755858
9552132
8839214
8929826
9963365
8751962
8805243
10967316
9314288
9160836
8651888
8975456
9630576
8974056
9078402
9530891
9593945
17565844
10804801
8672901
8630888
8690156
9672843
10077202
9499266
8856193
10061545
10165393
8866453
8951239
10819691
9673978
9177313
8875132
9294293
8934819
10312612
17532045
10930975
8690213
8662182
9821530
9225988
9862676
9033460
10105705
9737429
9658624
8991505
8908468
9756147
8842470
9066204
9204569
8830595
11227273
8715809
8665351
8905167
8647856
10587600
11846356
8642617
8702568
8663523
8633873
8720053
9436594
10117283
9611046
9710679
8801664
9492539
10383429
10204055
9226630
8840941
8996181
9280883
10443154
12207453
10668779
8883357
8696328
8654334
8726136
9118444
9070721
8878557
10017361
8738237
8917614
9134109
9591086
9179345
9492915
8971891
10578030
8667678
10800636
8915433
8940821
9370049
9985645
10776200
9228316
8924847
10881796
12205078
10738134
8646489
8707367
8712256
9079239
9600140
10273981
8645268
9167038
10498711
9774556
8695213
9484160
9575676
9081963
8827222
8981746
9213529
8974950
9685871
8855965
8753814
8616991
9358590
9285419
8879579
9391744
9245692
9124367
9138616
10650311
8826644
10025944
9034605
10123541
10756424
8697101
11708507
8656939
8686196
8646621
8750574
9256352
9675528
8742081
8632640
9263634
8758478
8886445
9414578
10150158
9373581
9718430
8869648
10931581
17559480
17452944
8910426
8648364
8707683
8661248
8780289
10017684
8863014
9458824
10813209
8789665
9015624
9433468
12394360
11819846
11829102
9570175
10173536
8639875
11615581
9555335
10768006
8700844
8665408
8867702
8854785
11538780
8686417
8642254
10593548
8687528
8643584
8704159
17664339
14472151
8655938
11301012
9091505
11831111
10318822
8683912
17049782
8640944
8712119
8656554
8671632
13667884
8645352
9695012
8682661
8625502
10085378
8674398
8624804
8789864
9189227
9595119
9807649
12987201
8636038
9411034
10631635
8704455
8668654
8640755
11156231
8698227
9511533
9200498
8756207
9158535
8897381
8904769
10255503
10850021
9530223
9018368
9182170
8768088
9813669
9440677
9178924
10071317
8880188
10936497
11167648
8657224
8820009
8671445
10165998
9343590
9998597
11792548
8738425
8667591
8662475
9420875
8633917
8698803
8676208
8636424
8689466
8650883
8617753
8690691
8764988
8693809
9914486
8673854
9400708
9906016
10558442
9948517
10775988
9529449
9154574
10018333
9806318
10000994
9752734
8654890
8888108
10651525
8718036
9994110
10044696
11455490
8637947
9509514
8696570
8656471
8625709
9144332
8670516
8639055
15333001
8644571
8696192
8668075
8626666
8697806
8654943
8704771
10913961
8671201
8652138
10936298
8707203
8689600
8621614
13747894
8731474
8721568
8646227
8707869
9037738
8664650
10230390
8673821
10423256
8649036
9872821
8618911
10858238
8719988
8846091
8689619
8648177
8622898
8700319
8805727
8724267
12920910
8660558
9775763
8658418
8626556
8725685
8748480
9669371
8668983
8626808
11064747
8685864
8638630
8843829
9322038
8691213
11301103
8718854
8664345
8634724
8739575
8685831
10997137
8656629
8696391
8697808
8640042
8703769
9931319
8694961
8655378
16791857
8689740
8660145
8636975
8705131
8660588
10482052
8646627
10431915
8633867
11321275
8666515
10518942
8636010
10514687
17813583
11394202
8694061
8651876
8617198
8677408
8647311
9741229
8716685
8702764
11455301
8669730
8620595
8816255
8770679
17480602
8712663
8644604
8708724
8665601
8772130
8675466
8639670
8700065
8665044
8623280
8685050
8650357
8711643
8686206
8718310
8666214
11844887
8667866
8706457
13740712
8626944
11796964
8632475
8831427
8629764
13437031
8701964
9323937
8685373
8650224
11686444
8854995
8614564
8692781
8651849
8627486
8683937
8657909
8713000
8660980
8616924
8801488
8621689
8699257
8647411
8728084
8648922
8620335
8689677
8641917
9026158
8702442
8650665
8710067
8667464
8714964
8677291
8629534
8704058
8658242
8629378
8823644
8632052
8838028
8625267
8691136
8639303
8703801
8653996
8621265
8688993
15380272
11268900
8708739
13599625
8656777
10766029
8676334
8631490
8707540
8673035
8647023
8704045
8677843
8941748
8948509
8662213
11202137
9578292
8687287
8650730
8620147
9025800
9248935
9743792
9780579
9729279
9945517
13490315
8890038
9839973
9828195
9292109
9531418
10287971
9668772
8761673
8865053
10366222
9773034
9726477
10102058
10160368
8967244
8864930
10597551
8911861
10011606
8672617
8665554
8710350
9374860
9383788
10213637
10045404
10061658
10155494
10040217
9896187
9373490
9543420
10781290
10501546
16951291
8648724
8630430
8685078
8651357
10183381
8680269
10099383
10127441
9001436
8677630
8793009
8670392
11680626
12510687
8719457
8657127
9391442
8637080
10008206
9228369
10306138
8772083
8832907
9277921
8832367
9186895
9631360
9237743
10457559
9605298
11864306
9465148
10224494
8699100
9992679
9120449
8670657
9580801
8894598
11025731
9911594
10030568
9044252
10092802
8674542
8867522
10409553
9516033
9970496
11304422
8650640
9156765
8670801
8634919
9311701
10065295
9275811
9614031
10371063
9063399
9893417
9050744
8707124
9816170
9013077
9639204
8827973
9051372
8932367
8892985
8733114
11685543
12796081
8644053
8708723
8668201
8621877
9224940
8723609
9145634
10337354
10311340
10071052
9447167
8835188
8884665
9643394
10445115
8695333
8846902
9018496
8868681
8772931
8695194
11331876
8725523
8657519
8731044
9521976
16530720
9319515
10889425
9535601
8690766
8645688
11127494
8685233
8641520
8693605
8666363
8620942
8781103
8626938
11636225
9928663
10057011
9701800
8707953
8661451
8707882
8670366
8687506
10102893
9099933
10033606
8818105
9917834
9277042
8742098
8879434
8890172
9747769
9834252
9800148
10129527
9047096
9441591
8958553
9474543
11090235
8665715
10761762
8672370
10560286
8625838
8773360
8645313
8709604
8677212
9456375
9850688
17416626
16131243
17537157
9318853
9000463
8916196
8627001
8783497
8641259
8710043
8661059
8625543
9002266
9293302
8641297
8701044
11005648
8656792
8705556
8662843
8617069
8699955
13528306
8634623
10848561
8632748
12387675
12467422
9777970
8694032
8645130
8738520
8874533
8687811
11090072
8621456
10943674
8693451
8653934
11149170
8745159
10647412
8692936
8650493
8621348
8684150
8637931
8701136
8660360
8624820
8697463
8653160
8939584
8638094
8696931
8668067
8628981
8699173
8903160
11590739
10948106
8663428
8630911
8693829
8653428
8926097
8982137
9469155
8780005
8694174
10041588
9413893
10495522
10656026
10322134
9110948
17986215
8697908
8644960
8718655
17427133
14781819
8620147
8682702
8645630
8695362
8654864
8613873
8683724
8642673
8617966
8677825
8645350
8707335
8669934
8631988
8968497
8689050
8660171
8628695
8698056
8663153
8633251
8706627
8659068
8624949
11438771
11342392
9730428
8944772
8634933
10603998
8690104
8661687
8627893
8691024
8650259
8622279
8687748
8663241
8960167
8626379
8866467
8708068
11301646
8746384
9397734
8650448
8676698
10332662
9256371
8661041
8858565
8658884
8622647
10894461
8699854
8659637
9938994
9325802
10102893
9219001
8825919
10441761
8944086
8961448
10514851
11882431
8679538
8647937
8712421
8668308
8625248
8729904
8825457
8705226
9674547
9087357
10454147
11667038
10872257
8640176
8696139
8660332
12987291
8624212
8683082
8637098
8698271
8655987
8734273
8669936
9951750
10103809
8691680
11780921
