7594
6010
6021
5991
5926
6041
6071
6146
6133
5942
5916
5939
6309
6384
6055
5997
5985
6116
6309
5988
6024
5940
5938
8279
5972
5992
5984
6184
5955
5993
5955
5957
5952
7066
7424
6521
7316
6035
5979
5891
5971
6413
6328
7464
6209
6091
6146
6025
5953
5964
5936
8083
5974
5943
6620
5870
5910
5929
5946
5914
7393
5877
6052
6106
6568
6528
5958
6242
6465
6020
6720
7154
6113
5821
6386
5835
5883
5928
5806
6142
5820
7311
5799
5790
6501
5798
5807
6045
5929
5830
5975
5822
5966
5834
5844
5847
6805
5801
5797
5857
5944
5990
5784
5825
5780
5814
6177
6172
5838
5783
5941
5853
5833
5841
5883
5823
5940
6286
6192
6113
5919
5830
5890
6087
5908
6499
5936
6247
5866
6251
6089
5981
5986
5815
5926
5835
5858
5851
5852
7351
6078
6237
6508
5874
6299
6018
5926
6071
6324
6136
6321
6060
6699
6002
6210
6174
6234
6160
6044
6235
6190
6417
6302
6238
6243
6230
6154
6338
6325
6459
6355
6570
6265
6312
6332
6256
5903
5851
7117
5944
5908
5983
5943
5970
5863
5888
5878
5913
5906
5921
5953
5985
5920
5930
5968
7107
6694
7701
7044
6835
6805
6673
6787
6656
6819
6733
6653
6658
7166
6579
6756
7016
6639
6668
6793
6853
6766
6693
6714
6766
6866
6847
6857
6796
6810
6727
6835
6899
7122
6366
6049
5864
6092
5882
6029
5950
5986
6331
5936
6006
5936
5983
6281
6171
5971
6046
6218
5990
6062
5892
7062
5901
7180
5911
5878
6015
7304
6196
6114
5860
6067
6089
6543
6796
6084
5972
6506
6001
6095
5861
5850
5871
5844
5839
5829
5805
5834
5832
5840
5858
5839
5870
5849
5827
5799
5799
6081
7933
5792
5832
7048
5827
5852
5839
6238
5864
5833
5946
5931
5938
5939
5834
5810
5923
