61
124
121
117
117
92
136
91
80
68
60
60
107
110
110
110
115
115
114
110
112
116
120
120
119
100
94
93
93
93
93
93
93
92
93
93
93
93
93
93
93
93
93
93
93
93
93
93
93
93
93
93
93
93
93
93
93
93
93
93
93
93
93
93
93
93
93
93
66
69
61
60
59
59
60
59
60
60
59
60
59
59
60
59
59
59
59
59
60
60
59
59
59
59
59
59
59
59
59
59
59
60
59
60
59
59
59
59
60
59
60
59
59
59
59
59
59
59
59
60
59
59
59
59
59
59
59
59
60
59
59
59
60
64
66
64
60
59
59
60
59
60
59
60
59
59
59
59
59
73
60
59
60
59
59
67
65
60
59
59
80
81
64
71
87
63
61
59
59
59
68
59
59
59
59
59
59
59
59
59
59
59
59
59
59
59
59
59
59
59
59
59
59
59
59
59
74
65
64
62
59
59
59
59
59
59
59
59
59
59
59
59
59
59
59
59
59
59
59
59
59
59
59
59
59
59
59
60
59
59
59
59
60
60
59
59
59
59
59
59
67
80
69
60
60
60
60
62
65
65
62
59
59
59
59
59
59
59
59
59
59
65
64
63
59
59
59
59
59
59
59
59
59
59
59
59
59
59
59
59
59
59
59
59
59
59
59
59
59
59
59
59
59
59
59
59
59
59
59
59
59
59
59
59
59
59
59
59
59
59
59
59
59
59
59
59
59
59
59
59
59
59
59
59
59
59
66
64
63
59
59
59
59
59
59
59
60
59
59
59
59
59
59
59
59
61
132
64
81
66
76
66
59
59
59
59
59
60
59
59
59
59
59
59
59
59
59
59
59
59
59
59
59
59
59
59
59
59
59
59
59
59
59
59
59
60
60
59
59
63
64
63
59
59
59
59
59
59
59
59
59
59
59
59
59
59
59
59
59
59
59
59
59
59
59
59
59
59
59
59
59
59
59
59
59
59
59
59
59
59
59
59
59
59
59
61
61
60
59
59
59
59
59
59
59
59
59
59
59
59
59
59
59
61
63
64
62
59
59
59
59
59
59
59
59
59
59
59
59
59
59
59
59
59
59
59
59
59
59
59
59
59
59
59
59
59
59
59
59
59
59
59
59
59
