394
184
190
369
346
187
182
180
182
182
184
180
192
182
189
186
181
188
184
180
183
187
183
186
181
183
199
185
183
185
186
185
187
185
191
190
183
184
183
183
182
192
193
185
190
184
189
219
192
183
194
181
185
192
190
187
191
192
180
181
188
188
181
188
180
181
186
195
198
198
189
193
182
191
191
180
191
182
189
191
190
185
191
197
189
185
188
189
204
221
187
191
186
182
188
192
184
187
186
193
187
195
192
186
189
190
188
184
192
186
226
187
184
181
184
182
188
185
181
184
186
187
182
191
184
180
182
185
180
186
187
192
190
182
182
183
183
186
184
185
187
180
186
185
182
188
183
187
182
186
185
184
185
196
186
182
185
181
183
186
182
182
188
182
180
184
185
186
183
188
183
183
180
