7424
7504
7420
7480
7441
7490
7435
7428
7437
7485
7494
7468
7422
7450
7426
7451
7462
7411
7432
7403
7417
7418
7562
9094
7406
7415
7389
7406
7433
7472
7398
7408
7613
7840
7456
7405
7409
7421
7414
7407
7424
7416
7422
7419
7428
7497
7448
7515
8076
7455
7515
7386
7426
9094
7991
7641
7754
7399
7567
7376
7396
7411
7389
7478
7375
7405
7427
7392
7466
7605
7369
7324
7395
7362
7272
7332
7397
7263
7273
7320
7304
8216
7977
7399
7602
7391
7250
7269
7251
7215
7260
7263
7298
7210
7228
7237
7246
7272
7239
7492
7220
7224
7534
7230
7260
7297
7242
7207
7228
7728
7223
7565
7262
7249
7624
7254
9245
7229
7246
7249
7469
7207
7316
7750
7389
7238
7236
7228
7246
7219
7220
7248
7263
7348
7330
7373
7321
7348
7312
7237
7459
7483
7216
7473
7417
7245
7423
7463
7213
7413
7557
7477
7455
8136
7578
7304
7431
7333
7352
9143
7381
7212
7332
7333
7211
7552
7331
7422
7380
7327
7429
7280
7586
7377
7251
7344
7314
7311
7740
7764
7754
7822
7563
7439
7308
7349
7304
7332
7770
7428
7319
7392
7355
7357
7468
7357
7279
7374
7445
7732
9385
7532
7292
7413
7515
9536
7305
7405
7865
7365
7437
7423
7731
7349
7566
7271
7383
7348
7317
7668
10967
7509
7645
9759
7453
7391
7303
9378
7675
7314
11586
7370
7387
7363
7693
7356
7370
7249
7300
7299
7270
7276
7287
7272
7275
7281
7287
7289
7296
7295
7509
7286
7355
7255
7302
7304
7309
7524
7266
7265
7274
7290
7266
7278
7278
7280
7266
7277
7299
7580
7280
7293
7279
7281
7289
7283
7283
7287
7290
