6115
6530
5984
6014
5981
6076
6085
5999
5992
5993
6940
5969
7269
7278
6034
6447
5991
6032
6104
5988
6029
6145
6135
6225
6230
6040
6115
5945
7406
5951
5967
5956
6007
6001
6021
5976
5989
6054
6033
5763
5899
5968
5766
5762
5764
5867
5824
5775
5787
5919
5744
5745
5734
5750
6124
6008
5815
5753
5809
8098
6961
5745
5742
5739
5972
5922
6545
6010
6279
6203
6332
5913
6048
5892
5985
5759
5905
5799
5921
5764
5937
5762
5981
6726
7178
6859
6918
6573
6772
6771
6726
6158
7133
6692
7858
7742
6785
6815
6734
6261
6723
6745
6709
7731
6732
6681
6702
6702
6681
6196
6696
6691
6522
8210
6707
6645
6676
6711
6684
6736
6729
6715
6197
6726
6012
6614
5962
6062
7277
5978
5973
5997
5953
6283
6087
5898
5921
5973
6926
6079
5992
7166
5962
5955
5984
5969
7023
6492
5976
6007
6029
5974
6079
7527
6098
5909
5979
5953
5979
5954
5970
5966
5980
5928
5945
6063
6156
5986
5792
5867
6036
5778
5802
5816
6396
6362
5778
5787
6554
8143
6273
5757
6214
6104
5786
5825
5926
6054
6339
6432
6137
5982
6019
6016
6204
5957
5758
5775
6086
5960
6496
5935
5890
6084
6012
6587
5880
6290
6084
6316
6012
6124
6289
5920
5955
5899
5944
5918
5926
5917
5943
7168
5902
5890
7472
6889
5904
5898
6020
6167
6006
5993
6017
7229
5855
6207
6285
7053
5872
5894
6129
6861
6474
7308
5863
5902
5952
5980
5866
5910
5888
5893
5921
7250
5908
5870
6110
5843
5998
5884
5972
6088
5870
5833
5974
