5064
5494
4704
4733
4733
5994
4712
4699
4714
4669
4687
6170
4714
4710
4734
4778
4704
4698
6131
4692
4681
6262
6664
8465
8461
8459
8459
8461
7773
5006
5123
5747
4697
4715
4724
4677
4703
4696
4698
4712
4772
4866
5933
4790
4793
4688
4739
4719
4703
4707
4717
4709
4714
6089
4692
4709
4707
4737
4687
4689
5541
4883
4833
4696
4705
4698
4714
4681
6015
4702
4705
4682
4689
4693
4699
4731
4659
4669
4690
4699
4712
4697
4742
4703
5863
4707
4700
4729
5839
4694
4710
4694
5858
4698
4714
4690
4692
4696
4700
4700
4873
6067
4719
4883
4887
4847
4763
4705
4741
4655
4696
4687
4674
4695
4989
4678
4700
4750
4825
4870
4777
4724
5419
4986
4720
4739
4697
4705
4839
4704
4861
4675
4710
4748
4876
4875
4796
4697
4709
4676
4706
4707
4690
4706
4736
4705
5805
4689
4692
4710
4754
4876
4890
5445
5982
4712
4653
4665
4711
4701
4739
4717
4708
4688
4693
4703
4710
4701
4711
4713
5511
4693
4659
4749
4640
4658
4667
4704
4713
4651
5910
4659
5264
4665
4690
5538
4831
5951
4652
5096
4658
4703
5378
4718
4742
6104
4693
4708
4877
5946
4697
4723
4831
4699
4731
5507
4718
5295
4796
4828
5689
4714
4748
5486
4776
4706
4741
4711
4746
4748
5150
5009
5017
4795
4823
4808
4886
4857
4931
4903
5779
4925
4874
4996
5005
4996
5385
4751
5332
4881
4861
5589
4833
6473
4829
5174
4840
4862
4898
4962
4953
4984
4955
4927
4913
4925
5186
5100
4982
5114
5631
4903
4945
4939
5056
5151
5338
4854
4878
4959
5016
4976
5140
4981
4927
4986
5030
