1494
2163
1484
1480
1489
1473
1473
1486
1473
1479
2346
1513
1495
1481
1540
1482
1478
1498
2332
1840
1480
1478
1502
1484
1502
1481
1478
1492
1481
1478
1492
1480
1491
1480
1480
1490
1481
1480
1483
2340
1692
1480
1483
1481
1481
1480
1481
1480
2108
1484
1484
1480
1478
1481
1473
1479
1472
1478
1474
1477
1472
1483
2341
1779
1485
1488
1483
1477
1771
1478
1479
1492
1482
1491
1482
1479
1484
1480
1481
1481
1473
1474
1478
1474
1587
1874
1985
1955
1923
1474
1474
1476
1474
1478
1475
1473
1475
1478
1474
1482
1484
1483
1498
1480
1481
2085
1895
1500
1481
1495
1477
1480
1495
1480
1481
1493
1473
1489
1473
1477
1486
1473
1478
1485
1473
1480
1474
1474
1476
1475
1474
1489
1481
1482
1482
1482
1484
2338
1935
1483
1483
1494
1482
1495
1478
1481
1503
1490
1485
1496
1482
1488
1483
1483
1492
2339
2371
1517
1474
1477
1473
1490
1473
1474
1491
1474
1481
1482
1473
1498
1519
1473
1492
