2100
2133
2083
3163
2091
2084
2074
2086
2073
2085
2075
2091
2073
2086
3195
2425
2083
2073
2194
2080
2095
2155
2119
3020
2087
2190
2073
2089
2138
2394
2071
2099
2637
2103
2082
2156
2321
2073
2074
2178
2078
2072
2160
2094
2077
2072
2163
2107
3260
2368
2224
2154
2192
2518
2089
2061
2195
3152
2087
2199
2224
2101
2155
2183
2148
2084
2165
2190
2077
2077
2336
2084
2078
2717
2245
2997
2221
2167
2073
2085
2251
2139
2061
2193
2207
2135
2203
2404
2138
2074
2194
2223
2112
2092
2258
2143
2146
2382
2411
2144
2174
2199
3284
2876
2179
2071
2108
2220
3355
2254
2209
2188
2093
2153
2197
2085
2093
2254
2502
2188
2307
2145
2467
2135
2103
2110
2109
2209
2238
2262
2215
2159
2125
2076
2075
2074
2073
2088
2076
2101
2117
2174
2169
