8690
8731
8691
8646
8693
10096
8637
8602
8921
8794
9709
8633
8831
8603
8641
8680
8605
8593
8614
8609
8948
8427
8839
8402
8366
8317
8380
9118
8547
10807
8668
9236
8587
8496
8457
8340
8846
8762
9354
9099
8363
8391
8388
8556
8550
8300
8394
9628
8525
8379
8415
8373
9841
8409
8389
8754
8439
8390
8736
8614
8631
10547
8951
8823
9119
8582
8643
8902
9181
8860
8776
8788
8818
9013
8938
8942
8885
8878
9026
8536
9226
8536
8533
8460
8614
8787
9123
8943
9065
9136
8645
9480
8721
9225
8856
8590
9275
8864
10677
9402
8838
9036
9418
10156
8895
9233
8750
10423
9171
9493
8664
8581
9572
9150
8976
9379
8626
8770
9284
8574
8605
9189
8566
8758
9198
8837
8774
8562
8753
8826
8783
8668
8772
8859
8883
8553
8856
9224
8515
8648
8986
8629
8779
8693
8740
8891
8697
8697
8656
8693
8736
8827
8683
8768
8704
8646
8423
8688
8391
8438
8678
8512
8743
9007
8754
8640
8889
8936
8950
8699
8585
9013
8759
8677
8678
8836
8677
8401
9133
9266
8377
8539
8553
8570
8937
8714
8533
9100
8681
8613
8622
8632
8620
8750
8815
8616
8669
8397
8334
9039
8540
8475
8662
8538
8481
8410
8542
8514
8648
8524
8516
8425
8726
9611
8662
8710
8585
8724
8801
8345
9054
8332
9432
8352
8388
8371
8737
8672
8528
8699
8397
8379
8527
8543
8583
8707
8889
8392
8532
8927
8527
8539
8527
8985
8650
9451
8502
8559
8499
8493
8776
8489
8475
8507
8539
8587
8518
8687
8764
8446
8461
