236
356
189
193
199
195
193
194
197
218
200
195
195
192
197
195
192
196
194
202
198
197
203
193
201
193
193
195
198
193
195
203
202
202
191
195
193
192
218
290
223
211
210
203
223
211
208
216
216
200
206
206
212
221
214
215
218
202
205
210
208
201
195
196
193
191
194
200
199
193
241
197
198
195
202
198
197
197
228
184
185
186
218
242
219
213
238
254
270
225
241
198
195
197
194
218
256
187
180
217
187
185
185
186
186
187
183
187
194
182
180
181
185
181
196
272
373
378
376
481
485
488
480
487
480
427
380
380
380
384
371
374
384
408
375
237
214
183
179
178
180
182
182
179
184
185
179
182
179
182
181
189
258
254
227
193
217
226
191
184
181
183
181
181
177
181
182
180
181
180
185
181
183
191
217
201
227
251
191
232
198
179
182
181
188
180
196
182
185
183
185
195
382
350
346
295
181
178
177
178
184
181
178
179
178
179
183
207
200
248
206
193
192
213
193
210
183
179
180
183
181
181
187
181
180
179
183
179
184
181
181
178
181
180
192
194
193
194
179
182
188
180
183
298
348
348
372
403
428
421
367
195
192
191
191
188
199
190
196
192
196
195
191
184
182
180
183
179
181
182
182
189
192
184
183
189
190
181
184
188
185
190
185
181
188
180
190
239
189
192
194
221
210
186
183
181
258
182
260
199
193
197
198
198
203
198
190
193
200
207
199
197
204
224
190
187
187
191
201
194
191
180
181
183
185
189
185
182
182
191
188
194
217
244
189
180
179
185
218
197
206
209
230
236
237
183
187
183
181
212
184
228
378
407
391
403
200
211
195
213
205
196
190
199
194
220
194
195
195
192
180
187
191
196
195
179
188
184
182
183
183
183
191
186
186
181
179
179
193
220
194
186
185
180
180
187
179
220
180
182
178
178
180
187
177
181
265
189
181
206
195
181
190
179
185
183
181
181
180
183
178
180
177
183
206
191
182
181
180
188
188
214
194
182
179
178
182
181
180
180
181
179
183
184
183
184
181
182
180
192
187
193
321
368
395
313
228
185
189
178
186
271
179
181
183
188
180
180
179
203
197
184
186
182
181
179
181
182
182
405
355
359
366
369
368
234
177
177
177
178
178
178
178
178
178
178
177
177
177
177
177
177
177
177
178
177
177
210
185
184
178
247
373
381
375
311
259
183
181
179
180
186
182
181
201
193
186
181
184
181
193
191
181
182
179
182
194
186
180
179
179
182
184
178
180
225
190
180
179
180
180
181
180
179
179
180
177
182
180
180
181
178
178
183
179
177
182
188
178
177
258
195
180
182
181
182
182
184
216
190
181
196
193
196
195
189
256
254
196
198
194
192
195
192
190
179
184
188
193
191
195
184
179
180
181
180
179
180
190
179
177
177
177
177
177
177
177
177
177
177
177
177
184
184
181
180
180
184
268
195
180
179
179
178
187
182
178
183
182
189
188
187
184
180
195
186
278
185
194
185
198
187
216
249
191
196
185
189
186
183
188
189
184
183
184
183
177
182
186
184
193
227
179
184
182
181
178
188
182
180
182
179
182
178
181
179
180
178
179
181
181
182
186
182
177
