13464
13591
14652
14049
14515
14612
14155
14387
14042
14665
14831
14081
13862
14601
13948
14165
14830
15709
14855
14870
14035
14105
13977
15220
15274
15456
14872
15820
15374
15645
15776
16069
15468
15625
15439
15221
15378
14922
15139
15319
15116
15295
13965
13630
13573
13794
13902
14239
16112
13573
13558
13703
13753
13544
13811
13942
13675
13756
13772
13702
13925
13670
13560
13458
14339
13831
14032
14610
14530
13936
14031
14015
13911
14465
14234
13801
14090
13812
13912
14110
13977
13924
13967
14076
13279
13620
13332
13691
14113
13866
14115
14300
13730
14541
13885
14338
13896
15336
14081
14450
13948
14484
14271
15058
14408
15744
13354
13589
13846
14068
13785
14547
14139
14015
14275
14285
15071
14634
15306
14471
14495
14277
13991
22935
25957
26059
16614
14394
15018
15409
14573
15085
14379
14550
15093
14641
15089
14650
14821
14756
14897
14981
13907
14390
14972
13583
13885
14240
13711
13485
13790
15128
13563
14188
14525
15135
14017
13791
14665
13688
14739
14346
14073
13581
14146
14147
13832
13465
14086
13681
14079
13590
14178
14125
14514
14619
13635
14166
13745
13694
14071
14209
14538
15647
13940
15163
14277
13882
14708
13628
13752
13802
14573
13855
14514
13600
13637
13839
13816
13751
13915
13335
14317
14692
14830
13473
13873
13771
13253
13605
13744
14614
14392
14210
14351
13405
15381
14185
13626
13577
13816
13606
14021
13317
14217
14415
13828
13314
14204
14066
13368
13826
13822
13359
13778
13629
14272
14114
13536
13854
13486
13729
14254
14212
13108
14250
13124
13132
13098
13068
13308
13253
14225
13059
13095
13131
13278
14671
13037
13147
13270
13561
13426
13456
13207
