249
443
421
427
349
241
238
238
238
238
238
238
238
238
238
238
238
238
238
238
238
459
479
435
425
406
409
403
407
411
465
474
458
385
385
385
400
423
415
412
248
265
249
236
243
236
236
236
236
236
309
237
236
236
236
236
260
236
236
236
236
236
236
236
236
236
236
236
236
236
236
236
236
248
236
236
236
236
236
236
236
236
236
236
236
237
236
236
236
237
247
236
236
236
236
236
236
236
236
236
236
236
236
236
236
236
241
244
371
372
371
372
372
372
372
372
371
369
258
238
238
238
238
238
238
238
238
238
238
238
238
281
236
236
250
237
236
236
236
236
236
236
236
236
236
236
236
236
236
236
236
463
464
394
396
400
390
390
395
394
379
253
238
238
238
238
238
238
237
238
238
238
238
238
238
238
238
245
419
416
406
417
424
426
419
420
421
402
246
237
238
237
237
237
237
238
237
238
237
238
237
237
237
240
238
238
238
238
238
238
238
238
238
238
238
238
238
238
238
238
239
238
238
238
238
238
238
238
238
238
238
238
238
238
238
238
239
238
238
238
238
238
241
236
236
236
236
236
236
236
236
236
236
240
236
236
236
236
236
236
236
236
236
236
236
236
236
236
236
236
245
247
254
238
248
237
252
254
256
255
255
255
255
255
255
255
257
255
255
255
255
255
255
256
255
255
255
256
255
255
255
259
241
236
236
236
236
236
236
236
236
236
236
236
236
236
236
236
237
236
240
295
257
239
236
236
236
236
236
237
236
236
241
254
256
243
236
236
236
236
236
236
236
236
236
236
236
236
236
236
236
242
242
236
236
236
236
236
236
236
236
236
236
236
236
236
236
236
240
240
236
236
236
236
236
236
236
236
236
236
236
236
236
236
236
237
236
238
238
238
238
238
239
239
238
238
239
238
238
239
239
240
239
238
240
238
240
254
236
236
236
236
236
236
236
236
236
236
245
240
239
237
237
238
237
237
238
237
238
237
278
271
254
236
239
238
239
245
238
238
238
238
238
238
238
238
238
238
238
238
238
241
236
236
236
236
236
236
