3669053
3652232
5151579
6285728
3918844
3733937
3778635
3743616
3746942
3800239
3766612
3774160
5821321
5191130
3642689
3644008
3673632
3644828
3644050
3674025
3643148
3675582
3644735
3643916
3695246
5735533
4667711
3634103
3633368
3635186
3659171
3645943
3635275
3634311
3639683
3652876
3653126
3647660
3716196
3671452
3635887
3688114
3721345
3719103
3718727
3797844
3805417
3820460
3758481
3720007
3773427
3807808
3833872
3809311
3806676
3903539
3850925
3808527
3809652
3770416
3719014
3725115
3648623
3690842
3643429
3696499
3749011
3919722
3970403
3969179
3918791
3902330
3646887
3634148
3755334
3801509
3675092
3892285
3900973
3905523
3914196
3845235
3820444
3808082
3843603
3811346
3842400
3829233
3831961
3815586
3902476
3900662
3914149
3834460
3808147
3819416
3807417
3832601
3832967
3862895
3828346
4865146
3740906
3753067
3763780
3872743
3901400
3903128
4062908
4006070
3918763
3932204
3901093
3904197
3841943
3825895
3829488
