3871
3812
3547
3524
3531
3558
3526
3554
3542
3506
3995
3527
3538
3553
3519
3549
3521
3539
3555
3569
3566
3743
3773
3552
5029
3534
3622
3514
5072
3543
3887
3535
3529
3539
3527
3552
3550
3535
3519
3543
3524
3545
3524
3531
3617
3791
3765
3633
3558
3543
3524
3943
3563
3778
3518
3548
3568
3548
3531
3545
3576
3497
3531
3529
3562
3542
3541
3523
3508
3538
3531
3543
3530
3513
3541
3525
3543
3531
3553
3531
3550
3544
3535
3788
3536
3539
3559
3508
3551
3528
3587
3506
3555
3509
3548
3542
3543
3524
3545
3523
5018
3551
3533
3549
3515
3537
3664
3773
3673
3526
3537
3531
3516
3555
3537
5673
3692
3697
4152
4902
3530
3518
3538
3521
3583
3527
3656
3531
3510
3534
4671
4414
3779
3645
3539
3523
3555
3530
3539
3519
3540
3545
3534
3519
3537
3520
3546
3851
3535
3533
3664
3668
3605
3591
3529
3512
3540
3523
3514
3545
3527
4477
6160
4856
3537
3562
3564
4971
3520
3605
3537
3523
3652
3545
3512
3545
3511
3797
3555
3883
3536
3792
3640
3705
3598
3527
3575
3494
3531
3570
4139
3842
3536
3589
3507
3563
3506
3545
3937
3601
3620
3561
3541
3511
3540
3666
3527
3799
3425
3577
3509
3541
3514
3467
3595
3461
3472
3611
3605
3583
3458
3486
3475
3444
3434
3443
3437
3438
3441
3864
3811
3811
3536
3456
3469
3727
3464
3467
3492
3473
3466
3447
3448
3463
3506
3441
3477
3433
3459
3440
