9840
9960
9795
9800
9757
9742
9744
9777
9742
9714
9730
9886
9828
9714
9774
9768
9931
9925
9726
9721
9754
9755
10196
9810
10226
9805
9756
11282
12280
10122
9774
9785
9765
10034
9733
15034
9728
9731
9741
9726
9859
9966
9855
10034
9760
9717
9855
9729
9730
9719
9833
9743
9745
9747
9987
9737
9745
9739
9737
9778
9744
9739
9741
9733
9748
9737
9737
9752
9741
9743
9747
9951
9763
9820
9696
9723
9724
13829
9767
10217
9775
11170
9769
9750
9754
9728
10192
9937
9735
9732
9729
9724
9727
9719
9762
9746
9813
9796
9773
9759
9787
10078
9922
9798
9725
9761
9743
9806
10020
9736
9724
9769
9775
9922
9741
9761
9967
11965
9726
9686
9679
10195
9714
9760
9839
9723
9709
9766
9727
12391
15768
9782
9691
9687
9682
9689
9730
9696
9870
9772
9753
9711
9695
9695
9714
9722
9710
9722
10169
9678
9717
9701
9677
9737
9753
9707
9975
9696
9704
10022
9697
9719
10921
10058
9798
9706
9701
9691
9698
9690
9700
9690
9689
9951
9753
11706
9694
9737
9732
9777
9691
9685
9712
9810
9693
9678
9690
9689
9730
9905
9729
9732
9706
9739
9882
9766
9714
9761
9752
9712
10044
9721
9710
9706
9705
9809
9839
9685
9708
9934
9753
9786
9731
9736
9730
9846
9745
9670
9819
9669
10193
9704
9704
9719
9726
9840
9965
9796
9813
9900
9903
9746
9736
9756
9914
9691
9757
10030
9721
10257
9720
9829
9688
9805
9953
9686
9685
9823
9693
9740
9701
