265
257
241
240
241
240
240
240
240
240
239
243
238
238
239
238
348
453
391
389
390
385
396
384
396
385
330
261
240
240
240
240
240
240
240
240
240
240
240
240
240
240
245
251
240
240
240
240
240
240
240
240
240
240
241
240
240
240
240
249
243
240
240
240
240
240
240
240
240
240
240
240
240
240
240
240
251
240
240
240
240
240
240
240
240
240
240
240
240
240
240
240
374
526
526
254
240
240
240
240
240
240
240
240
240
240
253
240
240
240
240
240
240
240
240
240
240
240
240
240
240
240
248
248
240
240
240
240
240
241
240
241
240
240
240
240
240
240
240
254
241
240
240
240
240
240
240
240
240
241
240
240
240
240
240
245
247
240
240
240
240
240
240
240
240
240
240
240
241
240
240
240
256
245
245
245
245
245
245
241
241
241
241
241
241
241
241
241
248
246
241
241
241
241
241
241
241
241
241
241
241
241
241
241
241
252
240
240
240
240
240
240
240
240
240
240
240
241
240
241
240
248
244
240
240
240
240
240
240
240
240
240
240
240
240
240
240
240
250
238
239
238
238
238
238
238
238
238
238
238
238
238
238
238
243
