7520051
9084983
7044641
12242863
6939213
8042657
7394402
7434905
6942545
7791665
7581717
7409839
6980510
7410191
7328981
7254904
7035003
7861420
7489627
7057781
12017415
11061269
7579930
7089085
7469485
7541149
7205451
7018131
7784830
7343876
10937188
7308576
7024483
7136203
7162384
6988321
7276963
7338965
7239842
7066509
7438790
7116750
6974204
7004379
7378814
7159709
7023440
8042698
7312693
7135336
7056697
7705404
7532224
7164174
7013949
7501503
7198922
7019756
7297493
7248477
10369651
7424413
7005440
7308949
7500508
7208786
7055869
7441387
7214975
7034231
8054335
7818955
7270910
7046894
7159236
7456497
7321066
7013885
7405098
7559492
7298273
7006683
7673020
7459534
7111928
6989958
7314037
7170607
7019176
7473428
7517244
7117918
7050930
7296475
7597759
7363346
6943471
7506935
7256762
7055473
7328626
7253439
7171326
7020319
7577724
7213237
7117847
6996437
7388572
7520995
7055896
7753464
7413272
7209625
7055669
7391018
7421480
7163140
7263953
7285226
7443499
7021763
7332955
7627652
7394105
11179244
7105194
12014996
7031389
7254767
7462942
7238467
7008194
7449398
7536135
7148477
11980914
7224233
7021802
7527668
7301653
6982950
7517350
7434143
7158777
7026201
7285815
7263829
7060980
7101225
7175419
7109609
7056252
7500482
7374187
7187353
7023481
7109566
7173036
7124013
7615756
7534079
7244728
