986
1452
1256
944
945
944
965
944
944
944
954
949
948
945
944
978
950
951
951
962
944
944
945
962
945
944
944
958
944
944
944
950
951
944
945
945
959
944
945
944
970
951
950
950
964
945
945
944
963
1490
1287
951
1786
1357
976
958
959
945
945
966
944
944
944
946
944
944
944
957
944
943
958
959
958
945
945
968
969
996
948
944
960
944
944
944
953
944
944
945
947
944
961
945
946
944
944
944
945
944
944
944
945
946
944
947
944
1115
944
944
945
967
944
944
944
957
944
945
945
949
944
950
949
945
947
944
945
945
970
944
960
957
1017
1548
944
946
944
992
945
958
965
944
960
945
944
996
1012
945
963
944
995
1535
1711
1072
951
951
955
1006
966
950
950
1002
970
950
951
963
951
963
950
1007
987
967
984
1253
950
951
951
1847
1905
1399
1028
1744
1787
2928
2944
2827
1002
1003
970
946
1403
1609
1424
1473
1085
958
986
968
989
974
963
961
970
958
945
945
983
948
949
948
960
963
986
951
967
956
958
971
995
957
949
960
949
963
949
958
949
953
950
945
944
946
952
961
949
949
944
944
945
948
944
944
944
944
946
944
944
944
946
944
944
944
1142
1491
1490
1132
944
945
944
1472
951
944
944
959
949
950
944
958
948
954
973
992
949
949
949
971
951
951
950
955
959
964
954
945
959
945
944
945
956
947
944
945
957
945
944
944
956
948
952
948
952
955
948
948
948
959
948
948
948
960
949
949
949
961
948
949
963
971
945
944
944
950
952
944
945
945
957
945
945
944
958
948
948
948
959
948
949
948
951
951
951
953
945
945
944
944
944
950
950
950
950
975
951
950
950
951
951
950
950
952
950
951
951
952
950
951
951
950
953
950
950
951
952
941
941
941
943
941
941
941
943
941
941
941
941
943
942
941
941
944
942
942
941
943
949
944
944
946
944
945
945
951
1845
1313
1235
948
949
961
955
944
945
945
944
1692
1686
1217
948
948
949
1221
1479
1478
1487
1474
1456
984
962
963
962
975
962
963
962
973
963
961
964
974
963
962
948
956
945
944
944
963
945
945
944
945
944
944
944
945
945
944
945
944
1023
957
957
948
955
960
976
954
978
950
964
960
946
944
956
953
966
967
969
967
967
996
956
960
947
946
945
964
977
947
945
971
944
946
952
944
946
1078
1163
944
964
958
974
966
966
967
967
967
979
986
969
967
988
991
990
990
999
982
967
1382
1351
1078
942
942
942
950
951
950
950
963
952
951
971
946
945
944
945
946
947
945
944
944
952
994
953
945
963
951
951
951
949
944
944
945
946
964
958
957
950
951
959
968
945
959
957
945
944
1436
968
944
947
983
977
967
967
968
967
967
997
1047
1055
1056
1030
1015
1014
1014
1021
1190
