24441
23667
24915
25335
23963
23249
23282
23908
24673
23185
23108
24826
24124
23647
24506
23606
23141
23454
23952
23156
23938
24869
24115
23672
24045
26558
24704
23724
23753
23912
25604
23753
24865
23464
23638
23824
24634
23268
25229
24301
23818
24025
24386
24459
23301
24394
23731
24183
26695
28554
27854
28761
27739
27806
27954
28057
27827
27908
30037
27811
27901
27974
27725
29337
28019
27873
27979
27925
28032
27968
28971
27728
27739
27239
27854
28035
27764
27642
23278
24474
23351
25615
23270
24183
23800
23827
23957
23132
25699
23461
23383
23752
23365
27185
27761
27660
27594
27844
29399
28086
27582
27383
27489
28517
27491
28058
27926
27513
27422
27633
27642
27540
27454
28449
27502
27673
27552
27555
28571
28360
27729
26930
28486
27583
27475
27394
26653
29009
28682
23795
25090
24057
24564
23717
24691
23725
23608
23393
23708
25022
23702
23480
23660
24185
23533
24226
24579
23329
23409
23339
23551
23921
23307
24348
24595
24337
23960
23925
23154
23926
24156
24738
23209
25099
23224
24211
23171
24140
26522
24066
23842
23751
24494
24134
24407
23678
23628
25409
24361
24271
23547
24703
24111
25030
26601
24086
23659
23566
23663
23715
23369
24224
23342
23895
23363
23692
23336
23293
24405
23500
23555
23738
23517
23499
23376
23730
23763
23153
26362
23628
24520
23814
23733
25127
23405
23645
24571
23247
23195
23063
23349
23195
25296
23101
23709
24082
23987
23833
23198
23200
23152
24990
23594
23627
24340
23952
24878
25227
23789
25192
23887
24259
24669
23837
24022
25264
26042
23626
23755
25499
23780
27022
23810
24133
24431
