3738
3891
3767
3750
3809
3773
3790
3950
4014
4081
4026
4020
4016
3818
4216
3838
3827
3765
3866
4031
4022
4096
3923
4058
3885
3879
4062
3873
3936
3983
3875
5145
4491
4504
4389
4478
4446
4499
4438
5472
4564
4884
4876
4524
4509
5206
4523
4515
4533
4567
5113
5330
4499
4511
4469
4353
4447
4450
4486
4504
4498
4503
4496
4598
5069
4501
4568
5963
4574
4573
4950
4516
5878
4590
4585
4571
5164
5388
4491
4485
4531
4653
4688
6652
5983
4219
4019
3974
4144
4900
4238
3969
3931
4062
3894
3922
4094
3880
4113
4068
3913
4065
4182
3905
4109
3917
3994
4131
4148
4315
4158
4312
4123
5507
4148
4190
4065
4450
3926
3976
4176
4026
4101
4132
4127
4102
4093
4131
4107
3915
4018
3958
3876
3945
3956
3940
4025
4051
3847
3886
4135
3891
3977
3926
3880
4029
4008
3979
3944
3962
4025
3763
3879
3784
3767
3843
3759
6052
4445
3761
3840
3812
3757
4352
3863
3793
3997
3825
4336
4033
4705
3923
3983
4009
3876
3767
3786
3818
3877
3924
3923
4017
3964
3894
3942
3905
3949
3890
3925
3899
4440
3863
4737
4271
4058
4002
3918
3859
3873
3860
3953
3989
3877
3863
3839
3896
4901
3881
4013
3917
3902
4083
3839
3901
3931
3940
4081
3963
3942
4321
4684
3889
3929
3947
4008
4401
3891
5703
4163
3814
3894
4169
3865
4112
3972
3846
3973
3982
3927
3859
3997
3836
3884
3891
3849
4111
3946
3875
3912
3876
3841
3992
3828
3883
3824
4933
3880
3854
3883
3824
3839
3943
3839
3830
3945
3896
3999
3904
3915
3925
3798
3918
3965
3863
3797
4024
3887
3827
4016
