9941
10697
9938
9897
9906
9900
11035
10418
11171
9876
10576
10632
11380
9865
9951
9842
9869
9875
9876
9880
9881
10723
9964
10555
10042
10575
10067
10431
10152
10041
10074
10245
10504
10477
10243
10335
10871
12069
10058
11171
11377
9921
10117
10111
11292
10155
10435
10480
10306
9871
10563
9900
9876
10482
12014
9827
9894
10901
10081
10047
10873
11312
10012
10770
10005
10073
10093
10347
11475
15467
10644
10036
9946
10002
10066
10562
10026
10476
10257
10503
10167
10585
10251
10559
10396
10080
10066
10360
10048
10405
11117
10116
10155
10215
10452
10233
10404
10371
10399
10363
11156
10046
10148
10260
10404
10353
10276
10144
10603
9952
10128
10018
10090
10277
10311
10818
10470
10169
10021
10218
10036
10411
10033
10142
10273
10319
10155
10448
10290
10083
10160
10122
10543
10080
10487
10305
10368
10351
10436
10344
10272
10721
10406
10218
10209
10239
10390
10553
10256
9859
10410
9849
9874
9883
10017
10145
10130
10255
10208
9934
10102
10079
10111
10353
10353
10230
10292
10252
10234
10175
9910
10315
10089
9896
9901
9913
10181
10529
10605
10283
10053
9930
9985
10106
10292
10278
10370
10453
10233
10175
10309
10006
10573
9825
9845
9780
9761
9789
9835
10201
10109
9984
9882
10018
10053
10086
9965
10070
10082
10089
10119
10334
10188
10638
9871
9807
9895
9809
9831
9812
10062
10394
9795
9894
10122
10006
10183
10116
10417
10259
10069
10544
10024
10034
10171
10057
10049
10213
10260
10428
10357
10993
10481
10060
10140
10188
10414
10488
10444
10039
10025
10139
10238
10653
