2368190
2349216
2349843
2387698
2337597
2348960
2348700
2665910
3100930
2348541
2348435
2416245
2361527
2360975
2360377
2389658
2364593
2361928
2338245
2877503
2370022
2348734
2348391
2338015
2370745
2347769
2348172
2348810
3536547
3773376
3775846
2357794
2337546
2342823
2337346
2376343
2343295
2342334
2337309
2374426
2343535
2345371
2343085
2378846
2343332
2342795
2343774
2361592
2357467
2337504
2343357
2344032
2373489
2349417
2348164
2347831
2381791
2353566
2346500
2346928
2375882
2348361
2347849
2347389
2370967
2352608
2347382
2346762
2598785
3738453
3702870
3702603
2339354
2348440
2348062
2352484
2346989
2347018
2346396
2349992
2343656
2343269
2342934
2343332
3345756
3674502
3639577
2393881
2347233
2348064
2346949
2354184
2348144
2345346
2342984
3089611
2363583
2348726
2349722
2350028
2347164
2348340
2345956
2351816
2346587
2347962
2346846
2352598
2347430
2347729
2346772
2346774
2361849
2349275
2348932
2342342
2354528
2341268
3673684
2356890
2349671
3462864
2348420
2392908
2350057
2348582
2349486
2367476
2401831
2396995
2401740
2399611
2402506
2397440
2390821
2430765
2674925
3389161
2388094
2352614
2348434
2348588
2348915
2400879
2456679
2404744
2402946
2402593
2398246
2431240
2433893
2433263
2438979
2404348
2403871
2403532
2402884
2459505
2460404
2459963
2453183
2484655
2434060
2446625
2404063
2479159
2461140
2461690
2458296
2484481
2483606
2462147
2484302
2453596
2404305
2404029
