543
859
863
726
828
827
827
827
684
524
524
524
524
524
523
524
1076
950
791
807
691
526
530
524
524
524
524
524
543
524
523
523
523
523
523
540
524
523
523
523
523
523
523
537
524
524
524
524
524
523
530
531
523
524
524
523
524
524
537
523
523
523
523
523
523
523
536
523
523
523
523
524
524
536
524
524
524
524
524
524
524
536
523
523
523
523
523
523
530
530
524
523
524
524
524
524
542
523
523
524
524
524
523
524
1014
975
790
766
893
943
934
957
846
528
524
523
524
523
524
524
537
523
523
523
523
523
523
523
540
524
523
523
523
523
523
537
524
524
524
524
524
524
524
542
523
524
523
523
524
524
526
523
524
524
523
524
524
523
526
523
523
523
523
523
523
523
528
523
523
523
523
523
523
527
524
524
524
524
524
524
524
532
527
527
527
527
527
527
530
527
527
527
527
527
527
527
529
527
527
527
527
527
527
529
523
523
524
523
524
523
523
536
524
524
524
524
524
524
523
527
523
524
524
523
524
524
526
531
530
531
532
531
531
531
532
530
530
530
531
531
531
532
529
529
529
529
530
529
530
530
529
529
529
529
529
529
538
527
527
527
527
527
527
527
528
528
527
528
527
527
527
527
659
527
527
527
527
527
527
530
524
524
523
523
523
523
