2918
2942
2920
2919
2920
2922
2883
4976
5299
3316
2953
3155
2918
3030
3230
2913
3763
2921
3270
3028
2922
4197
3090
3020
2893
3661
4465
3224
3134
3114
3163
3150
3113
3113
3216
3492
3795
3940
3573
4584
3782
3155
3110
3163
3188
3136
3136
3222
3520
3129
4452
3043
3372
3182
3152
3514
3055
3604
3198
3467
3098
3174
4585
3092
3389
3088
3307
2946
3368
3148
3313
3118
3124
3144
3224
3138
3110
3156
3140
3804
3586
3070
2992
3051
3179
3051
3974
3948
3166
3161
3165
2929
2933
3734
3122
2921
2924
2986
3327
2957
3013
2938
3987
2991
3189
3813
3019
2977
2970
3287
3170
3167
3118
2966
3238
2949
3085
3190
2961
2955
2901
3015
3230
3134
3899
2930
2992
3143
3377
2923
2891
2932
2916
2927
2898
2934
2914
2922
3404
2898
2943
2890
3780
4315
2892
2907
2904
2911
2929
3061
2925
2906
2909
2906
2922
2937
2915
2924
2915
2940
3260
2924
2954
2934
3017
3008
3969
3024
