878
445
436
418
410
398
406
403
407
396
423
403
404
397
401
397
400
403
406
398
426
406
397
403
399
394
399
405
401
405
405
401
397
395
395
401
398
400
398
404
464
419
438
421
420
414
443
419
438
493
398
405
403
400
401
401
400
401
400
487
635
765
741
548
661
480
412
408
406
404
415
419
403
413
417
414
404
409
397
398
399
410
404
402
431
398
405
408
392
392
392
397
399
415
416
405
408
395
398
404
402
398
397
403
408
392
392
392
392
392
392
392
392
392
400
409
402
407
402
416
398
403
400
397
420
746
392
798
849
691
571
392
392
392
392
392
392
392
392
392
397
392
392
667
412
400
405
399
400
409
410
408
406
414
412
412
407
408
416
410
410
409
409
405
410
409
410
409
407
426
442
587
448
424
429
442
447
443
404
393
393
393
393
393
393
393
393
393
697
798
763
778
673
588
458
767
769
457
794
671
401
403
398
396
398
401
400
398
393
396
392
413
412
404
404
399
402
409
399
411
409
399
410
407
403
400
399
398
399
421
402
394
404
401
406
396
408
403
402
422
406
398
402
394
398
397
401
396
397
400
402
401
395
398
397
393
393
397
402
412
399
414
421
412
404
408
410
402
407
418
430
405
412
399
411
406
405
409
413
405
404
400
399
410
407
528
404
401
399
392
392
392
392
392
392
392
392
392
408
432
445
420
440
422
418
442
437
417
778
783
781
779
779
779
780
781
782
779
413
404
407
408
402
401
399
408
404
395
406
405
408
404
401
404
398
393
402
419
410
400
412
399
403
399
406
397
402
399
392
392
392
392
392
392
392
392
392
394
410
404
411
400
410
400
407
419
402
435
398
403
405
407
399
402
402
398
398
403
399
397
411
398
395
404
400
402
409
408
405
395
394
398
399
397
405
405
404
407
857
814
670
837
673
403
409
407
402
404
406
403
406
408
403
398
402
397
395
399
401
401
396
404
418
433
430
427
434
458
429
429
428
415
393
393
393
392
392
393
392
393
393
393
393
802
794
803
795
824
786
821
803
795
526
406
404
403
400
397
397
392
399
400
394
892
907
917
913
771
780
780
777
781
851
911
853
775
745
456
510
455
458
456
508
407
455
467
400
404
393
398
402
413
398
395
400
618
397
400
395
395
396
395
412
397
510
576
517
734
568
613
597
480
402
410
396
403
408
442
394
402
403
394
392
392
392
392
392
392
392
392
392
754
694
802
780
711
580
790
759
755
723
824
821
787
748
845
807
625
688
679
812
790
608
600
602
604
614
765
624
415
400
411
401
412
404
415
401
411
397
392
392
392
392
392
392
392
392
392
400
407
401
401
402
400
398
402
401
403
397
411
407
411
402
405
407
415
411
404
400
392
409
405
407
406
408
406
392
405
417
401
402
411
398
412
410
403
404
400
513
405
399
397
398
399
395
397
398
444
396
398
397
394
400
406
399
394
396
415
401
402
394
402
395
397
405
402
406
398
406
408
402
401
407
405
397
400
396
397
392
392
392
392
392
392
392
392
392
410
407
401
411
413
406
405
400
403
414
392
392
418
407
414
405
405
421
410
405
408
400
401
404
401
397
409
402
399
401
392
399
399
404
404
407
404
401
408
622
785
785
781
781
610
399
398
403
412
407
405
404
398
403
405
392
392
392
392
392
392
392
392
392
396
409
401
