996422
1319454
1268641
1244691
1263671
1255416
1263565
1267063
1235614
983988
974319
975737
975146
975419
975388
973548
974710
974226
984663
996038
974623
973763
974268
975341
974795
974697
974180
975150
975987
1004242
974571
973611
974019
973596
974324
975871
974518
974320
974299
1005337
974401
975688
973773
974834
973848
974855
974818
975513
974880
1039623
973654
973092
975756
974949
976580
975930
974398
974442
974043
996639
980826
973115
973137
973229
973164
973235
972980
973324
973200
978858
997730
973318
973298
973070
973363
973241
973221
973052
