12673
12751
12707
12721
12671
12703
13518
12742
12655
12713
12658
12686
12656
12672
12646
12666
12806
12667
12670
12651
12639
12384
12417
12438
12359
12368
12342
12398
12489
12506
12400
12370
14185
13176
12627
13005
12829
12369
12368
12365
12469
12620
13304
12905
12733
12710
12849
12698
12805
13223
12658
12863
12487
12416
12376
12394
12376
12363
12379
12367
12477
12361
12357
12417
12630
12506
12410
12394
12405
12397
12961
12516
12404
12377
12370
12372
12381
12371
12368
12399
17269
12423
12374
12382
12389
12396
12355
12361
12365
12366
12372
12394
12363
12349
12357
12357
12377
12403
12426
12360
12347
12371
12373
12537
12545
12522
12583
12464
12461
12445
13034
12477
12488
12475
12494
12468
12540
12486
12470
12509
12446
12443
12465
12454
12527
12541
12594
12466
12610
12471
12626
13095
12724
12441
12515
12518
12504
12510
12544
12477
12552
12462
12505
12448
12466
12651
12726
12493
12488
12697
12493
12498
12797
12556
12420
12459
12450
12478
14618
12519
12442
12931
12653
12480
12756
14535
12735
12511
12450
12543
12573
12457
12427
12519
12438
12933
12460
12721
12395
12425
12575
12560
14431
12579
12485
12485
12411
12415
12420
12532
12645
12513
12566
12846
12487
12507
13095
13852
19459
12501
12881
12529
12490
12512
12506
12472
12506
12512
12796
12495
12795
12485
12470
12474
12527
19729
12469
12475
12583
12696
12521
12479
12476
14266
14522
12457
12512
12482
12473
12537
12479
12634
12475
12555
12695
12469
12640
12474
14469
12519
12470
12526
12483
12464
12492
12642
12513
12449
12506
12450
12472
12470
12539
12647
12496
12450
12534
12673
12465
12466
12714
12485
12464
12452
12493
12516
12516
12488
12460
12663
12475
