1787214
2149249
2156330
1758869
1746583
1748486
1748017
1748281
1781800
1748265
1747214
1747367
1747913
1747919
1775731
1748198
1748183
1748709
1747755
1752766
1768780
1746367
1746644
1746251
1746248
1773753
1746578
1749745
1750798
1747151
1748823
1963051
2149975
2149117
2143726
2144228
2178453
2153279
2146148
2155465
2088710
1750844
1749329
1751876
1750978
1749656
1773496
1751532
1750846
1747990
1751736
1754255
1778985
1750722
1749110
1750937
1751971
1783685
1747376
1747373
1747998
1747103
1748726
1774062
1746234
1746445
1746218
