3004
3418
2976
3022
3173
3033
3079
3067
2911
3031
2957
4058
4191
2918
3051
3078
3123
3063
3112
3106
3126
3064
3661
3363
3076
3064
3024
2882
2891
2917
3182
2885
2902
3349
2886
2955
2968
3026
2926
2921
2934
2953
2993
2956
3332
2973
3001
3389
2909
3298
2999
3222
2936
2945
2940
3001
3006
3009
2973
2933
3136
3042
3096
2925
2958
2960
3933
2963
3062
4248
3029
3041
3059
3056
2952
2995
2870
2858
2924
2917
2852
2914
2982
2928
2837
2926
2916
2961
4093
3024
2929
3045
3034
3047
3085
3126
3157
3048
3046
3090
3029
3054
3394
3042
3078
3011
2963
3023
3039
3100
2954
3128
3148
3027
3396
4080
2887
2966
2997
2928
2860
2961
2946
3147
3069
3151
3292
3456
2988
2904
2914
2971
2986
2893
4247
3095
2893
2915
2925
3037
2882
2979
3235
3063
2971
3014
3007
2926
2975
2955
2996
3473
2944
2898
2933
2908
2953
2929
2930
2896
2936
2911
2947
2884
2917
3029
2949
3039
3639
2948
2954
3353
2979
2941
2925
3020
3001
2914
3066
3074
3324
4263
3122
3062
3056
3156
3077
3024
3516
3192
3118
3660
3142
3094
3150
3905
4098
3064
3128
4212
4214
3445
3395
2915
2974
3159
2931
2856
3161
3105
2954
2988
3060
3016
2864
2975
3090
2881
2888
2969
3098
2905
2874
3078
3083
2887
3000
3064
3924
2958
3080
3114
2888
2985
3124
3165
3081
3024
3106
2888
2967
3013
3407
2869
3005
2974
2933
2982
2827
2867
3631
3094
2858
2825
2896
3006
2825
2855
3398
2845
2856
2889
3472
3276
2905
2889
2951
2837
2866
3150
2859
2882
3293
3207
3155
3083
3092
3049
3154
3043
3131
3597
5119
5121
5120
5124
4219
2988
3061
3466
2905
3059
2825
2900
3552
3052
2823
2841
2878
2926
2834
2856
2896
2829
2852
2859
2866
2822
4167
2871
2840
2826
2823
2833
2833
4122
2887
2966
2839
2854
4060
2874
2848
2898
2867
2880
2839
4009
2932
4119
2892
2883
2839
2892
2813
2936
2864
3159
3044
3010
2925
3402
2902
2928
2854
3078
2946
2908
3013
2911
2976
2954
2918
3463
3102
2963
3045
3186
3062
3194
3105
3723
3832
3043
3049
3159
3043
2892
3399
2872
3131
2960
3112
2908
2918
3168
2936
2882
3046
3163
2951
2877
3465
3152
2850
2879
3300
2972
2991
3035
3508
2912
2894
3048
3031
2852
2926
3706
2891
2939
2931
3036
2825
3139
2978
2906
2885
3039
3047
2961
2934
2993
3009
2889
2875
3065
2995
2824
3039
3068
3714
2875
3073
3101
2917
2903
3093
3210
