5782
5501
5513
5452
5436
5473
5468
5804
5648
5534
5471
5490
5469
5811
5562
5446
5506
5502
5430
5485
5462
5479
5631
5392
5513
5419
5493
5415
5499
5813
5456
5369
5544
5394
5524
5470
5476
5717
5576
5458
5495
5601
5325
5558
5390
5354
5486
5319
5435
5397
5416
5361
5469
5353
5476
5334
5378
8305
5440
6067
5671
5503
5359
7763
5406
5640
5373
5400
7436
5424
5335
5352
5423
5587
5322
5359
5350
5413
5629
5462
5311
5347
5349
5358
5372
5551
5384
5378
5352
5431
5737
5443
5298
5436
5851
5535
5956
5857
5348
5799
5318
5969
5305
5443
5318
5453
5346
5477
5342
5521
5330
5457
5401
5751
5328
5579
5366
5448
5306
5328
5332
5279
5467
5290
5314
5273
5286
5289
5287
5285
5264
5275
5276
5269
5293
5277
5269
5344
5576
5329
5284
5278
5279
5295
5296
5308
5300
5253
5278
5263
5266
5264
5267
5290
5285
5292
5543
5394
5307
5259
5345
5263
5271
5605
5544
5386
5281
5306
5339
5286
5316
5314
5288
5283
5325
5331
5289
5325
5304
5341
5291
5382
5310
5378
5351
5599
5327
5367
5344
5271
5326
5362
5272
5330
5307
5305
5302
5296
5282
5317
5397
5328
5367
5378
5464
5294
5459
7137
5326
5335
5315
5342
5314
5326
5360
5304
5307
5306
5329
5326
5339
5504
5571
5389
5338
5433
5367
5322
5549
5347
5557
5682
5480
5355
5279
5367
5289
5334
6770
5337
5339
5335
5333
5294
6034
5306
5313
5342
5384
5738
5432
5265
5254
5244
5237
5288
5320
5263
5231
5205
5226
5212
5216
5208
5277
5379
5536
5311
5241
5217
