30694022
30296776
27612481
27647902
35090514
33537657
34750676
27919677
27685379
27661542
34759782
27814989
29449826
27965372
27667548
30768197
27602611
29879260
27616440
27751754
28479484
50351663
30967671
27597919
29625474
27638095
28408471
27543936
34200747
27634390
28673165
28245705
30830674
27695498
27800790
36590234
27562272
28222303
27918450
30316150
28081208
27576644
27543210
27582354
29861930
31132902
35355259
37364348
27613428
27592709
30117421
31594111
29600301
29543676
28830082
29644485
27930376
29121507
30537981
31594950
31761456
28359654
29528112
29182924
31890722
37645461
27667465
28104050
30092901
28818582
27590208
32399853
29612381
29934746
31970885
30617809
33378995
32615413
29320507
36038015
28065216
27845796
32923751
28011463
27618120
27845557
29277293
29796731
29397081
51809162
27640195
29518634
34990779
29379078
29704088
27624138
27795249
27533668
31018069
28819081
27629785
27583637
27568862
30338281
29977368
31126190
27560262
34097706
27572436
27600769
27530537
31419779
28127216
37797071
31701552
27609559
27649392
27572112
28085470
27626635
27872549
30590093
29673993
30604238
29917036
27553775
27578757
27773257
33733173
56142060
27535351
27630078
27610105
27538705
27606343
28689204
31250048
30184073
33327594
27844989
27701739
27571446
29989381
30229326
27574455
29214360
34265140
30067913
27852716
40114565
30728868
32101944
31422736
27542996
27577808
30868661
27538683
27652044
31074789
27652792
28428786
29413936
28486222
35150549
28972720
28326232
34401223
27604249
28137265
31061982
28904653
29522214
29033302
28161210
30654219
27636023
27587468
30542094
29972312
27539147
29469976
28958200
27840202
27960743
27579571
28853481
29270496
27568984
36599294
27557463
27817093
31532804
27558180
30043400
35291603
32282079
27685052
30689352
31311564
27600273
27833388
27655010
29238774
29353789
27543207
28492547
27545180
27574444
28021244
27561369
27591110
27692653
28923132
28686005
34639249
35193622
28666627
33379986
27572265
27585040
27637748
27532738
38327266
27826316
28509000
37182244
34039821
27561146
28350114
32962335
27729631
27539872
27742427
27638187
29366331
27515551
27564440
27948489
28255974
40253725
27525692
27577677
27587093
33313854
36888081
30115225
27561805
27634399
32683005
30497943
29635131
29793425
32804190
33842935
29502974
34132449
28260832
32585626
35815545
27879997
31252301
28488971
27633952
37566801
31834364
27569480
30922874
27602642
27548771
27586319
27513328
28339631
27558416
28692841
31136547
27554306
27940814
27567785
29503835
33857933
27742345
31856850
28881954
27603489
27835549
27620041
28055767
28217418
33474984
27633883
55726816
35057356
31790954
35946836
27727054
28953261
27838507
27736217
29851082
29701929
27540429
27663250
39182142
27620674
30094771
29259223
28650832
28963507
32757532
27719811
29495507
27545367
28488659
28090061
29212584
27601813
27623671
30553868
37824206
31444753
27842980
34764555
27573896
32321614
41371206
30021844
28185929
32181618
32842254
29400179
27542131
34914155
27663914
28385413
31147612
27615703
29998658
27563774
31850479
30360909
28582647
30040588
29938588
27545814
27601606
31003026
27650285
27650191
27619037
27595336
27803170
27818369
37458092
29614506
27605364
27619737
29848926
27627917
27735203
27568468
27596211
28825309
27547435
48503924
27607359
30050771
27575701
28085425
27582890
33386675
27826819
27620340
27621447
31318158
30634090
27567771
31437213
27652615
27585251
28762236
27541659
27969073
29861611
29211776
27823413
27612625
27784620
27670628
28563653
30352257
28150722
31204676
28001851
27554727
33805826
27584206
27559628
29591252
29051829
39985276
27612171
27867424
30533726
27550709
32861794
29181582
27617328
32129506
27560449
27593847
32928066
27901484
27618656
28981048
37782837
27549320
27844276
31764980
27564332
28178792
29189065
27520648
27560477
27780206
27914075
28863540
30673522
29703742
29498544
28553580
27681859
27552750
28101169
27637964
27608730
29617185
30221565
29709042
27567325
27579423
27608555
32762669
27537252
29409799
28830449
34571225
27894752
39125728
27763887
27576615
27612138
27821046
27523517
27574912
27594834
27640446
27523459
28037756
29633955
38903796
27616834
27800671
27558960
28265000
27597580
34077061
27557816
27603195
27803218
32929607
30544006
27594062
27700410
27538921
27588716
27566250
27577981
27627872
28043037
27585441
27598923
28550145
34283401
29932797
27785849
27551601
29130794
29531211
29363354
28129566
31588162
27544920
28078810
27599096
27563386
27594954
31420695
40306545
27598712
29136827
29487896
40395101
27602526
28919978
27609896
27583713
31259995
30122869
28378275
27534673
30215693
28041695
28781521
30506454
28482899
27572145
27543192
28158967
38000058
30107062
28342490
27584924
27606660
27537000
28426251
28978461
36373115
38737254
30718415
28914116
31807339
28832399
37242922
37231368
28830510
28165355
31148932
31318044
27689901
27820313
28488290
27527982
27598273
27537053
27627539
34144248
28129160
27575216
38638052
27565991
29276464
27813478
28858093
27574554
27581689
29835114
27571105
27587629
28426814
27581631
36930379
27711167
27590615
27554995
27591077
27531506
28055872
30212731
28697155
29581123
32253037
30161704
27567073
28556556
27555103
27641658
27587188
27568365
27521126
27600843
28625398
33104845
28878357
31222500
27566352
31662235
28105015
27560031
27709321
28399322
30395480
28828343
28571195
30655269
31662745
31787405
32181571
34540825
36195650
31931423
30745910
34907265
32948372
27584686
27599983
27595793
29912359
27851844
32797823
30558084
32201830
30071813
27628942
30780447
27555165
33112897
29609068
32339804
32920780
27697034
27611685
27983898
31861990
29520320
31106437
29552671
30912983
27572578
28872614
28032514
36346874
28079433
33481736
28774797
29210178
27693272
30759322
27614567
27615043
28095099
28802211
31803497
31059299
30624318
27599321
28536998
29502549
27657118
28410330
27663222
29316580
33163014
30835939
28132628
32221174
27600777
29612536
32548910
27580723
28979944
27570280
28033131
31659174
28146416
27676108
27626930
32050190
35284975
27604755
34524585
27663848
29074317
30026894
38107009
27582537
29354406
30191430
29330484
27546041
29574594
27520352
28343202
27548826
28052353
31037508
28046084
27656091
27576603
28781949
27537750
27589007
29723681
27635482
27543701
28189941
27590524
28610636
28625260
27642674
27643062
31122680
37875896
31329596
27537504
32758527
33078731
27641603
30002002
27578754
27717576
27551865
28270788
27589206
27628980
27537951
27575712
35098726
27563095
34999606
34477755
27520811
30997187
27799551
28667233
27927969
31418637
27557838
27837796
36814584
27577005
28942208
29434478
27559791
28847567
30513234
27605897
33394315
29857780
30064828
27556533
29448998
37643860
28341407
30019568
27553019
27593827
27829377
29821034
28118139
28341513
27618205
27531113
29208436
27617223
28782803
27606662
27541503
30526143
27999605
27707385
27916470
28715052
29978731
29427529
30288712
29891192
29443058
44318676
27608677
27599195
29198918
31964887
28737081
28199377
31228332
27585813
27958950
29958313
27615772
28074644
30200859
29410345
27559468
39610190
32015777
27608949
27615640
30191545
30614815
34812390
27867152
27581586
28711318
31095190
34712333
27547304
27568094
28493091
31583646
27725372
27599609
27608947
28270486
31154289
27547831
30010557
31931216
27586672
28167496
27543194
27602512
30435301
27595610
28949615
27584347
27587547
30011154
27597475
27604188
27561312
28094799
29488861
29601140
30237301
31251293
27570701
28059084
30466928
27602124
27525936
29371566
27576224
27624131
33036479
27633196
32851758
27589942
27561948
29768704
27854066
28989204
28085999
27612884
29205099
32810850
27550394
30047113
29562485
31971124
27883235
30072386
31732474
30974050
27565031
28013123
28738084
29370440
32146891
32707247
27605831
28189736
28192580
27577221
28409351
27579781
27628494
28121531
31725251
31886849
27598543
27955456
27560144
27602602
31004285
28219776
28464515
27644597
31128902
33415775
32201703
27616845
27579210
35275150
37666872
28620881
28965794
34934421
32171939
31796255
27637319
35396463
27804681
35056095
27563271
29991776
27963581
37881013
27639237
29956091
27613736
28749507
30407150
28109541
31138368
27546590
27669931
31389195
29475621
27601968
27630622
32772234
29865721
37823021
27617391
27595110
32759053
27557148
27650082
27927508
52169505
27556796
27577904
27578510
27693290
28101636
29010638
31519063
31462939
30491922
29269106
27529536
41560312
40174830
29419942
29597972
30613320
29830495
35506397
30325073
35966623
27984751
29271753
27613248
27535066
42815215
27610623
27539129
33448419
28122766
28530214
27539718
32800862
41890883
27588460
28067410
27542905
27660204
30938517
27594594
28722135
35407728
29772445
27788347
27901559
27578196
27595114
27528709
29978300
31233792
30940717
27835023
27741372
32224812
27918278
32624386
51084233
27644508
27932936
27540592
29668549
27895270
29645596
27651294
27588881
28037340
28040427
28091448
32042140
27596871
34675847
27566632
27639489
27548605
29581100
31883393
27616433
27652773
27698507
29233280
27546101
28640745
38802989
29549778
32751110
28895610
28724944
30852506
29988883
27582216
32767916
32682662
29185197
27566949
28555559
30993883
27603042
27596729
30065305
36286634
27991697
28918965
27551233
27887202
27561765
27606835
27609633
27549200
28373217
28947748
27529297
29539250
27607222
28044364
27590936
29643153
27536091
27572552
27609325
33579128
27560264
35948524
40090986
27766320
27526464
32277698
27656198
29125706
27600611
27547896
28191518
29313787
29456231
29486214
27913147
29027450
27523960
27581436
31105189
27639373
28379364
30359727
29814793
27598826
27532782
32720186
27759764
27554814
30262572
32157610
27592400
30729553
30520898
31003891
32122452
28818930
28760745
32254304
27770600
31004143
27567806
30494474
28408068
31186033
29989484
30809031
27630495
27815186
31903481
31833988
28864781
35532908
29430288
27584119
32055810
31104347
28806144
30356057
29670706
27645755
28162725
29904108
30731182
31816304
31682260
29367715
30020684
27593465
31916629
39707894
30243576
27598457
28607048
27571710
27591564
27880637
27598361
27815353
29298945
27733113
29377730
27599985
34831609
29159213
27908989
37153179
30604338
27545359
27601675
31979616
27591850
28106097
27533391
27548818
31132721
30801714
27542706
27664366
28804219
29702934
29328753
27745131
27592163
27891599
27606351
27549882
28133455
32839828
27555818
32523390
27573553
27566467
27775767
27927496
27732285
27590221
27728090
33013307
27543709
28522089
27527372
28190082
29218195
31255149
27908497
29653313
27573563
29891253
37773869
33265501
29798324
28229005
28875037
28376796
40880522
29136579
28842322
27534790
28715952
30800936
31974164
29861831
41123824
28182641
31122209
30056374
37564438
34422868
27628264
27543275
27660983
33086312
28917877
27727653
27611448
27556425
27623130
32924123
27629844
27853273
31967473
32658732
28213017
27611608
28945280
27953858
27930945
35472687
29866676
29718311
27564690
27784754
29505326
33686896
27588072
27632176
27581793
32362781
30943896
27516025
30534186
30942842
27582169
28151258
40718940
27614760
39469239
27729364
27590018
28176015
27627921
27591824
30620759
27572508
27616115
28782098
27557402
31659586
33154542
28307494
27604307
29047247
30091462
30868589
27550017
39499353
28579357
31871149
27543657
27825070
27951513
27537479
27630020
33498298
30166846
28020493
27714940
28928841
29626604
32435471
28813714
32331874
27792310
29700125
32916520
30124023
29909208
27573601
27680969
28159187
27526895
30993755
27612494
27556277
27650299
30072721
30893302
30671704
30818257
27950101
27652688
27551361
28345592
31019964
30835559
29585590
27619648
27797559
27629723
27558253
28115329
27578738
27824749
27605435
27530983
27709737
28514736
27715364
27563776
32432774
27575051
35042624
29611374
27585222
27583543
28069331
43052190
27571239
30142029
29557787
29728134
32194845
40204258
30866741
32746000
37787834
34585192
28651496
27572919
43811971
27944475
31471017
27552275
27620667
27516372
27583939
27557894
28179458
30159568
32542386
28826282
30451439
31262023
28741850
28715690
30690199
30172923
27889339
32551596
27614415
27654329
27580245
32798423
32875508
27702348
30386667
27582708
27678298
30379991
31288081
27606648
33965703
30093004
28058881
27654534
31350475
28064104
27582484
27935344
32007237
30400325
27572864
27918768
29748028
28184971
28187756
28276938
29955299
29206223
29327100
29861953
28510938
30626419
27587836
29900220
29072755
28899205
27601545
27597771
33040649
29552226
29031802
27702619
28150806
28597444
43482950
28294864
28245108
27674725
27519046
27742039
27550114
28055010
33479510
27601587
27602135
27727834
30342669
30792919
31431740
30132633
30229178
34266692
27611692
29617482
29249657
27819352
28808837
27611159
29623277
29350381
32018494
27582216
27738203
28026038
37977845
28902717
27566510
27589347
27510502
37910770
28043646
27535643
27737001
31346014
30052768
27632790
34326043
30393295
29500979
27554536
27589488
28310932
28800958
27585909
27856951
33720883
35575211
27591074
28427951
27597084
28167911
27549047
30166302
27527033
27603048
32788799
27994114
29575306
31214258
29147249
28833236
40492792
27536248
27563216
27632239
28433594
28487158
27547599
27602605
29032581
27903054
30196985
30003957
27724302
37750558
27542796
29752611
27571725
27606379
31608948
27576216
27595265
31007713
27582260
28299432
27565271
28139808
38437340
27609763
27539166
29834039
33311420
27545237
28783582
27592620
29727149
45681654
27699740
27548375
27576236
43459827
27610357
28545572
30003383
38708808
28092197
31852878
41072618
27777754
30428863
36292695
27571755
27588560
27611273
27558650
27626061
27557422
31384200
27581220
27522020
30075136
32878442
27580875
30322892
27857161
27582601
32697238
29271544
27968539
32366888
39884138
27764863
27992516
28188631
27762757
29091979
28959047
27532150
27575013
27527807
37104945
27946348
37818637
31071080
27577674
28186057
27553793
28616248
27612867
27621468
27574968
27843679
27950764
30440853
30708101
27614654
30184245
27549064
34966633
27662271
29840797
32792642
27560077
27600582
27541936
28305006
27569338
33014368
27557205
27593162
27606166
27543527
32759461
27763273
27595301
28261677
27738858
33135487
27606465
27625024
27681395
27657521
29291163
27538810
27569111
27539550
27560366
27839342
27548108
28598314
27516943
27589914
27560698
36660412
29020950
27751699
27603696
27613097
27535611
35129036
31564488
28320790
40206463
27552310
27773578
32927856
27543073
29109803
27626581
27609516
29315841
27688377
30466128
30390880
27610204
35649404
27864826
27863954
27968386
27702517
27961180
30185113
31274905
27597399
30319215
32240992
27580206
44790086
28983343
27601482
27546917
27590808
27590275
27520206
27571740
27576435
29341372
32070801
27544244
37571842
27640098
27581369
29060269
27545552
27585039
27544670
27632394
32863512
28721227
28420937
29291376
27572955
27576619
31178039
27549951
27594456
27621299
27570526
27570574
27604208
27776833
28285004
27609396
27514701
27561367
35552955
32666743
27838527
27591144
27623837
28827248
55757973
32546205
30433278
27568011
27612610
32238977
27964172
27564440
27850983
27573537
28160242
29125677
27769359
28562573
28665971
28712928
27654053
29447021
27580199
27603857
27572638
27752209
27580436
28699737
27568930
29578039
28641816
27864445
30299884
32117956
29388347
34535783
37010409
31606837
27915810
27928794
28169615
28187423
30888689
28212428
27740600
30798037
31745923
27558197
33018852
27579251
28203232
32460734
31012042
31699712
27596298
27544429
27621728
27664873
27578836
27909282
46391107
28231125
33346027
27777849
27595429
27570877
27551128
27967556
27979961
29063954
27534282
29169520
31913314
29721431
32304385
28735245
42910427
27620175
28157185
30841010
51380136
27537443
27887630
52920490
28441422
27633285
29783392
27530039
27593570
27611216
27549151
27626937
28113253
27652212
30492146
27574255
28049024
36002078
28852639
27566443
30049902
27544631
27578096
28498513
28128098
27578673
33651179
34453865
27707827
27589364
27527214
30487009
27602591
27537738
27888234
29017298
28002195
29793818
29410215
27932637
32203755
30158560
29552327
29595466
27964062
31082130
29918450
27914453
30304188
27592636
27526184
28994380
28539619
29578711
30484736
37748553
41599730
29559960
29315575
30959723
29625241
29604747
30076936
31466419
27849671
27560624
27590987
28272282
30030215
30849496
28780499
27872798
30193698
29927625
28402439
27632161
27593774
27678721
29237672
28679625
27698389
29784170
28902695
27581253
27548390
27859481
27575413
31423596
29238085
27574477
27600914
29181504
27537154
31509648
27559455
27594048
31096725
27603408
27798798
29907311
28405849
27993594
27567842
27611750
27546072
30665097
27625295
27635424
56178750
27742238
29020712
28640388
30423660
44345041
27594594
28257261
27625813
28395466
27557908
27785532
28446728
27535278
27564694
29813245
30032476
45439861
29019163
29875787
28174682
27620332
27557247
27836613
27590849
30593497
29245720
29719690
27672618
27540736
32790399
27587323
30238926
41806649
28568349
31099441
27591789
27583164
28019065
35448526
27820079
28926560
27604147
27770879
31855962
27981968
30673752
27587525
27551548
27544505
27814219
29692333
33377313
27590895
29249610
29143361
27534140
27612922
32240713
27655392
27723270
27555472
28472949
40176754
27540961
27575929
32372793
39726019
28933536
27620361
27547244
27604657
27911680
27997127
27847281
30161974
28104903
29005815
27592514
50343154
29307326
27527114
28887826
30651782
27769335
32152652
28586187
27523758
28486289
28161211
31281957
29503585
27621303
38988809
27550301
37697826
28396554
27612512
28250646
27567298
27757324
27642109
27606044
29588857
47177552
27616916
33187665
27549934
34729268
30826120
27602201
36670154
29024936
28446529
27572922
27626983
28649116
30019819
27618126
28087125
30381109
42036542
27605415
37705115
27576823
27653171
27633206
29765529
27537103
27894380
27589851
28261765
29418176
28169602
27813683
27623160
27581658
28043570
28322864
27554674
28406146
30376684
27857461
27640937
28233555
29080035
29081301
27585184
28813964
28044345
37736053
29158158
27582254
28117424
27609800
27550340
27589524
28020212
27789049
39444565
27542508
27578389
29199117
27895132
29855422
27689076
27599032
27545960
27589908
33427331
27637345
27548412
27569632
27859256
33136259
27524447
28126254
32615229
27580215
28181780
28039434
30543916
29615436
29570431
30602500
28385089
28000892
27581704
27965226
28894365
33673678
32802435
27551065
28579939
27582193
27798590
27865502
29598441
28129973
27517077
27553541
28538936
33076483
27577849
27616042
28450815
27861060
27569945
27900336
27567211
37817741
29933981
27549709
30036289
27549133
28606384
30336917
29460043
28524560
27595100
27765487
31715359
27543920
28820933
27717790
28006926
30074907
27567835
28273836
29356350
28323470
33616899
35383173
27918812
28103182
30294832
30041084
28166391
30176737
27540628
27967113
32056545
27579867
27580655
27866739
29654369
41567776
27594748
27756383
27532694
29337458
29574417
27641250
28153847
28428674
30640066
32194949
29997809
32884627
29258925
30923683
31606902
27790165
29605855
29170373
29998571
28418713
32304945
28046608
32557263
29200123
29451703
27672606
29470295
27703123
27536490
27574047
28489133
27847294
27960881
27518950
27570741
27599461
28834737
28818339
30830309
35437492
27583884
27634024
27805331
27546935
28596467
27790049
30228028
30190737
27577854
27587985
27667590
27556900
27609709
29539770
27611837
27522677
28615332
27605372
27525965
37353717
28060736
27992963
29111796
27593227
31961109
35217209
27576683
28622262
28825292
33708187
27652471
34362015
31947652
27851903
27603881
27760045
28401704
28046573
29674155
33979585
31200581
27590371
27608323
27870661
35237282
27610532
27560552
27571694
33008026
32314173
27532803
27602097
27619446
32379059
37830973
28002542
28275258
29633031
33681696
27621724
27559415
28089693
29922655
31986047
29329918
30619919
32573436
28163374
30908849
28239506
27871259
27518924
27628130
28992838
31333724
27566427
27528233
27571759
50505831
31830183
27608120
31939068
46158296
33801322
27958400
30674774
31920424
31140775
27711846
40002392
27565139
27581913
27612496
28046352
29600807
27600357
27954554
47954831
27580107
28991389
27548859
27606554
27520509
33160010
30257660
27848769
27559260
27948478
28113952
37784724
27565257
27612430
27560929
27561757
30653157
27544952
29455759
28912087
30131855
28547159
29476328
27824418
28993766
30896864
31571062
27583319
27810250
30397001
27593877
30530811
29318411
42718434
30051188
27897860
27579131
27670494
29108654
29793640
27613235
27699541
30297250
27549960
28204314
27662534
29423296
30379625
30186430
28647901
34239711
29583617
27651472
27563197
27603975
33800802
30080038
27592522
41892608
45349553
53751482
27676825
36982052
28060915
27633089
28029761
30527445
27636988
27807142
27594633
29605293
30807109
27519477
32909618
28724755
27726607
27601680
27550579
27583790
28694315
33167668
28236487
32500114
27654410
27666720
27596487
29507548
29937871
30685076
33072322
27594201
31524394
28822895
35359039
37408845
31888558
27913220
29196464
28986236
28891679
27737387
27589100
29579215
30164962
28044921
31739685
31032529
29329834
33660502
29508274
35853374
30529635
31348576
28472472
30607222
27529671
30422128
27571527
27560547
27660647
29362633
38614646
27575391
27692442
27918837
29260968
29739206
27579251
29435376
29096656
29930117
28298932
30782881
28069750
33025866
32009339
31652692
27616960
30700339
32654960
29950054
27683372
27992073
28557320
27767501
33805470
27524781
27575182
27698917
46064871
27562950
27595403
27526060
27565290
38244314
27877953
30854913
27806781
36121821
27784821
30173955
27519586
27609884
28101521
27546464
40284111
29831697
28596603
28901411
28890676
29940268
31066795
30729926
30655849
27543569
27778951
29375566
27715949
40691074
27617760
32917566
37752313
27600481
27540145
28337359
30579199
43937713
27978177
27555525
27582949
27906687
27576679
32685043
28383109
27584263
27579272
27942273
27546519
28143075
28004380
42817195
36581103
28090437
28561965
27538983
27599508
27619007
29730037
27611194
27551972
28209025
41684019
36613913
30749020
27528252
27757082
28805703
27524114
27589355
27584897
29201750
38107014
31802869
27557879
27601971
27566120
27578702
27561891
27625958
28125864
27588446
27528849
27571761
46312640
32839898
35442755
27613840
29645982
30140356
42806603
27585935
27657579
34082738
28009038
28458810
31380940
42206795
27586619
27642751
27912676
28209171
46725845
28780220
30007659
27577635
27617549
32419652
29922583
42144299
30521686
27590475
28346939
27571487
29805835
32541529
27545251
27560034
28368828
43866467
27582850
27528715
28567689
27625325
27527872
28671157
27585941
28185530
28680129
29067356
27822417
31663098
29306051
37721596
27920040
28428400
43732999
27559484
27582628
27844077
29682998
29533999
28035528
28019477
28180102
27545929
43726704
28008279
27576819
33631063
27521004
27572982
27629274
27576512
32494724
36342091
27763659
27739577
30366314
27584619
28027474
27636675
30157867
27977134
33616659
31093213
47462264
28293235
32893611
27586914
28532739
29497006
31906469
28267671
28377562
27552084
31390576
27719731
27698201
31505819
30072898
27552385
27597702
27594567
35281685
30524691
28715568
29236386
33136175
28513283
27607621
28379002
27623654
27654738
27865704
32531113
27552484
29199107
27957597
27649739
37653515
27584653
27971718
27602132
31920736
28415809
27525081
27554758
27584182
28196009
29089673
33938958
27568166
27545922
31733086
27623074
27602063
27552175
31241450
27738113
30654164
31870229
27520098
27555921
28149355
49647711
29814617
30833747
27576082
29104532
30464473
30795000
27733558
29657199
28567238
30472729
29987271
29643719
29097386
27992945
30268929
27604311
28738005
28289239
28812839
27601586
27596294
27646773
28755858
29397387
28010597
27715533
31034585
33471188
27613095
28453634
33532756
27561638
28254422
31927149
28405908
30657866
27489717
27548511
28218234
29113644
27558503
27602248
27635353
27558155
30755574
28683735
28033119
27551182
27577387
27608138
27546000
32030994
28124864
29502435
29314813
27577221
29265068
30426943
27613456
28110138
27618843
27587162
28060047
30648440
27536008
27778264
30438193
31492303
38528532
27589254
30399328
27591694
28172564
30596977
29243575
34700727
27607987
27606689
27582691
27627541
30831895
27607143
30340165
28973143
27619544
27625750
32880810
27640378
27644231
27702754
29130430
28525508
28746556
30121252
30288895
27543809
27596870
36529549
29234384
27586930
30069538
27667717
33212296
27608148
27543874
28238700
29649961
28228931
30879762
27603627
28139814
28025201
28581128
27982076
27581308
28008597
37104582
28064231
27559514
28096739
28078203
27548011
27573587
29628784
27616851
27538637
29802165
41169780
39427820
27605059
27640071
36607594
27797321
27560465
27585821
31849072
27604196
27598164
27567059
28212440
28824855
27571399
30706954
27994301
27540530
27567754
27802312
30757657
27589035
32107246
38178169
27889388
36087260
29108077
27583313
27599407
27547197
28185759
32876569
28610392
27569474
28287116
29138363
27838290
28254567
27943951
29017267
30830782
27662100
31309236
28178134
29541184
27531944
28537702
29463151
27604783
29768507
40024575
27579677
27608614
27960251
28456797
27619069
27529858
31751903
45705296
28047334
27559596
34196289
27527683
28441935
29244355
32550788
28625255
27527982
45582009
28798660
27588742
27627397
31885678
30178123
27621761
27585969
28686838
27612806
27532656
27573386
30532060
27608102
27533884
27868805
27533813
27745839
30777865
27557587
27812085
28400349
27548822
27553802
27731783
29855710
27846522
29055230
28724809
30330545
27583300
29013108
31298997
28608007
27564442
31812052
31400875
27578826
27617363
27958443
28021778
27736089
27601175
36405982
27594671
32631350
27849397
27554772
27581501
27602398
27537993
28946253
27627614
27711277
32187096
32624655
36557008
33615780
27830587
31296716
28649843
29729974
27577495
27567331
27539822
28843413
28465314
39884222
27636547
37238547
27753954
27526970
34319711
27886868
29150855
29141645
27616383
27597614
27526200
27562401
28293324
27600846
27605187
27837995
29702418
27893326
27607812
31182590
27607826
29180047
27530576
27580130
28282863
29213255
36172787
27579431
27630513
33910071
28045942
27542376
28352130
29204161
27936996
27743873
31973191
27508952
27581616
27584586
27521427
27570201
42205207
27554583
27583364
27543165
28176890
29449674
27534639
27551747
27589583
33903753
27584586
30022714
27810692
28809534
27539294
27955973
39664928
27673317
33192523
31106173
27645896
27566874
27786694
27624978
31150133
27596331
28277019
30406600
36616763
43322110
29167718
31874745
27554322
28605586
27777419
27565732
28069974
30759334
27622556
27517360
28314114
27902655
30085175
36728441
28152184
37526660
28421896
31582642
27744657
30374398
28638776
27615882
28067245
28267696
27544840
28227688
27613418
35700149
28566984
27540284
30495987
29418312
27628910
28148658
31264939
29838128
30950248
27835563
28693754
27553559
28265445
27593745
29513924
27547075
29237025
31519244
30318852
29827117
27603322
32256557
29983539
28020773
39301436
27530785
27684491
28926371
46052386
27512521
28282381
28691219
27559632
27650797
37030616
28292163
28790361
27738143
29487388
30760746
27969729
27588017
29663571
46653021
29182142
27546474
40004933
29510405
27580402
28097424
29798366
32067967
27571101
27618311
31438241
29155861
28398338
27731552
33019285
31878193
27612857
28273141
31980417
27592807
27579096
27951981
29364593
30349028
27606646
30710869
27598152
27995516
27590749
27643902
27606087
27572927
28760728
32837903
29059154
29804013
28842678
27547079
27535288
28750514
27996306
33273825
42723330
28745226
30086897
27577048
27610213
27620485
27550758
27565702
30477153
27577229
27584079
28508031
27852599
27600609
27550756
27603978
28159739
27605874
27528047
27583717
27598118
28007450
27710227
32887030
28594751
27580757
27626999
34526793
30146789
27572198
27527673
27603853
28139138
27609916
27795700
33759767
29073544
30534435
29114550
27588031
27548095
27786649
27599257
27593172
27604577
28814803
28054807
27985471
30002336
27562449
27593651
27577658
28005201
27585094
27593593
27783070
31205380
29512958
27578344
48836334
29368026
29612773
27609599
30945659
27599680
41498313
28341277
28113134
27600826
27666759
33575331
28447636
31163222
30131349
28658897
28019138
28711008
27586301
31524600
32151293
27577765
30956549
27569900
30368197
28095633
30001814
29815668
31567205
30668477
29691107
30343320
46604435
27586989
28916374
27578432
28404744
31162726
30094150
27846380
38614046
32497779
27877417
27897297
27558779
27603320
27576518
29288957
27556281
30100838
27519560
27657797
27581347
27577848
29115818
27577000
27609936
27581204
27885794
27537858
27577589
30120201
29034468
28215382
29605158
36581263
27552147
27645865
28419869
29506925
27885174
31897371
27523458
30972132
29522220
29967076
29102162
27556844
27589183
27807021
27597304
28439836
30034487
33865289
31490738
29396898
45972942
27605703
27558869
28751523
32539766
34296935
30316337
27617028
32251231
27597915
35756201
30872429
28378748
31959769
28588654
28155597
31272749
28705566
27563104
27602979
32607538
27571682
30195799
28088673
27566608
27592563
27608827
27549076
27627363
29253051
27652120
27724682
27601097
27581802
27613105
28709045
29700706
38136130
27863002
27568310
28599082
27842123
28700228
28480291
33608289
27555769
27559206
27686994
31618631
29280600
27674187
27620537
27599636
36593462
27635760
28222368
28252252
27593833
28599630
29750668
31919871
28236802
28777452
27584257
39588924
28246934
31431106
28177504
29587472
29941740
30904018
30442033
34291465
28159422
30624319
30462958
30492071
38015601
29306091
29426733
32334709
27830142
34438256
27527651
28122181
33691359
27614258
27570426
27642863
33990153
27659881
29428482
27542917
30218254
28494045
27579426
27542133
27919247
29378389
32935615
27611266
29720183
27982847
27558310
30440967
27568328
28134271
28503607
27714231
28624668
32139536
28405175
33435974
27596946
27653708
27533795
27574587
37724714
50162401
29259033
29330496
29485736
32745841
27639673
27545913
27574615
27552617
28640794
29469299
27642735
27629963
28674683
27602078
34110836
27603337
27544631
27591828
27545539
30386269
27559082
45638300
31049131
33786370
30568202
32433962
27599297
27646030
27543380
28119284
28884488
35660873
27884319
27667530
28897619
30979965
27530645
27580225
27588559
28085283
28547134
32805152
28600912
31609347
27806100
27557148
31292666
29071585
27545418
29707063
27608114
27650338
27570073
28946996
36625414
35658002
31024390
27564151
38162278
28692796
28706799
29652269
27556312
28540547
27572520
27865173
29416729
29619226
27639308
27709217
27672076
27715216
31292515
29227002
27602033
27571129
32537490
29072586
27643899
27573666
31877745
27583849
27614470
33745790
30011178
27657220
28190774
27615016
29166640
29047015
28623430
27613042
27610027
32374767
27616370
40746325
29089567
29709814
27655322
27551337
30842478
31549304
27647173
27596804
27628989
27534934
27611909
37691719
27683812
28683229
27538881
28230613
27557197
27599012
27573748
27533202
27697577
27588981
37735369
28358314
27567044
27657819
28855895
27632727
28094597
46858309
29816221
29956150
27584158
28019489
30703678
27581344
28166621
27610517
28513808
27520980
27555255
27708273
29366492
29907229
27522320
32490131
30190661
27625061
27591763
27589959
27526238
27832896
29822802
28482482
27584444
27592421
29438953
29477577
27558891
27560143
27588413
31440673
28035997
27549347
33315681
27588611
27660677
27600796
41297630
27565992
27582876
27617182
28704819
39783544
27888431
27582945
27968903
27545737
27627386
30246146
27544548
32737947
27753316
27640289
32931180
27553648
27599628
27642253
27611011
27544963
28113974
27605776
29674602
27530096
27573283
29422865
32257315
56571714
27578556
27589389
28323733
29737699
30296509
34588395
27611390
27526866
27569173
27797774
29580711
27719484
31499492
35722931
32627446
31199352
30716227
27912879
28390538
30031576
30925806
27575182
27610761
27852323
43137140
27547451
27855382
27524646
29515462
32102712
42212859
27582907
27621604
28110566
31240824
27560810
28647606
27536437
27554367
27589489
27539998
30020252
32649398
27564871
28247723
32483429
27559208
27568951
33239921
31874540
27566228
29633250
27638051
37771430
27818863
27655761
27622867
31856957
27596548
28046521
27549750
27601988
28354769
27604397
33480823
30397061
27876619
32960878
27590763
27537380
27539363
28226307
29042652
37804455
27597591
27574200
27831087
33921573
27537372
27559344
27601182
28604562
29067801
27558536
27596662
28054556
28365809
27613363
27803388
52706830
27533033
27539340
27593339
27896294
27635184
32775001
27591783
27609627
27564710
27614314
33841135
27580318
27777902
27617672
27513825
27642009
27676325
27567906
27592746
27513066
27572687
27633096
27673565
30920671
35287428
30778911
27618439
28543592
27542372
27657941
33886775
28610763
35867786
30156346
27596805
30891157
28218525
27860923
28800545
32607063
29303507
31846144
27650779
27620905
36800707
28572590
27568694
27606418
27611642
27510659
27567418
27512735
27558952
27590083
27520246
31237125
27579222
31166251
32685004
27645806
29072028
27631496
27593895
27586167
27692202
27549233
29504483
28921244
47874080
27599433
28148524
27542373
27580061
33439225
27618687
30521758
29532201
28138382
27547152
32764004
27571379
37901307
27576713
27586906
27524550
27550885
27620532
28421754
39419737
27615398
27562222
27781321
28199468
27557784
27694709
38464674
27499792
27541111
27627553
39275304
41539733
30890610
27527321
32631643
27636505
32992495
27781305
27573221
30239576
27601898
32801269
27591045
27504898
29640591
32686987
27577409
28889927
30148078
27524745
29402179
27592661
28091579
37678103
43319976
32691496
27957258
29805289
27514098
27579185
27637778
27571546
27561621
27994675
39077124
27619489
27684678
27574263
27814573
28227735
27639722
27598923
27826839
45389884
27553502
28202701
31611708
27533238
27588498
27591015
32651470
30493795
27611419
27671085
27566173
40653137
29215615
28117454
38827306
27599493
27754880
27525865
29973985
27600906
27536774
27642906
27721267
28413450
27628092
27725490
29946136
27630631
28574095
29530187
28405829
41095368
29368010
27864018
27548073
27643868
30220948
28298471
28775916
27579874
27598421
27577580
27545046
27585116
27583786
37976185
27738137
27526667
29499720
30961144
27628179
30257880
40958407
28062464
27533214
27686329
28429334
29283078
29859393
28948361
27821576
28535431
27650174
27597551
27545316
27570599
27585209
27735388
28791841
29217156
27525416
27600343
30399389
28423208
27519588
27547719
27635457
27562709
27534625
27583063
27554026
27563926
28033372
35619518
27618884
27630275
27522089
27561176
28194938
29385224
27543646
32421177
27557505
27816305
29707374
27829492
27595165
44409615
27622542
27545533
27588921
27615772
27590353
29560712
27581528
27786431
27640933
28000822
27535245
27625242
27963991
27571637
27625410
27521847
29877538
31394776
27972896
27570000
29957086
35165016
27626262
27800620
30109162
31435605
27678678
46464377
27572898
27512625
31396992
27559511
27704521
27575342
27617107
28385845
28653389
31130439
28157195
28449151
32960015
27947967
27584264
27506949
27907763
31210402
27563585
27598458
32779496
27652149
31316501
30739530
27662048
27545814
27574152
28202876
27976839
27661087
27632619
27501204
33242516
29062436
27561590
27889713
27582385
27611830
27561493
27588959
28029335
29602187
27593347
27602849
27627403
27594021
27561054
27585500
27761803
33934716
29700656
27916730
32120597
27594466
29469631
27567255
27581824
27592898
27605037
28258370
28536753
28380672
28699907
29143415
28925147
27610560
27621039
27913982
28152256
30298454
27595222
49931415
27616349
33449608
41910873
27545570
27802436
27957479
31742679
30942210
29998892
41099010
29523199
27873456
32925360
30055642
27623213
27594174
27521116
27595247
55007858
33173475
30608715
32483252
32119450
27527728
28421279
42115115
34229051
30409954
29528274
30081442
27851090
40804184
30209841
27601364
27628234
27516094
28074315
29953926
27540567
29996678
27547459
27583873
28338348
27561285
27684701
27619626
27937721
27573811
27716981
27505251
27552259
27579098
27978856
31099089
30349963
27555198
37544993
27591917
27585749
27519245
27683115
30006159
27587456
27521403
29132409
27871069
27538445
28687029
27589835
27970172
27866846
27552509
28025345
27919782
30246914
27648595
27659304
27859177
27567979
28436107
27551958
28697569
27612121
30805206
43883400
27537857
27595210
27607263
27537240
27573910
27884525
27568216
27700646
28603634
30888702
27524851
31780473
27583156
27759349
27578366
27962594
27710115
29117469
27584803
28015927
27683888
28341087
30668850
27706983
27596666
30043427
29498004
27559971
27769332
35988688
29020424
27562426
27573522
27597267
27538447
27572717
27577479
27521020
28594242
29172810
27598856
27580924
27524421
27944833
27603296
27547333
27558180
27612105
27596239
27595478
27694887
27569389
27670520
29731502
27595269
27532217
30151627
27510774
27817233
27522024
27587573
27830760
27706880
28334018
29448027
27609480
27730540
30773687
29714265
30100384
30800603
27564383
27588361
29715280
27561982
27590638
28217526
27550345
27571876
27602711
27559187
33214256
28004614
27693106
27536269
27952678
27560028
27647802
27582480
27506284
27781636
27976957
27624289
38800895
29756346
27534713
28726703
27569179
28998403
27544061
30337684
27628992
31369743
27595598
27548731
27592736
27598770
27530524
28521491
27530587
27565368
27536056
27581729
27526817
27557625
27588772
27589501
28464695
30361654
29952139
27575584
27614904
27581962
28017241
28698607
28168973
27562228
27586715
27847601
28649493
28727195
29232305
28485358
31264783
27546346
27587828
27935664
36332166
27553466
29750169
27866725
32849436
32588051
28476955
28282786
32021551
27585413
27853322
44561889
27605222
29254481
27525530
31430291
27537512
27844826
27660269
29067184
29830375
28999774
27570310
28557854
27543650
27588290
27807888
29099860
27670658
27535028
27587903
27957952
29605802
39393392
27554088
32861562
27595624
27587788
27515221
27560985
40399352
29853826
49659279
28028916
28204615
29210195
27542746
27574706
28118136
27535463
27564777
27575588
27518245
27597346
27605747
27542379
27569878
28162220
27836886
27561298
33247886
27595309
27580002
29409380
27576178
28628320
29413653
29997165
27526131
27586268
27562835
27599153
27645466
27537142
27559019
27598035
37312840
27600129
30092808
37510771
28730199
33966331
27530265
27572029
27581698
27532800
27570761
27863824
27580294
27585397
31730483
28191731
30825092
37707265
27560394
28483502
27551395
28107079
39930975
40173573
36751526
28947219
34322655
28863096
30845315
27575153
27588639
27636088
28219104
29038691
32666008
27622577
27574333
27977393
35661423
27578808
27583971
27765587
27794985
28460648
49380077
29275172
29378082
27591293
38135825
29916700
28824155
27920200
27625144
29625602
29459899
27601248
28937614
27533027
27646532
27584570
29403826
31143039
29366443
27563897
29373327
28565544
31543121
30966514
29977250
27569360
27575663
27604119
28034453
27586837
29000312
32759127
32114550
28841611
29699247
27574209
27769298
27560051
28278063
28047330
29495639
27553857
30165053
38942873
27593713
29354853
27580836
27602488
27518737
30307680
33119267
27605409
31551581
27722543
27600967
29679471
27584023
31864353
28768545
29066845
29248584
27574369
27601949
30322847
27585096
27522613
48301888
27892654
27537951
27575636
28494345
28542922
28169058
34919958
27985683
27606016
27509003
28430007
47397434
27625689
29887682
27596861
27820884
33448654
29313783
27581100
33347443
27570069
27600952
27518755
27563120
28696198
27568623
28601269
27488573
27684934
30085508
27564134
27589289
27916667
27910533
27533007
27548989
27632637
29743842
29834954
27588222
27858300
28911639
27656961
29757829
29444449
27601104
27816353
43440179
29302823
29660176
27552858
33514646
27561005
33801627
27539613
27583318
28016905
27647100
29322758
29458587
30024615
33151895
33885544
31366979
27590911
28191485
28535441
27567757
28177216
27558160
36544253
29585264
28775455
27569488
28235798
33057796
30375640
27601362
27665906
27562692
27582699
27548828
42787986
29096958
27628400
27597056
27521694
33834978
27625300
27593879
27604801
27783949
29159676
27548432
27645207
27590432
27507197
28036842
56234240
27579478
27546843
27570319
31681300
29076044
28863622
33079633
31524214
27597614
27531010
28495492
30215754
28879991
32414462
28224452
27603268
27518593
47988572
27799636
30129806
28041774
27914476
27531821
28091798
29049567
27546226
39230018
30625839
46670676
27621951
27522044
27605765
30514088
30244628
27543579
27689057
35387640
27576248
27644780
27601903
27632802
30180347
27552233
27570035
30701235
29188995
27560928
27726240
27635164
27956123
27826431
32973940
29805309
30491508
29569749
27542308
27577138
27594734
27540475
27706323
32492242
28980627
29036176
31392368
28795908
41450041
27523033
27596371
27699366
27574537
27534853
32895868
27575184
28513810
27573876
28322678
27592965
27537232
27604413
27579607
28915994
27543752
27570796
27605884
27526750
27590483
27592091
27527019
27566955
29737693
27629781
27620808
27558070
27545200
27802679
27588271
27525629
29597130
27641031
27594383
28217975
30743125
27543826
27589029
37803994
30484407
28088089
27606485
39736363
27594426
27566437
29424576
33296990
27589311
31054867
33093114
27650545
27531526
28518913
30197155
27594033
27524191
27593203
27589400
27893685
27564975
28650719
27577605
27605557
27588062
27526683
28324699
27528504
27572650
32679595
28739669
27550558
27585076
27574058
28220360
27581559
27496670
59225374
32656136
27512479
27563660
28045755
32750892
27583054
27917995
29509441
28768224
27627925
29299857
28202365
27623273
27905550
29036749
27590712
27519948
27977430
27549982
56140208
27903412
28185379
33471932
27560764
27577452
27594746
30202932
27573331
30651220
27529814
28221192
32876483
27604490
29690952
28203850
27515062
29841053
27535072
27565216
30958281
27786042
27546509
27948735
27601287
27635540
41182290
27670935
27874465
34224714
28016998
27531049
45644902
28743650
30037596
27870527
27656618
27613044
27972138
30918034
33018245
30097948
32036879
27592776
29411772
27550495
27947064
32092374
30773257
27559792
27562652
37827893
27657873
27514770
30901715
27534494
28163938
27573686
27589611
32957600
33241991
27587389
27635790
27516280
27569647
27606719
27807299
27714814
27635530
27511997
27561783
27566998
27634320
27527287
27556191
27574717
27630750
28138770
56325106
27723938
29463897
28749272
29852909
27602433
27651357
27907106
27570550
27597326
27545249
28064051
30873661
27539531
27586363
27619104
27530102
27550508
27632213
34848064
27572708
27601949
27532182
27554266
27586478
27641760
28338359
29357262
29277818
29908574
48724772
27606093
27569856
27598909
27567630
27680967
27684341
27840534
28869278
30623402
28745013
49816795
37696856
27605709
28460743
29858973
28585281
29563964
27536086
27597581
27623517
27516186
27555986
27777242
28803202
30046234
28095720
35967545
28375598
30069898
33032643
27537662
29133033
28685707
28794031
29702679
27971992
29264913
27618971
27628010
32764119
31879447
27552354
27834337
28547417
27580761
34426332
27665984
27610528
27807642
27587237
27548109
28331091
28879049
27646028
27934101
27530701
27562314
27612350
27890635
27595502
27890503
35816459
27866440
27620336
30201190
28085157
27747388
27585921
27591434
29765560
27633316
27761437
27541682
31753377
29842872
27544020
27622951
27575460
27528796
27556823
27974867
30708122
29761052
27552793
27589258
27527011
27692797
27584858
27587072
27533693
27574393
27543921
27556244
27557664
28718792
27584582
27508748
27993821
27593528
28505087
32563901
27573685
27625967
30221023
30795247
29102766
27533476
28137714
30418850
27612508
27525828
30308496
28368108
27613144
27513795
27529146
27599778
27530484
27564363
27583154
27533935
27595672
27628315
27778849
27530198
27588318
27595037
27825249
27510426
27582855
27588539
29389650
27880724
29501319
30506844
27550737
27810774
27553506
28581207
29357229
27511845
28955532
32025122
27565811
30495830
46225431
28582163
32641844
28190390
54485170
27565002
27880680
31350343
27602504
27521788
27545218
27571358
28109654
30002407
27606093
27597127
29401517
29141468
29761400
27573230
27596522
28789658
30510315
30910506
27648122
28069464
28509898
27596550
31134005
27575997
27754336
27588598
27524443
27780574
28434171
28206994
34507755
35358086
28734743
28932162
27593753
28048311
28792096
30572334
29965843
27576981
28697041
27963321
27849090
28440228
27505735
27836437
27558648
27620657
28160969
35573921
27781018
28016428
27768770
27630185
27742421
27600245
46615254
27604121
40193037
28675970
28953973
27987014
29851043
27623525
27985201
27546449
28029113
27602212
27523220
27546052
27571755
28187917
27525270
30865349
28712328
28127911
27755804
27541179
27566810
29462379
27871866
29955360
27514650
28202712
27595704
27603276
28833843
32882189
27559927
29248329
32693012
27669160
27507953
27626568
27570104
37279891
27900162
27608394
27700150
27575309
27647639
32271915
28530541
29819006
27835519
28478837
27563721
27962218
27544408
27572775
27611432
27551144
32630471
27563736
31570171
34360036
50318241
28291910
27596439
27533984
29779159
38003446
32288193
30061221
27564215
27623165
27603280
27618470
27629341
27541780
27557666
27595862
27600481
27661871
37925700
32998406
27599890
27544408
27591397
29735926
27558363
29984005
27623576
28383873
27837566
27545974
31857584
43561970
27518240
28092632
28310494
27576231
29469692
27602547
27517996
28635482
28537305
27573280
27669893
27675724
27622381
28899111
27557125
27611458
27607783
27527148
27560563
29426644
29661771
27586258
28102331
27535135
27671154
27661816
27553723
27575661
27564410
32332739
28202928
28733898
29472341
28462808
29775551
27712156
27573446
30780403
27767415
33428025
28449661
30125893
32160193
27514718
27675162
33591529
27518363
27595263
27614290
29377339
27588021
37467046
27593859
28839794
27714115
29070968
37889985
27568882
28007619
27584029
28157071
29258907
27524849
27805308
30083942
33023508
27714556
27548459
27559907
27595134
27610572
27538938
27566185
27585295
27631228
27517969
27571523
27598819
32656292
27519550
27621145
27592451
27552202
27565657
27585793
27599985
38244688
28074207
27585332
33192104
28624269
27514079
27967456
27522895
29675658
27868409
27560816
28294177
27880594
27530255
27599987
27615281
27588504
27518205
27560677
27660218
37762811
28498277
33051781
29338446
33787897
28472736
27649525
27600813
27585898
27531008
27800193
29359252
27574280
27720932
27605997
27528691
27545143
27578556
32539227
29398204
28480465
31735982
27536206
27571091
29406532
28445188
27648837
27709211
27541190
27573291
28576263
28880961
27591330
27639293
34048629
27589157
27649040
27541702
27580463
27569986
38150598
29807186
27639256
27551077
27581001
30780935
27657930
31557514
29982777
27563640
27600834
27590615
28672713
27557008
32968256
32662506
27523472
27567510
27576508
27599753
27574977
59201190
30826256
29384351
28348730
28498964
28049968
28701032
30145710
27576303
27575746
28011379
27560063
27574594
36668976
28391990
28596429
27590558
27606678
27601537
27578929
32267180
28300494
42975059
27645699
27669454
28471706
41230041
29076955
30558651
46602136
36208658
27628948
32699863
32817893
30994693
29711770
28295591
27576724
38382614
30209585
27645211
27576830
27599709
30388568
28040331
32506328
30050932
27864606
27531063
27609895
42650625
38018825
35617571
27517337
32790586
29356482
29579400
27650388
27566224
27643639
27569977
30814600
29223346
29395243
28785543
27564791
27597944
28026554
28032652
27703792
32894895
27661380
27592779
27559803
27580424
39872452
30450808
28044230
31304621
43084562
27513919
27576674
27868078
30110878
27528077
30614667
27508057
27545604
27980893
27544486
27604017
27576766
27846506
27579097
27969080
27591909
27523501
27563778
28172405
27627644
27590363
27557224
27544802
27666479
27585980
27611906
28959568
27623190
28376808
32106662
27612238
27538963
38237396
43630189
27568055
28091987
27519399
27554853
27553875
27614456
27987202
27607352
29776814
27566023
27579561
27606046
27519219
32490990
27602106
28635349
27533953
27559082
27613361
27526033
27552886
27595803
27946858
32746574
35435244
27534378
30155521
27520619
32092852
28358270
36812811
28889530
28494834
28273032
30406514
30344815
30698510
27692910
35630057
27588739
27642554
28424437
27527136
28214772
27713437
29537164
28007651
27675273
27981411
27660894
27578350
32947549
32464797
27749968
37763991
38037114
27555690
32670906
29056227
28871566
29485682
27709554
35487294
27761995
27536829
27555320
27576959
27539765
27564952
27577227
27598396
27762662
28197231
29853426
27524142
29849733
27708135
27749278
27639152
27532853
30412797
27557737
27730459
27603089
28249205
28673436
28761380
29754148
37763803
31637523
27563740
27611470
27516147
27556439
27588882
27507581
27542500
27574338
28270367
27513131
27589031
27566557
27512026
30630273
30633291
27588663
27599973
27528993
44393402
29433515
29963411
27912155
29895346
28317330
27922948
27620949
29389648
27557465
33031214
30554546
27658984
27555375
27577250
28370806
27591123
27592549
27979494
32399003
38500775
27661205
28376624
27527804
27599418
27608553
37643320
27601541
30119885
27545259
27570685
27523702
27582516
27588218
29249398
27574723
27606548
28481443
33451846
28422432
32321571
35978912
29574561
27545932
27558235
27607149
29725779
27580028
28149625
27551792
27565094
27616633
32267213
32119431
27739004
27548109
29969212
42884360
27568578
27599342
27585715
27604017
27568637
27576526
27590548
27533497
27581872
29106687
27547725
27531438
30205878
27645918
27586030
27598795
27730527
31416730
29890935
27559031
27776261
28974294
27763292
27524729
36376860
27546657
27577631
38132703
30530604
27603298
29229842
28685382
27680630
27513418
27592535
27673173
27828779
27563780
28561903
36369227
30269907
27652552
32699993
27500688
27597659
27615465
27601848
27601497
27981661
27568009
27586181
27602987
28301918
27741373
27583591
27563397
27584808
29192895
27558172
27554770
28089961
27548042
27579069
27738655
27587239
27513486
27547985
27577569
27610641
27666153
27523005
27569025
27757037
29986680
30146915
30265680
27594892
27874379
27618716
27541431
27580856
27559224
27707733
27583391
27522357
27566054
27717355
27593105
27538184
27591424
28316541
28994024
27574065
27908593
29324234
29836889
28119130
33007685
41984410
27633046
32700573
29118818
32892302
47877401
28208643
28219711
27530849
33398237
28352370
27962401
27562368
29687620
28078964
27548562
27572080
28054344
27634527
27539377
28040515
27558475
27586315
28988880
27537183
27906018
27701214
27897839
32561136
27531246
28778994
31407992
27583280
27589808
27568345
27591307
28525275
29554834
27632099
27566278
27625132
32614358
27780340
27543399
27587599
27564761
27583778
33486544
28043570
27953824
28525699
28405679
29865647
27556259
27804738
27768628
27574647
33915893
33651077
29820720
29507209
27597156
28695061
27782479
27624752
27609104
27548807
28157318
27560565
27573666
27519438
27574830
27958226
27936525
27608460
27579244
27521922
27556112
31015834
28529544
34597676
33895806
32641639
27563888
52009416
28154185
27547723
27813949
29916053
33937081
29298763
28409215
31612492
37747168
27603897
27619863
27682868
27980587
29537554
29464754
28265029
30314532
27808720
27594328
32924907
29374252
28089592
29128041
39521231
27535402
27561288
33088898
31445995
28714144
27606666
27524598
27549747
28146847
28042479
27601542
27520110
27567698
27614111
29008468
27556675
27680540
29575904
27569260
33793092
27962626
30560418
27507809
27560520
27588982
27599457
27518630
27820359
27526880
29103299
32986423
31725872
38071466
27589272
27853538
29450956
27858720
30052263
27557555
27569854
32778411
27585711
34828550
31820131
27515317
27569269
27829717
27586325
27562206
27585260
27535266
27554335
27567034
27612375
28908074
27784214
33760028
27558190
30554848
27982417
28110403
29074760
27573689
36391686
27848187
27575756
27986189
27536566
28697726
28424297
39022957
28656243
29796695
38583975
27602136
28492520
37374852
27575204
27546130
29666780
27904045
27565450
27622605
36688401
32827769
32208790
27630875
27532092
27982740
30170167
27640490
37345439
27636088
27754821
27643734
32038873
27671897
27568081
27577392
30050180
27566128
32660950
27578204
27597076
27620978
27507567
27571304
29536055
28855478
28001878
27533281
29427807
27516302
28384775
29134820
27875240
27513718
27556648
46479676
27548123
45804687
27588064
28263840
27573118
27603225
27568029
28753368
28840487
27691961
28161165
34960313
30374900
27588086
27637719
30637067
27524217
27557686
27607550
27610312
27640322
27538919
27583453
27723842
27509170
27527075
27561079
27610653
28700196
28213231
27611595
27524301
29636703
28908515
31649020
28065312
27589636
28075982
28036020
27515822
27571586
27579981
27616556
27527082
27801154
27552852
27593544
27554938
32550606
27620525
27611945
27602453
27751484
30305346
31833576
27984744
29744051
27587154
27578360
27651581
27530935
34310504
27599571
28226959
27534108
28686586
27568788
32631581
27516338
27580712
27590483
27524810
28815542
29297125
27581360
32632789
27629410
30661083
27527811
27548258
27620972
27654244
27611960
27511032
28143300
27657120
27578372
27626586
27619891
27854819
29375874
28976559
27599034
27584468
27534209
27934096
28903765
27573782
33053168
27741419
33217615
32617235
27561670
27606947
32841654
30187251
27583223
32750286
27640586
49697450
27568773
27554628
28991121
43214261
27539852
28461442
28185751
27710873
27539600
28822911
30394132
33352396
45426062
27544213
28223514
30141903
27696884
27645099
27868906
28131287
27979148
27579569
27576037
27535418
32654848
27605982
29830813
28626076
27552348
27673664
40539005
30663547
27562120
27579366
28272796
27622634
27607439
27656083
27592315
27606020
27560829
27581889
28157515
27534928
27564617
27622475
32849525
27595896
27528680
27826873
31708531
32052250
33625764
29008994
27562742
29029522
29912971
27565789
31250413
27588858
32601831
27567710
27562515
27591486
27556392
27536044
27563465
27571657
27590881
30954605
27566411
27610936
27564217
30561184
27581680
27558200
28431172
29464368
27623288
27585575
27548800
27581024
35138145
27528761
29816930
27514532
29033044
28003662
27547691
29016199
29313133
27983798
32608745
27564383
27557855
41154456
27546019
27557884
27583175
27591507
27870058
27636095
31403430
31656723
27644222
28035788
30479784
27538443
27564465
29094303
28545008
27838003
27515328
27544280
27831269
27693513
28427132
28074554
32511403
28034879
27514374
30210484
27625023
29121038
27573079
27616014
39182942
27532804
32673707
27596154
30174733
27587510
27605224
27991185
27569597
27563354
27582502
28573106
30069638
27601797
27558465
27540803
27573281
27583623
27894236
27626373
27594084
29438211
27573037
27711913
27594893
27607861
28231753
28863301
27595498
27539630
27659608
27585758
27569315
27600375
27602839
30000752
27589136
28018278
38994069
28025666
31660015
29410944
27650669
27535506
27578838
41616743
27968921
27870658
28083717
29119155
29696724
28457823
30237975
27616152
27592155
35343819
27496670
27594527
29277642
34570494
30829251
27550359
27551843
27576195
49018371
30531877
31138210
27688257
30256632
27650443
28114198
29922748
27539232
28081573
27605617
27832002
31500517
32169129
29000294
27601741
28082669
31965605
35219925
27960522
27737850
27837341
27570324
27666787
27732652
27731265
27611327
27770381
28190475
31033439
27616149
28013026
30134875
27549701
27639627
27640935
27525666
27725860
27907336
34095797
30359162
28750455
27592195
27591403
27577796
27606920
28121224
31075757
30833682
27993127
30294017
32891032
28374682
27565718
27597552
27583059
27696845
27553930
43132769
27527928
27572212
32179245
27600052
28351270
29985497
27559051
30926331
30073644
27532028
27541680
27606223
28140385
45538424
27539909
27558993
27586997
28427572
28141862
27572120
29188094
27569809
27947624
30473889
27571070
27621356
28839982
32641816
27582508
28805292
27617233
27634702
27611886
27569990
28112667
45823052
27570384
28028493
31723630
28444170
49277457
27948336
27558541
27606280
27810705
28161725
30991003
27534142
27752677
30205612
27782857
32532720
28848657
31326512
27524411
27568139
27579455
27617033
28164990
27586502
27555477
27595892
32568410
27549709
27581657
27583715
27498638
28320252
29602193
29723680
30346298
27570914
27561971
39041252
27559110
27574188
27703434
27613640
27594720
30346233
27591562
38198530
27550144
28008869
29324640
28170273
27587170
27582161
33681889
27784672
27615455
27518902
29827279
27640019
27545861
27602484
27643895
30726885
28427693
30023216
27651270
32886882
28177053
27500033
27782166
27552471
32882212
27521573
29536890
32664236
27609012
28271496
27578689
28648498
28503381
30021611
27519178
29963901
27527758
28252784
27593603
29847453
28631844
31868215
27532434
27573524
27595392
29794773
27571489
27621222
27524521
27586305
27597998
32897728
27625751
27631679
27599612
27538762
27557883
29857441
27698721
31001548
27601854
28823220
36109452
28366205
27536462
27953372
28338980
27552211
27583689
33654242
27562525
28318117
30445994
27513290
27553293
27803738
27631226
27651368
27532960
27827969
38883030
27607515
27537399
27578261
27588638
27533935
27574828
27640765
27539539
27719118
28258516
28822271
27861342
31679312
27608884
27511768
27536722
27570786
27583565
27503588
27835220
27606341
27527445
29023390
27539773
27570543
29167834
27529702
31014643
30745376
27722210
27727490
27529781
27565383
28074729
32669475
27502284
27713834
27717751
27535373
27579624
27609455
27964268
29520077
27610855
27513521
29320808
27578647
27552356
30039780
42716643
27539249
27612171
32773163
27565759
29371634
29541129
27591886
27520782
33035401
28946836
29075038
27583433
29225474
73127055
28638704
28220286
29117873
32314202
27654947
29255075
27568854
27582581
28494117
27551185
27553736
27570158
27685198
32803044
27594749
27607015
27632058
27560877
27528969
27542591
27591243
27534630
27579888
27514998
27543685
27579067
27607422
27815840
27627789
27602587
32587964
56285147
39895568
27540644
27551574
27574078
29328520
27611159
27526020
27584878
27579263
28838134
32800871
27581789
27582203
27613832
27631473
29933620
29670684
27564993
27583853
28246195
28105860
30550871
27621000
27587668
32857196
27614520
27580563
27536868
27579876
27878999
31858970
27836110
30192772
29503235
29759245
27563157
30932468
27573211
27522263
28203900
28111145
51713831
27599024
27502889
42756644
30212303
37675733
27551765
27604153
27665389
28315136
27579020
31636652
27590768
27656265
28628762
27527851
27553219
27585407
32599972
27546033
27599936
27611474
27541587
27549007
27597792
27512537
27557490
27567265
31583859
31924112
27800719
32492038
27542316
30297735
27563218
27551192
27647741
27714546
27608346
27525739
27557220
28096394
28982655
27583829
32814547
28177309
27521400
27558070
27584141
27511606
27567739
27595135
32871552
27542024
27605441
27506237
27548757
27679744
27605066
45078532
27584274
27581986
30774563
30639509
27587363
27512036
28951022
30776380
39833922
27517102
29466968
28199958
29631175
27588200
30018629
27796960
28264702
29265645
27617684
27603518
30895447
32075986
27684558
52587853
27562660
27599749
27968619
28721298
27878055
37760204
27742280
30926785
27546809
27571186
30838163
27815865
27561964
29074313
27561794
27588504
40784396
27947446
27589032
31435156
28894017
32639542
29199255
30878187
27530362
27610156
27861375
28800931
30230804
27533860
29425912
27568476
30004093
27525733
45720849
27611986
27587788
29682221
30791798
27546685
30889133
27593309
33213944
29637580
29088781
27588854
28765983
30196262
27562295
27561948
33772277
30124573
27608070
27625306
34495147
45299268
27699451
27574436
29899101
29725585
40438515
27541287
34170013
27919928
27537334
35959730
27522820
27588275
27574318
27888539
27569566
29367077
29219074
29811273
27642050
52170197
32095759
27550132
28343276
30178013
27554770
30032011
27835169
27821660
29416496
27586593
27542213
27545858
27574473
28435085
28100508
27715468
27551769
29022144
27593654
27789702
27590836
27560814
30012722
27579565
32591616
27544693
28757729
28089494
27595228
27521227
37666113
27578181
29376013
27601244
27935097
27576154
43140315
28683282
35453949
29903819
28909357
27610131
32731242
27530730
27564909
29213789
27572292
27594801
27619554
27626196
32459456
30646141
35356592
27737702
28252382
27848982
27787238
27607468
27559927
29420140
27702485
29724782
29363177
27587042
31320709
27585023
27516194
29641649
28230241
27551422
27569375
27577032
27512243
27805925
39921092
27606455
28359937
27606732
37897761
28068519
30893829
28724930
28109502
30617638
27580585
28326783
32182636
29394446
28128312
27548329
27675001
27821061
28171845
30098410
27835056
27600389
27817256
27600881
27587788
27606394
28776796
28282607
27676007
27613166
27522074
27707092
27986228
28069316
27618658
27618646
27618038
28023548
27543919
31306032
29293337
27521932
28042378
30041672
27588947
27519816
27545778
27567355
27575033
28174177
27990404
30508656
27583544
27593884
27513405
27646957
27577280
31098234
29498558
27525221
32647644
27599277
28327818
29994120
27579382
37063818
27544342
50206901
28280046
31601988
27905430
34637915
32066951
27860525
27586364
27656689
27598555
27992463
29961567
27606684
27607710
37656706
27531004
27591452
30479605
29441496
27576994
30973156
29498824
27573601
27592618
27577971
27590940
27592171
28238527
28163913
30007365
31809781
30189412
30567781
27575409
27569222
27604035
27529645
28288262
29988790
27592827
28445794
32770349
27798075
27514138
27628064
27624214
27839327
32772868
27564158
27591429
27587618
27544485
27530379
27565068
29852516
42835695
30669348
27537718
29554359
27612732
27857473
27823049
27603252
29051610
27629028
27555777
27515572
27552495
27571134
37087554
38555823
27600576
27584095
30156535
27546409
27575569
28226004
27518841
27590442
30226467
27591257
30549937
36107425
28901650
29059070
27565882
27566336
32506110
29681931
27525107
27642538
27800775
27547380
27558117
27576453
45097639
28610217
29681925
27555828
27564717
27923799
30148084
41001399
27531053
27549359
27573172
27521345
30668190
27844001
27581838
28432036
40801889
31055609
29463374
27537455
27645952
27585066
30260045
28064152
27600290
27546037
27595175
27954097
27508347
27542942
28013999
28301845
27807617
27824863
27663344
27542135
27549722
29728514
27603353
27506513
39820426
35574452
30581450
27600477
27610296
27628230
29327281
27594210
27539963
27617430
31963068
27555637
27570683
27581363
27522345
27794223
38331175
28030927
32454033
27880391
27579009
27562159
27575551
27583920
27509294
27534604
27588646
27512737
33046392
38117099
27511656
27569758
27556278
27570228
27523607
27582360
27552307
27573611
27709289
27581243
37687017
27510324
27549663
27614139
42832183
27506184
27550537
29122703
27547096
27546620
27599906
27636881
36251791
30781599
27569421
27797709
27906544
27716025
28101001
33173333
27515201
29891948
27651406
27516001
27591978
27548806
27599640
27644316
30087454
27518798
27541428
32661366
29428374
27551164
27608608
27612557
27524162
27878463
33393861
27589965
27707585
29617256
28187630
29051415
32084827
27584144
27608840
28449070
30109382
27593361
27513484
27551084
27630567
27530634
27795060
30698773
33069278
27529736
27625690
28094345
27584125
27578081
27541963
27568214
27585241
28020190
27642221
27562529
27534231
27563498
28227857
28396627
27534466
28728126
29691090
27855517
27587066
29029388
27562231
27557042
28010137
29888444
34225827
27595691
27515499
27581436
27559697
27791016
36128915
27526669
27558432
27558405
27597834
37564463
31818532
32342605
27601355
27510241
27560100
28346193
27582902
27523612
27572072
27606121
27600764
27531365
30724479
27562665
30040435
27519783
27774133
31654560
29369261
28656386
27563013
28621582
32035443
27522048
27557783
28384586
27654191
27872993
27591196
27700031
28453730
27559953
29243084
27565101
30051241
27521760
37845941
27549045
27815261
28314998
28473687
27648290
27506503
27550598
27567599
27506877
27562094
31390044
27555903
27585301
27511419
27539937
29262435
27554697
27737121
28101741
27590512
27774080
27521955
27555533
27584541
27500568
28303393
42182048
38271195
28612547
29101540
27595683
28130469
28597298
27627671
27592707
29355714
29366394
27597897
27508963
27567276
29401571
27536338
27565403
27550732
27601884
32684080
28930256
55788833
37014260
27514883
27532834
29132198
27978588
39407061
29181641
30461742
27532338
27588417
27588133
32744087
27572730
27589591
27591322
27620215
27533592
33453119
28484489
27540912
27562230
29943895
31621267
27572184
28878470
27546245
27561646
27574365
34522875
27562659
33340367
34398203
28732592
30659921
27532943
30066812
29328077
27522373
35880892
27616223
27555523
28289897
27603420
27578206
29186552
27584857
27514951
27545937
27570822
27600625
31260613
30564936
27664759
29130431
27516547
27541261
27553007
27627892
27526427
27562906
27598956
27599959
27577111
28409413
27662755
29333462
27546568
30084177
28094991
27562309
30706656
30578905
31692115
29753786
30929303
27547575
27576398
27607505
28340288
29244473
27582514
27594609
27524124
27580314
27583589
27596006
33994613
30711684
27584101
27590544
27524252
27788494
27796442
27556179
28124728
29116218
27527333
27610966
27519136
27564806
27497919
27554513
27631300
27523614
27556404
27572168
27626584
27512895
30003707
28560001
27538369
28721911
27600353
27590294
27890580
52366173
29898927
27673703
28532016
27585096
27517421
27543088
27718035
38449531
34533383
27573829
27609124
27602788
32942635
27572009
27611667
33096188
29511996
27583379
27557245
27539684
33757748
29216575
28179877
44604436
27799907
33227013
30983065
27551416
27600848
27532302
27562452
28714447
36492603
35070526
27522454
27546665
27576691
27567928
27521646
28038104
27616282
28165286
27748486
28464150
27582872
27638347
27649974
27526523
27571903
27603321
27647486
27608697
27554861
28311278
27563337
27814515
28062483
38555459
28899709
27615998
27687600
37066835
27569084
27581724
30106836
27565005
27803626
27968208
27576789
27586796
28626814
27533096
27568421
29760429
27857381
28225409
27566350
30170224
29793873
27565336
27591785
33205408
27932557
27606861
27588302
27585440
27617921
27522864
28019085
27599973
33731618
33296478
27580050
27514748
27561702
27679998
27539590
28008652
28369640
27573971
27621324
27507165
30648010
31686268
30035997
29814669
27583083
30607271
27713933
27551652
27582488
27521351
27615189
27615555
27536234
27619183
27553788
27696413
27568098
27574690
28739389
31798498
27596500
27652391
27734204
27592368
30611429
29399278
32828823
27604486
27562990
28118781
32038674
27549819
27560883
27592863
27858659
29418580
34967806
28033608
27724362
27525692
27803340
31793799
29728291
27670837
27725445
28159740
27534739
27584007
28029014
27581838
28523377
28783283
27524593
27548320
27554479
29987965
27681573
27536687
48187249
27568745
35387934
28440203
30498542
27528698
27569169
28137801
27528948
27561133
33655461
29747055
29360153
27609867
27644054
27589890
27582981
27596786
27518260
27598862
27638762
27997399
27649302
27606639
27610298
27528116
27560222
27656149
29696190
27586615
27583824
28212419
27836205
27608634
27643685
27505875
27567961
30914748
34038024
27754252
27555680
30351024
35932273
30355813
35120991
28388447
31412257
32094302
30362792
29931153
31828729
27588113
27618051
27604709
27540258
27699561
27763649
27617895
27628837
29208891
27520419
28190535
27544134
27544682
27881287
30347807
28745955
27575778
28076604
29581250
27540224
27735762
27641600
27554695
27581302
27526590
30315771
27728736
27639456
27603034
27528678
39850586
28872777
32894152
27792597
27592207
31158624
28885417
27561432
27605693
31789072
27524284
30773762
30871133
27589085
29771743
27744694
27594452
27525970
27621525
27575082
32596819
27549050
27589888
27600004
27602670
28984647
30413043
28608304
27531335
27539295
27607552
27592130
27580596
28853892
31602372
30734141
27558423
27870200
27549464
27680001
27586211
30604573
32436434
27535871
27536110
27618636
27545950
27576609
27534416
27582055
37742077
27602634
27567686
27926882
27611595
28325860
27547770
27562521
30117064
27617502
27503481
29857221
27590465
31884808
29194737
27650734
27578878
32648937
27992340
32816576
43982077
27527043
27571168
27497397
30787341
29790012
27517605
27596717
31686655
28322068
27533157
27856047
27908315
33188677
27562342
27546415
27632317
32741743
30167423
27592448
27607698
27624890
27830680
27788727
27562487
29833077
27597170
27588027
27542306
33083619
27608437
27624951
27815165
27700524
27657279
27848724
27520425
32610792
28286355
28163746
27753371
27599467
27718799
29789397
27521002
27554012
30273498
27562734
27589288
27591682
27514110
27561399
27601021
32601447
27571395
27799676
27557985
27601880
27549044
27590404
27573733
30581442
27987753
30292298
27871551
27537579
27580536
27587926
27600396
27507624
27571300
27554051
28031847
27605959
27501130
27535445
27561996
27608633
27544938
28062024
27774429
27549698
27576597
27552830
27716563
27519127
27880828
30657160
28770235
27539627
27703881
28770292
31397007
29366917
27573650
27631787
47920420
27585831
27665067
27581649
35537204
27548302
28008339
27599033
32837264
34837674
32679587
27593445
27622611
27513328
27984584
41709698
29680517
27601799
28773190
27502083
27543528
27885008
27616012
27541331
27596961
33137353
28432276
27543179
28391689
30434999
30632107
27572506
27554088
33393813
27543443
27558423
27606428
29744722
30827410
28186840
27579396
27597572
27553404
27550307
27628556
27516597
27525126
33545627
27552665
27574789
27525485
27794620
28388127
34378671
27537453
27568700
28783052
27556620
27568239
27613731
28835639
27804093
27550433
27568673
27740326
39174860
27553662
27542436
27565238
27522824
27561481
28625027
32333137
27546749
27556910
27578023
27513145
27546730
27602193
28947465
27542308
29879123
27607446
27525804
27548224
27565755
27855730
29292344
27577542
29236052
29452830
29942671
32827090
27632763
27936839
34444818
27614596
27583207
27589305
27689186
27595734
27607596
28192897
29825258
27522917
27560234
27583301
27585334
27508349
27542929
27585377
27740901
27564552
27574982
33773514
33012096
27576228
31199835
27578171
27581158
27588318
32714681
27512617
27534126
27603764
27588932
27609845
27610540
28315889
30134902
27507943
27573368
28197723
27552945
29496291
27554471
27569364
27584006
27568107
27574538
27623482
29595152
32221820
27600790
27635496
27530319
27545631
27608836
28652193
27558941
27630626
30894133
27590725
27608551
27502126
27546870
27608415
27511333
42853326
27540556
27602768
28165172
30332140
27531396
27565284
27607529
30718691
43099290
31776652
30025679
27587194
28628198
28396177
27590300
29466202
32827557
29063464
27606203
27661325
27620411
27554077
27700451
30300901
31619906
27525282
27595346
27583542
29448248
27578661
31261549
34375323
28390682
27555794
27639883
27617626
31717776
27512422
27537243
27550821
27671542
27874389
27682547
28941425
27598429
27615053
29194921
29575050
27759164
27754868
27748071
30918054
28104761
38433410
27579033
27530522
32642742
28033169
27595849
29721617
27561021
27560347
28099411
27956841
27584791
27580365
37867243
27570684
27602676
27566248
34931465
28042769
27547729
27557142
53265944
27606955
27526843
27553926
27681025
27585061
35059529
28855626
29189237
27562778
27744315
33672420
27568604
27589672
27510157
27600806
27591494
27908952
30897734
27516009
30438854
31053612
27692687
27527941
27999769
27580386
27583479
27637637
27687148
28412306
27556226
33329514
29325763
28765257
27544869
27560675
27612559
32645241
27611758
32682394
27557473
35434045
31456972
27582508
27598106
27527317
27548239
27577359
27534493
27561539
27865892
27748714
27556372
27578281
27524270
28946232
27609555
27618441
27569214
40114134
37202701
27590335
27584063
49760880
27652522
27565451
27599102
28498644
27499578
28016272
32633626
27572740
27619024
27519930
36447137
30073383
35819104
27602687
27573729
29233184
27640511
27790060
30673374
27537276
27599254
28936023
27605500
27534219
32685087
27933856
29752700
27529073
27573691
28847739
29687915
29239415
27574598
27557398
27576092
27525936
27534000
27787943
27543534
27563722
27576618
27603061
28905774
32363869
27534782
28252319
30228193
33047278
29822419
28048046
28212645
30959516
27511077
28392942
38824504
28914825
29772738
27541660
27555233
27576337
34585194
29398252
30562817
34701761
27598661
27664197
35398123
27533444
28396326
27592955
27500571
27718513
27576409
27644642
27747998
28331132
27534617
27582453
29034606
27523247
30488199
29410609
27584915
27646102
27850656
28802207
27539682
27562470
27922771
27535207
27582555
27567036
27503877
27536448
27574869
29893866
27905974
32669726
27530890
27530293
27565166
27525666
27550033
27568412
27578403
27531896
27540214
27547632
27597146
27692704
27599272
27827249
34585579
27538552
28017356
27571485
27615418
27593386
28448382
28835972
27658515
29449038
27568403
27592488
27519065
28582044
28434547
40284612
31259302
27558832
30478179
29176332
27522831
27532548
32593905
30110525
31960020
36114311
27551183
27572809
27579238
29611217
27522103
34571390
30265100
27590020
27579382
31704538
28121781
27918949
28149527
28362584
28971111
27530441
27541144
27622165
27603968
30438827
28824684
27511532
28143477
27551162
27615827
29294458
27555883
28871001
28738082
28201794
27620441
27550008
28373552
27530218
27554881
28191766
27589392
32779947
35320002
27535757
27555980
27954615
29361888
27791063
27775993
32760362
27588701
29436002
28189212
27577834
28476004
33635704
27568186
38543003
29466270
28676658
27576488
27615597
27755420
31243936
36123388
32640572
32703119
29813220
29054657
27536164
32881942
27568141
28533148
27748336
28111397
27607223
27912901
32295667
28019312
30516907
27573319
27606761
27575054
33218483
27536202
27597842
28093547
27525605
27901524
28859409
27568466
27575958
28041721
28072572
27573423
28231010
29102762
27737588
27538162
34101425
30857935
30224086
29254917
29669508
30396661
27634648
27534718
27889902
27509878
34934063
27604498
27532898
27582717
28080955
27593109
27597889
27540299
27666567
27524566
29798118
27861082
27555779
27841833
28119540
27573258
27520848
27692973
27746853
27595503
27605865
27751451
40525276
27591627
40119846
29181535
27561690
36416602
45735887
27564967
28478499
27612459
35385465
35066108
37392347
27575680
27617122
32465080
27543104
27922909
27596092
48673015
34859819
27514551
27544167
27655814
27556757
28810271
35339989
28134242
27570902
27608270
27598360
27514676
29441045
27606320
27523108
27541861
27578641
28025320
27517764
27546945
27562070
27584292
28053813
27519842
30374391
28867292
29827807
27527745
27552160
27608350
28729612
27579409
27515190
27535519
31931499
27557990
27600678
27604653
29938070
27587493
27887090
29462410
27612314
27599885
27879303
29965339
27594226
34082584
27560449
30085624
27557790
27664252
27672661
27589144
28338430
27623950
27597207
27566719
30771874
27554558
28232378
30026545
27607487
27505814
29043830
29639904
34134740
32116928
27872827
47628533
29563107
27532004
27525533
27562253
27574983
42782821
30254197
27527090
27611513
27547859
27634106
27573955
27862922
33201070
27531380
27604643
28727701
27899373
27517449
27552856
27579185
27818257
29265758
27618299
29117335
29775131
27650941
27573498
27596465
29444590
29291578
27529393
27581783
27589463
29217301
27570296
27577684
28961819
31956241
27554223
28127956
27589210
27579027
29037742
27527968
27597802
27572994
32320330
27605228
27521561
27715770
33356897
28772761
27591964
27588443
27523908
27552675
27563691
49806024
27597536
27515621
27525951
27560190
35740427
55656551
27613816
27544105
27555574
28911517
31190482
27606583
27619540
27518938
29780896
27546945
30267733
33083155
30265067
27555257
27539941
32770450
46444322
27547904
27573888
27592486
31943592
32229767
30294857
32192406
36388378
34362419
35093521
36867742
29337427
32365840
32032306
29680054
32983372
31929184
31741834
33386835
31864101
29853952
34509751
32465077
32936063
32046867
31065361
30747891
29149982
33632369
28833340
30384157
30313488
29927814
27630171
30470698
27530785
27571627
27551066
29154710
27807297
27558591
27669210
27575545
27516115
27606709
29005226
27515567
27536995
27585165
28001829
27652030
28393643
29033574
27523992
27543634
37781993
30551539
27684345
27721100
27570308
28553923
30014910
27547010
27705584
27754921
30015082
30700485
27619295
27568659
27620738
27572285
27574276
28164734
27592007
28019836
35413158
27543204
27578980
27885504
29617757
36131014
27555559
33863434
33149708
32684326
27668830
27776580
27632690
27521355
27545607
27573174
27585041
30876625
27564491
27591169
27611535
27602522
31029675
27874308
27619767
27557760
28474806
28945138
29257259
27553612
29474309
30067331
27527341
27557288
27598421
27624759
27541286
27545669
27610657
27612882
29406465
29761523
28620804
32043168
33668771
27580361
29378751
28075294
30506375
29255499
40691978
27619971
27610227
27594249
29181035
32645297
32308293
27528436
28029851
29900955
31381373
27659470
31325645
33232080
42966586
29066787
29588260
30936405
27942533
31926007
27627478
30528639
28043028
31211836
28142989
27610659
27530319
31187548
27633003
27676859
27589112
27568454
27601031
27768441
29637867
27645162
27871132
27585628
28983476
28094241
27581864
27727580
27602288
29512373
32917922
27766231
27615981
27584293
28945897
29208597
27540167
27592611
27788172
29472978
43952119
27618945
27507502
27554020
27596960
28826419
27578306
29828908
27647588
32689885
27639221
27770539
29666672
29089367
27598931
29461935
28777594
42323853
27615741
30068681
28065373
28066117
29810472
29068067
27599355
27855842
27973666
27721687
27715911
27556120
27614432
41683083
28643503
27542533
27601315
29454283
28350964
29824222
32598341
28130476
27575133
28821193
29525917
27501131
28092060
40333272
30043063
27945014
28284719
29873957
27837940
27679220
27588082
28939723
27619483
27571273
37673909
27603401
27530668
27584391
27640645
27566437
27540285
27569498
27519159
27603165
30039129
28957045
47074700
27817182
28857218
27625418
30659941
34358411
34212923
44305585
27561562
30537155
27586264
28198939
27601819
27520878
29360037
29362998
30787110
27823441
27813311
38707201
27590509
27583938
27906925
29418317
29404211
27607131
27525839
27561320
27979788
29434222
32125304
27988228
27491325
27565633
47931703
27735973
28666732
27733058
27690037
27598189
27631634
27640944
27654254
28969750
34501265
27891934
27583475
28133380
35650369
27514693
30269318
27636214
27651942
34061448
27581263
27613861
28247333
29658550
28202545
27580662
27603416
27503255
27545596
27894779
27972211
27548284
29459621
29867456
27572440
27586208
28788645
30427399
28975637
27526163
32870577
27541093
27570790
28163586
27565198
27558255
27610367
27595614
27582908
27980861
30117039
27569011
29062737
27593514
27679805
31364192
27560581
29305766
38776674
27677888
27622128
27520637
27543390
33847627
30261771
27555678
27683151
27897558
27598413
27739511
27566055
28376252
29019360
34074357
27508599
27533275
27576695
27565399
28478879
30730251
27542146
27836599
27649962
32781564
27547333
28284693
27528323
27563831
27926952
28735990
27565383
42978573
27556240
30356741
27528741
27563685
32966226
27531024
31464257
27590081
27572151
34657025
27525721
27538507
27571596
27575525
27588962
29740970
27583758
28172533
27501658
27784250
27530509
31871840
41444455
28472837
27553077
27964827
28195414
38668736
31486268
27742936
27553336
32745934
28933554
27615459
29285113
27591261
27601781
28442367
30149147
27577471
28812467
27546752
27566381
27612983
27587979
27537430
28696830
27547319
27542292
27553918
27620658
27966464
30974184
27577741
32606031
28245585
27909905
27518414
30764200
56288405
31131571
27603615
27856169
28365157
27619221
27536492
32630007
27550065
27610660
27578844
27513623
27720735
27532454
27557205
27590341
27530181
27537175
27948133
27615904
32625027
27565040
28312288
27560327
28153964
27515653
27998102
27584509
27524053
27616505
27621752
27582581
27890166
27547112
30466694
33511638
27582789
27570268
28819407
28843951
31372825
30908737
28674163
28632268
28607562
27582155
33446183
35657225
29000049
33546208
27599656
27630801
30069532
31224176
27562665
29428416
27895814
27551820
27805050
28353170
27554873
27581608
27838756
27556918
27934445
47888175
27578618
28023490
27674973
27642233
27734699
27535798
27574334
34330434
27574081
27555430
27548916
27644953
27599551
27591182
33704306
29028388
28149934
32700040
28175223
27896578
52110574
27547329
27531414
27536439
27556681
27599633
27664145
27584011
28716746
27608112
46146382
30546559
32982538
27545062
27568957
33098024
27591425
27519208
29293757
28617426
29317377
28154447
27565732
31706328
32703899
27802681
27593566
27956995
27581551
27514539
27552408
27802282
42270410
29511514
33319264
27629511
27584361
27512336
32218662
27542297
27547526
27912068
27707130
27533480
28511995
27601287
28260389
32957414
27598514
27693390
27573632
27586698
27680386
27599430
28941414
27550796
28048821
27609711
28190199
27574556
29780693
29168313
29577177
30601844
28035562
27657575
27757322
32806458
27630814
27589541
27653608
28792441
30025599
30367001
27772853
27634370
27644376
27611270
27598305
27683669
27574751
32204610
27957071
36297631
29294458
27690258
27671599
37733365
28450620
27523137
28285731
31384460
27655166
29767227
28347309
27532400
27879716
34350479
27568259
32881873
27584873
27574727
27710780
33044042
33632338
27914512
28890634
27538948
27559622
27578834
27514726
27538160
27549525
27576370
27615293
28024953
27536626
27565917
28314888
27532861
28168270
30853133
42200980
28042059
27588118
27610178
28059913
27858456
27548383
27544601
27614293
27702315
30452145
28591776
31111108
34435897
27607635
29583472
35659533
32667155
29029483
27565548
27614598
34164887
27539048
29214211
27543642
27571654
32590874
27638270
29847271
33072350
27794435
27572939
32784746
28034585
28168839
30348978
33833775
27561312
27771878
27598068
27606684
27619121
27548987
29268956
27620488
27649261
27585620
34448921
27571850
37806544
30854306
27560335
27629138
27641447
27875583
33464183
28032571
30416217
27568708
28271191
32184342
27929332
27799021
27676965
27509928
30157235
27648165
27645747
27771138
33032188
27499435
27607503
32626216
27542869
27586372
27520661
28203948
34164501
27548651
27567959
33410262
30582717
27631819
28087867
27552978
38786745
43159555
27581852
27593224
27615703
28912388
29765403
31784553
27538938
27613521
28396804
33040640
27560644
30240986
27573800
33105601
29573690
27545596
27617233
27594921
32590721
32644198
29722416
27581832
27526555
27829888
27527447
27630608
28323440
28706880
32943110
27861531
27533616
27585976
27565302
35585239
27721641
27580592
27546649
38677764
27543061
27658091
33251952
28934031
27788410
31059037
29705073
27876028
27544820
27575957
29185873
27702419
27627933
31217058
27581362
27606834
27528914
27612382
27629522
32766598
27623757
29782545
30306923
27535682
27564802
33263996
28292590
27542820
27543662
31505173
38088094
27679895
27599238
28133263
31748900
39052515
31217785
27644045
28692818
33191407
30663847
27660061
32727555
27763915
27558432
27586075
27514849
27600889
27846944
29326795
30776259
27558280
29751295
31517998
27577544
27738059
28143848
34930141
31423239
27563532
27627978
30176544
28471793
29184921
27616414
27630813
27574795
27534742
27551751
28711755
27797008
30028320
29257272
27628128
27570528
27864958
28725582
27791715
27564903
28925664
27568241
27574448
27890384
30199118
27607216
27539418
27641167
30734200
27522818
29996861
31496550
36295411
46467418
27848259
27530689
27568594
29933022
27558015
27549567
27573289
27539744
29805918
27555454
27593529
27586029
27549409
45882084
27572947
27519036
29225042
27585275
28264204
28550886
30455241
30586749
27539283
28422292
27524233
27539511
27551136
27646019
27593972
27516891
27953622
27598663
30097462
27518254
27563185
27583865
27530727
27561410
27571931
27900117
32069150
29286386
27669454
37619855
27631135
27922168
27577146
32252679
39255366
27533246
27552145
27589118
27517370
28093077
27915283
33132675
28441114
27530159
27566115
27513336
29093289
27565948
27563711
27985618
31084174
27626356
29536094
27559220
27600629
27570002
37747576
28731741
32997435
27533047
27546556
27579329
27497914
27554384
28571299
27692968
27592695
27557314
27574912
27506753
27542485
27548957
27580753
27788390
27567358
27671217
40427682
28541358
29083346
27517496
27553037
36072520
27527151
27561873
27803718
27579965
27870875
32236452
28891352
28011240
27576258
28193123
28002441
28217191
27561060
31173437
28220684
27552537
29113512
32343200
28329039
28290322
32641957
34926775
31249246
27938314
27774701
28754432
29001505
30123098
27543339
27913961
33056083
29066079
28817110
29940791
29650478
27564030
29263725
27524340
39561774
27560969
27609993
28129568
27513405
27623387
29070188
34343378
27550774
27586126
27806947
27595691
27505483
27920596
27928434
27902497
27575732
27665530
28670964
27858757
29605146
34128663
28345943
28165633
29174442
29315835
29588483
29588756
27589829
27649375
27527939
27751943
27825178
27615374
34337051
31039789
29640620
29215587
29046022
36680706
29988898
27543386
30427394
28461785
28390718
29465630
29012648
29623736
27748079
27576700
27614586
34846597
27555844
28040868
36030081
30950910
27608632
27588823
29475979
31063961
27545938
27658821
30317632
30212798
27514013
27583737
28260706
30479989
28063289
27528973
27584710
33271244
27854300
30983504
27562363
27788518
27558210
28097623
30319368
29513577
32705513
29975605
30626452
28080831
27604183
30549501
29027722
35253104
28591780
28838610
27588682
28435505
27550524
29245462
28010500
27614186
27715973
27564986
29403516
27558018
28472931
27944713
27576443
27603451
27812022
27554043
27568021
27931943
27537315
33260502
27596412
27839452
28577532
27565903
27634778
33633356
29258490
27575819
27611212
27572057
28425108
43930158
30338291
31104076
27516086
29077494
30705478
27578743
27571404
27619851
27637909
32826040
33044742
27609991
28192379
28862976
27737899
27566636
34885061
27591850
27837079
27585381
27591809
29782973
28880615
27808786
27512951
27551749
28624355
34027514
27587166
27603832
34506093
27623111
27646344
28885072
29025738
29232077
30595687
28557662
31417271
27625128
27620608
27602260
45286957
31300980
27635647
27589571
27492658
28753816
27677159
27619198
27593542
37301759
27569482
27655087
27626068
33834421
27589224
27595577
29265382
27567887
27942033
27540774
40677407
27569537
27557530
27575899
28172995
39821435
27509558
27546126
27587107
27841446
28008908
29954143
27715830
27540081
27564639
27764697
27497996
29509556
27872398
31346386
35843015
27540297
28114909
28934226
49387857
27754707
31782941
29729342
28058538
27515345
27521115
28980877
28796279
27778662
27698891
30105989
30409628
35589989
27697703
27601953
27834784
27580648
33121912
29249647
28851327
27521928
27632046
27663011
27529241
27552807
27893350
28346896
27526253
27560325
29535931
28116723
27596749
28945039
27608954
27595729
27586014
28126851
28093392
29386981
27583723
28471092
29883805
29005198
27540439
27804668
27520476
27555436
28206874
29925139
27544756
27986099
28626489
27594210
27892345
27574562
28342522
27634116
29422563
27564380
27636763
27737127
29268970
27621984
28172666
27577233
27511334
27599232
28050015
27993201
29826903
28234882
30269792
29208989
27627017
27499766
28131329
27718937
28726496
27643403
27500746
27757423
27524400
27565255
27654303
33950012
30089010
31530133
27586020
27635792
27508025
28540710
28741418
28035610
27762398
28457587
27570548
27955123
28764958
27725585
38131882
35341991
38062395
27550611
27834655
30007135
27546270
35291483
29210429
32844098
35287668
27592230
28079360
27589784
27557479
27540707
31990294
29964917
27573530
27791097
30277152
30240137
27603550
28666259
27582282
31786735
31181170
27774148
32678975
28202856
27530685
28005234
32009254
27573585
27589756
27517236
27550802
28365707
29300969
30854021
30242763
27557679
27570993
30489111
32018103
31909589
27540043
27748197
27600491
32706074
27584239
27605461
29410330
29324376
30749158
27571855
27585279
27496761
27904066
28744695
28559856
28413354
27552590
27582222
27620631
34078832
27807116
27533827
27613355
27559923
27570461
35195042
37956259
35534155
27531788
27588578
27560800
27582574
27592203
27531278
43047112
27516566
27994113
29828212
34944049
27546551
27565212
27613525
30124353
29874262
27596061
27548903
30221106
27584932
28017645
29749129
29845766
28097987
33924904
28158504
27987348
32878556
30802300
38238405
27509107
27682188
29593137
29599403
27572512
27969789
27990804
27742140
30074671
27902262
27989520
27552800
27687295
31618165
29604892
28346273
27878836
27701988
31900974
27996044
27568135
27658749
28528701
27578846
27593810
31818126
36049620
27515286
28786242
27526724
27537256
27541575
28213476
31412113
27536923
27977243
27573861
27990243
32785247
28246382
30406624
44775502
27939286
36433046
27579051
27612374
27521478
27644035
27751618
27555745
27542607
29154434
27904788
27843867
30389393
27565613
33119667
32191411
28859405
27515369
30106101
27549454
27599403
28750875
27993664
29104443
27535797
29623163
27666864
27591777
27578336
40029649
31170884
27536988
27558915
30120500
27597929
28983122
28188615
28060334
27754405
27770328
30733396
27582968
27865699
27953156
33111664
27596229
28781188
28881571
27953167
36601636
27592823
27837321
29135612
28065509
28037338
27499834
38793217
28578036
29072201
29756685
27553731
31288477
27578923
27572872
27597075
27597852
28649736
27525826
27525489
27559478
45079553
27538851
27564055
27794734
34838812
38618953
28425603
30572423
28421436
27566342
32931763
27858218
28508896
27521652
27550626
27543584
27563108
28367832
32938207
28576939
27556962
30159474
28240696
27615926
27493996
27624041
28255674
29462483
27541743
28656330
27710910
27706471
27522306
28959594
30153751
30291566
27596601
27522247
31373956
27539513
27565750
28693033
27606741
30147071
30894291
29177225
30606086
27618620
27536293
33567797
27516759
50551757
29402963
27540384
27570433
30089942
28253329
28813049
28798086
27553043
33528438
27651034
27510811
29865392
30434272
31431309
29035240
27561159
31928863
27799691
27628252
27670139
27621809
27540079
27556325
33127325
31634623
28336661
30716390
41443210
27561913
33513509
28627921
27576807
32590912
27848807
27500886
27830569
32121566
28006818
33122233
27644502
27852622
30433983
27557591
27584220
27606014
27596885
27569837
27587121
28161051
29444691
29790883
27875323
28252963
27534463
28781839
27633878
33112374
27527469
30823187
29228320
29763811
27520704
27584828
27647998
27547440
33379880
27782885
