45265108
50375030
43527053
43418830
47953964
50445842
48687252
47435127
48590569
48452897
45866212
48030393
47374198
51354871
49036164
46939951
48010812
53634382
45913585
51193327
49503917
50113921
45491261
52896774
46307988
47937004
53269478
45938187
45405079
47100712
47075734
47698564
51104958
47897685
46131188
49662811
48849571
44787984
49220045
47670589
49840206
47008357
45516378
50257526
44499284
51405569
51860826
45668920
50555677
44815875
46731699
49659425
45736985
45518009
45321524
67257659
50677941
49149240
45267834
43093694
44570205
48250913
49861589
45305128
49451653
46475398
48396658
49393987
49400225
51676069
49007977
43120380
44021378
43198819
44775266
43162590
46687113
51402950
45341824
44479632
43379141
61658933
43733353
43143169
43741876
43150653
55031887
43177128
44276125
43569035
43709266
43969142
44088039
49112117
49001712
52261789
43371276
59258663
47650009
49293650
52086822
45175057
43177668
45472686
47877948
48849722
48634909
44851810
46200326
48554762
43775432
43924351
48799069
49478701
47062978
54298800
44297841
50097738
44821201
47815199
45482895
49040609
48274082
45199005
43180428
43266547
43165736
44782822
43184119
44259327
44833266
43771081
48127611
47832824
47846356
46674570
47433914
48380894
44911303
45813765
52605219
48631229
47800525
47933133
48363737
46587190
49737976
53475685
44146935
49362975
45604963
51644659
47181913
48412246
50500545
49789275
48300947
43487711
44872318
46640392
51055199
46879029
48786709
53534845
43221994
43213337
49359974
48473478
44747538
52440972
49270761
48595915
46398459
49131343
49407938
45852812
44591011
46915225
43450514
43140880
46034300
43215372
43483261
51327833
48527525
43195973
45538789
51611737
52941492
45487930
43159145
43257122
46921008
46957740
44726904
45466027
56968980
46289017
47311054
53507222
47375451
44291589
43126598
46336233
43117403
48178549
48557785
50289515
50335163
50473467
63326390
43857436
60372863
44166052
43606247
51167707
44669857
43971123
47676247
47981958
46509103
47140479
48311790
50881631
49967757
45682469
45784296
73384866
43160581
50434834
48907849
44936086
47039950
45763591
47836309
43110072
45482251
46724007
43090379
47166690
43637352
48450279
65586430
43500273
43279600
44890302
47570758
44087050
45846569
43403520
47269728
44473357
45596639
50714606
43381880
48647972
47358232
46095827
51344890
51391125
51510341
45675549
44033616
46427818
46421405
49178594
51503514
47256000
46827326
48752709
47572315
46247185
47241164
45571228
43150006
43127128
58760452
44713240
45483309
47713627
53844598
44034037
51413229
43901463
53449789
43177044
43156754
43141654
46702614
43139505
52366742
43126458
47348407
43974560
43218510
43120868
43909655
44219126
43228497
43218733
45271440
50658372
46954788
48822589
46114922
43107705
43322563
53384141
43227659
43561640
43121108
58935051
43716943
45721595
47450099
44067899
43144641
43143939
53395198
47279430
47555708
46893361
44927620
43753580
43219020
43132389
53920541
51131937
44273610
53062729
48239676
45126061
43095751
43153906
43344088
43097046
43194842
43208194
43072585
43184956
45742505
50100744
43242573
49084466
44224010
43777155
44880231
43123604
43342445
43171354
43130490
45912667
45827714
44133726
43166953
45494674
43184584
45080335
47228398
43190812
46011120
46507168
47179135
61831175
43951343
47114539
45269453
44125382
43857407
50881262
47163823
45908686
43937736
50184847
52740415
51185160
47881631
45931139
48408019
63049588
43538124
44855458
48518037
47408021
46971730
46438618
43202438
44247631
47424270
47650775
47406748
52949557
52162829
46242054
60711424
43147406
43799730
43826946
43158099
44836271
45195126
43344610
43109558
43392913
43516921
44023156
44064972
49513427
45728531
45314740
55462621
46206733
46878959
48943758
48576109
49978167
49481414
47182281
47483625
47144445
48335688
47115536
49933345
49293516
47278412
50381358
46316420
46559321
44756178
48898742
43160045
48522705
45287330
44871082
43125999
43150008
46977078
49975920
50052692
43112075
43184007
45499405
45165689
50149425
47160232
51640684
51633645
46437932
46327212
48036631
47471406
46677971
43965908
60246173
45130966
58561874
46373122
43780390
43269904
43576536
48089785
47389326
50487597
48856493
47013082
45404716
43154224
43819353
43659070
43305855
43995681
43167558
45282189
48770595
48149567
43169675
47443328
43327286
43100200
43642769
43702458
43304591
43258133
50086337
45249452
43136237
46428844
43217022
44832412
45006350
43168145
43212845
46878142
49555299
47540707
49823895
61374261
43411938
46247563
43231277
43460068
43127360
50028637
46440770
53384246
45776488
44739640
50084394
50629938
47942269
43329993
44203713
47745900
51778198
47449783
47686835
49911181
46333692
49131333
49596418
45638086
53265067
45566034
45927635
46983030
45008388
44842569
49018050
46978327
51190174
46079536
43718447
46882268
48839716
50304473
46361622
49244614
49442231
49078528
47459151
53146582
47118809
50662572
47288812
48135234
52613247
46864695
51939648
53128201
48545772
47065500
48179501
55005559
49885316
43150612
55941968
49251660
48904210
47077539
45134064
47590886
48148191
48627682
47534756
46149555
47587219
53307373
48787920
47111874
46390433
48885429
44783600
46318065
45405299
51132615
50892029
52234565
46197749
47731129
51967455
51716263
45767339
48430078
53535962
48983721
51374052
51212915
47029454
53503641
45935473
49156607
46083926
43472504
48522209
46367671
48637130
54128255
49955151
48443094
52393810
47002573
46836440
44602671
48440523
44791719
59784514
44805501
44551191
47965013
51067370
48761751
60224893
44034900
50350952
46470551
50829474
44865283
47411359
47085882
47038390
48089326
49460978
44743735
46730423
48424316
50112810
52266715
47682080
46281826
43112863
49221943
43461066
47872508
53862628
63630742
44265345
49836623
47623751
46506208
43129436
48670391
46449979
46613471
44947453
47965404
45900236
45998156
51655601
49616174
47218834
44989289
50969240
46181423
47319891
51215550
45040597
50270939
44877336
47551008
45374798
49854147
45614104
45088238
57611125
44130796
44072750
46228216
44364727
49434399
43215794
50104039
46159947
48777669
45283922
47299275
47849012
48600864
49113210
51288231
49939691
52718653
45624871
50060755
46771127
47627991
46958007
49572516
48585958
51119579
49801157
51637521
47081570
43832497
47774029
47629439
45840264
52204673
48655015
50100015
50052921
43431038
44925862
48216937
43128829
47465937
51913910
46286886
50159805
45756724
46281273
43504330
49320001
51126900
51277176
45934162
53007720
45944297
55993839
48078595
48230258
47048071
49831976
47231793
47027159
48445707
53298440
43461291
44476963
50783503
46051844
46931355
45856557
47814613
46043662
47541660
50451288
46013286
46694899
47241534
45942949
52929120
45900700
50262093
50462762
46493734
49721494
51793134
46927883
46464104
45397755
45523650
47191595
51130891
47695359
48300015
48094077
48064441
48695215
48520895
48803891
48094091
48394358
48218875
47116475
47583390
51429284
49438516
46923268
49612046
44724556
53218077
48798024
52157552
46592431
49840964
46376044
47413525
44890810
51495823
47751833
46385239
49412078
46506356
47742544
48589102
48445737
52233983
63749119
45586712
45151005
46014229
53222091
46494157
48206340
45882617
49748693
46751001
47754289
45644669
43774779
51287665
52329471
49278335
48413572
53980749
52043321
53757655
47839974
45153674
43924049
48513926
49007209
51212328
52990277
47485956
47536214
57307631
50924628
46769720
46483750
50595186
58048331
43332856
47273204
45358751
48268711
48854165
50945290
50647157
49080568
48485736
43143447
49267934
46503102
43148932
46190296
45656380
49369454
52367690
49724525
47201184
51935713
49804844
48704360
47498391
51407821
46611134
46990157
51295869
49840436
50270809
45501198
49676495
52460646
49500374
55342901
44186667
47953409
47204974
49371950
57718227
43526981
44782406
50654221
65311202
43814568
45514942
43525164
47965813
47548731
48415967
46929001
46066426
48018790
50411709
47547846
46211533
47650103
47535213
46889505
43163486
48768186
43121845
43168365
47095285
45878991
45179432
49869800
48478682
45998501
51949276
51179363
49742672
45565508
45593665
47093672
49965514
46924455
46240760
45466765
49133210
46625127
56515095
47411719
47799125
47714089
52219028
43411433
47401959
46393711
45989468
47727680
49589373
48702591
46184267
45025585
43641069
48360723
46751101
50200867
48619540
49633929
46727891
51057815
53081374
45020919
56742056
53761258
45855367
48878187
44637649
46947056
48199716
44923316
48903670
45944874
47851348
53389491
43721384
46729924
47634858
49443918
51566815
47273570
45571990
46357047
46207029
46627937
51894156
45966765
45798456
48903491
50193596
45899918
52255869
48313747
46348734
48015557
48598737
46257980
50852291
53393138
44335310
55790075
47607247
50891748
48794263
47325572
44751763
48020048
50772727
49260510
46547560
44434426
49345611
49924329
47462939
45625747
45926321
49922099
49776987
48887376
46616669
47759873
45355664
48115171
50012956
48287941
52671076
52205819
45968398
46731991
46724076
48658320
50708371
51081475
46669502
45242129
46686451
49499424
47414000
48973921
46147609
43219136
51388044
50600234
47832285
49079970
49371831
53177217
50995445
43123860
44789229
46748745
46377840
43635280
48477029
51280198
46922304
46058435
48525947
49760995
52218607
44524299
52615781
43314982
46290282
44070432
48045760
45039052
45358540
47011021
49591683
48319830
50576632
48978150
50263984
53242412
48209743
46852461
44999194
43220245
57678333
46739003
49214518
45681910
50838273
50596652
47553695
45985732
43073442
47473782
51368768
46424318
44962456
46808786
46919616
47863891
46484750
43125243
43444197
44034061
51053598
46365555
58411458
44514834
50746079
44715980
43125505
43088825
43499852
44227907
45063259
50213526
53884935
43532907
45798033
43171735
46255985
43208313
50529795
43164284
43131843
46815370
46451324
45113545
46179007
46277745
46927473
44829307
43210125
48445186
52360869
51396683
43170683
43724423
43150874
43932359
43121140
43811269
43718982
43133186
50438858
43996184
48433095
46567621
45506799
43295515
44897801
47755407
43146697
43194134
43099411
46646988
43160116
47017845
43331246
48266311
48259311
43807386
43159364
43116813
43180871
46288387
43242850
44114898
43222315
43182236
45279790
43658621
43693772
43344397
50303058
45104473
45978952
43133909
43184080
44118299
45462304
46847463
43972711
43811233
44233814
43190579
43472945
44941650
49210222
43230153
44625829
43222162
44701191
44409628
44115315
43191629
44710201
43852788
44320096
46146078
46251193
43153002
43161868
43414968
46821214
43346662
43215783
43325878
43204361
49141554
43802509
47667236
43308058
43862418
48700568
50575836
48271346
45141156
43881493
45187754
43602941
43152592
45006136
43215897
44894970
43536291
43270750
43111478
50898920
43156258
43693669
43687055
44635691
43089553
43254886
43702451
43141595
44465525
44476236
43189429
43684743
45159052
43150559
44946998
43105449
43446016
43923526
70252105
56113270
48630040
43235350
43590000
44778318
50683415
46213044
48090078
47051217
57742126
44928553
55382846
46718285
49430530
47451761
46765154
45522673
51077063
48949437
45123835
47237200
49919084
53240960
53584259
48531525
49122336
49226236
49353269
46262376
50044423
50003805
50867749
53022170
53461299
49393959
52309351
52049901
47703350
51647105
49618741
45530977
47555129
53318848
53003380
50486981
52885099
50665765
49285319
48757629
48382878
52931243
51712986
46399176
46780941
51136719
48899614
48540751
47206827
46055377
48552932
62881642
45727311
51328999
50501411
49172746
45713533
51838231
47829935
50616036
49977801
46016547
49675691
47380326
49592706
49617628
48144760
50744521
49486857
49879166
48291336
50191694
54093156
50282692
47976590
49474835
47232234
46114029
50740659
49629204
48726539
46297747
47908311
48501775
48550999
46213426
52359806
47799784
45418792
53883210
54644955
50522580
50977285
48230496
47888669
47412138
48166049
49045153
48788738
45185323
47711810
47549893
44829645
59555281
49884238
43686760
49479064
46236330
47646881
53435803
51586563
46065421
52007639
48957331
47264436
46523975
47643230
46627531
47791457
46481671
47527945
49500809
48765787
47221087
47502411
45549205
49273484
50286620
47021461
45384109
47809826
47651577
50244476
45542490
46523860
47439104
47728211
49049506
46232727
49334937
51439901
47739350
43553624
48129461
49912110
46089408
50239496
46015909
47788230
44607499
50317747
49596672
46621597
47974948
47687274
54789721
47357546
58832320
50475331
47362827
45218706
48682261
47758283
47589685
48061648
46588214
46065778
46732581
46522894
47824682
44542808
56449144
50285373
44596486
48867402
47583126
50171800
48084544
45430887
48482107
51346843
55259846
48027619
46384953
48048662
47219313
51249652
46453365
47997247
48008104
50533493
49156024
48013636
51689101
48137527
46267516
50932432
46548614
51869301
49530193
49269216
48930708
48902094
50108482
50700461
54258685
46061915
48153511
44330699
47019999
47255717
49431509
48279254
48100732
43406318
47085472
49225263
48670249
48699386
47304016
48699757
46094165
48094140
65667483
46298005
46213057
51279731
44402131
45658678
47812434
46960091
47304673
49269965
48352482
47381874
48228696
48303468
49514595
48342182
48230156
49552213
48091562
48461800
45156753
49149429
46032596
54022459
48751434
52411789
51909511
45014391
46791595
48033497
49513433
45223368
50917498
51744932
54458140
67071808
46312757
48205267
48402731
48983161
48390944
45957543
46928229
50635429
47254476
53064761
48256654
55111296
48878375
47344060
49838051
48359752
49862512
52465082
47864304
49001384
47913425
49013540
49079731
49315433
45553440
46793314
46584196
46183563
48361263
47749289
45152462
47627817
49150211
48268108
57914893
48949345
46004820
47400704
45808508
47912262
47703565
50759621
46852862
47016651
45171727
48127377
45410786
46150550
47297699
49936655
47437228
46438730
46522668
52198552
50701592
47547525
47624190
49896265
47939590
45025420
47125864
46340137
45156381
47696513
47917547
49412665
53495756
51673251
47471444
47368413
54562698
45332542
49527037
58449008
48291016
48021787
46532160
44782723
46106135
46737795
45979382
46106137
49854705
48721054
47133993
51663030
46076585
47875161
46211419
49005035
50918213
50688775
49939998
48403788
45563895
44714668
45370723
51562781
49477760
45158935
50784437
51223557
46472669
48380148
46267264
50861107
46580759
49770624
45260063
45715595
47860345
43463737
48046978
63439354
47219896
44697523
51736868
49513035
47615714
47038410
44045000
47880317
47916558
48665011
46357482
45089755
52504219
52366896
49593499
46353569
45367599
47828219
47042818
44975172
46253053
49337162
48604160
50808148
50537250
48964354
47425654
59782785
52439309
51050327
47836295
46969299
47315040
48142059
48498192
45336377
48941970
48027230
48383812
48599129
47863975
52115217
50968371
47739241
52021767
47099745
46157733
47847219
49139813
46165200
47631431
45314001
45578451
45914688
48644162
48274825
46842033
48364144
49018489
52304043
46215540
52423991
52781719
48236504
49025354
46159831
48210197
50784528
46548633
48376204
49592288
50383028
54641842
52271531
49086676
45760455
48316606
47442080
57902225
45494961
44106783
47620635
46536421
47578151
52495922
47005721
46918544
46845922
47118326
48023564
48700838
48114808
46916443
45346973
45657314
47039370
49626681
46272342
49024718
47709405
47703313
44708700
45963570
48678086
47803005
48723915
52321331
47764631
46960625
49309900
50150695
46958567
44062834
47783166
50933132
48252949
45690846
46209589
48656920
45445119
47747407
50461264
48660156
47420857
51901137
49788875
52474817
49375611
44871261
49919358
49125094
50605043
45060571
48567029
48961863
46696451
47254644
48100998
46081252
47160748
48211196
60069586
47911965
51029999
48966466
45928082
46190838
48038902
49926002
45264747
46349664
45768574
48674362
47658825
48394797
45832268
47727320
49762052
46022970
54836795
49265038
49690558
51020365
50378406
47526779
47843246
46603149
49694474
54402782
47353928
45261265
49001400
47382867
47157691
46980322
48463327
47703602
47427825
48376756
46532273
49054939
48354175
47317762
45948723
47700457
48077199
47739110
48520239
50773848
49030942
49238823
50186522
51114688
49059077
47160366
47517824
52495148
50960323
47562188
46763836
48020850
49072705
52127096
55098507
55108442
47831977
47597304
52479499
48345716
46786970
46526332
52803186
49372853
46742361
47421297
49924946
49494236
46888344
45408801
46261815
46504325
49620440
46463321
47768384
46822336
46324037
48105919
49426168
48496640
48756490
44950484
47781758
47612831
46251553
47782971
49734630
45264824
45445593
48658051
49475436
48306964
47665530
45168866
46763613
49588435
50713910
49019191
49484128
58795226
48611416
44454373
47335159
48840958
49281255
46146530
48816113
47273252
46532606
48370764
46126153
47558339
47318956
49288229
45848270
46295030
47762753
49584567
47174841
46030043
48084989
47995828
45990994
48223667
49419215
47731004
45812532
49036404
44856162
48964921
46918638
44761172
47687880
44677890
50899587
47767645
48046895
59977142
49149711
60182397
48450767
47554152
45070718
48566196
50974658
48106204
46930483
46047654
46639536
46654773
47090474
49199788
45453653
52245596
52225794
47926661
49883248
50517746
48881057
46307820
47225159
48148312
48160438
47423994
47246570
45768359
46591321
52201183
48074831
45764379
49704625
47671095
60696758
48776168
46856794
51316378
54976279
46382438
46637480
46347571
47506190
47695200
47738328
46985754
48588603
51642216
49295305
46698035
49007778
49572833
45491631
46582344
58219568
47598706
46451647
47764302
48139941
46545630
46433475
47961761
44850436
47828938
45885330
48211055
44042570
48635464
46604018
49296743
48317983
50300380
46945635
49445171
48379744
46952878
45190331
50653267
48181211
49229062
48073384
46125310
50870065
47919168
45023324
48611448
46713628
45532040
52044846
48640465
47567992
49032701
50944010
46682253
47655298
60511669
46748346
46594228
47258613
47157711
47926442
48267335
46416941
47457213
46181764
47195903
46800621
58450899
52399744
46544179
49089636
47004273
49706492
51642518
48687758
47995245
47956476
46902249
48301612
49094992
47414709
47053998
50140430
47307037
49102912
46577125
46860363
47193177
47728897
48716137
54095055
51434866
45788326
45052560
47891338
47412172
46409251
47140123
50605610
47582699
44708917
46879970
48359537
47755427
48058185
49173106
48746796
48598575
48875696
46342295
51539024
46732710
46351281
46140512
46640075
46496719
51645711
49841144
47577264
50806726
47651017
47439206
50636166
48327110
46773358
49093594
51439709
46493708
44177242
46754155
53180375
47191203
50770964
47853185
43739467
45801057
49802261
46999801
53940896
46005481
48901426
46499703
48358958
47002483
45805681
47695225
47286442
48070275
46879763
49634691
54598083
52939669
49119510
52450422
49247223
46971769
45804033
47685132
47538961
45548068
47217867
47668981
46703621
48464853
46780796
60203943
51417836
51308404
46378552
50628955
53531487
47460417
51696462
47444418
50946254
48153592
45534574
47658177
46176814
47525954
43389846
51163881
59071227
46644987
47971574
46218163
51678985
48040137
47181010
44833336
51308738
46430704
46691633
51320194
47628480
47131094
45270286
48106618
49416514
45010496
46552705
46316916
47649659
47746804
50786373
46418838
48971457
46680494
52171332
46066846
45172097
49123797
47282958
49604945
47260221
48759397
48471920
54536698
47937909
46643782
51349170
47729214
57731395
47863447
45990876
49341370
48348341
49172217
47299297
46341056
49708655
52315310
47599941
46534159
47353609
48512772
47483452
48984896
46465449
48038349
48233355
45724175
46603495
49986981
48257802
47239997
49433554
48094146
48318973
59544773
46558237
47657516
47251377
47488534
45421661
47018850
50095798
46791032
49495737
68463082
44744205
50823124
49372802
46802820
47775726
49689152
48053643
48395115
61724101
49379218
47461858
48225633
45910227
49450255
45033056
48860883
46709415
56363806
47777072
49428484
45311330
47715887
52757766
44985159
49023007
53302793
46644932
48489584
46698787
51575696
49258270
47014951
46187365
47979975
47711755
48626697
47113040
50393490
46781532
50331092
48708916
46666528
52619265
47857467
48689262
49950331
47557020
48018110
48040822
46879941
52133936
47640178
58867941
51100412
50804376
47220822
54980185
46678643
58078116
47423430
47963108
45043198
47849084
50582497
44576257
53525249
49381211
50223172
49553132
45091178
47976153
64088789
51331865
46544311
53128553
48212633
48239009
47417780
46732605
50028361
49914132
48857731
48333789
45970651
46834003
46817389
47192163
48466350
46890582
50368081
48970640
53780015
51862304
47218702
49223210
48423351
46922177
46276189
45643251
48994898
48694908
46822608
46671107
51085273
44011756
47142915
45445671
48278591
48386884
46386567
48983265
51270907
47976667
44582799
48393049
52287813
51435443
49455672
48046377
46920451
46259550
53160378
46748036
47897817
47766806
48068341
51934403
51219238
48068457
47575062
50234714
46290398
55428451
47482344
49433903
47630377
46456792
46310011
45844587
47528026
45755273
47139158
50032684
47424485
47100816
48676337
48054974
48778387
47882426
51878635
48419621
66351840
47080609
44654596
50678735
49262915
46820936
53605272
46051196
50309591
50553845
49838996
47769691
45958311
46647876
47468882
49333412
54580667
49335620
47924746
44829877
49915000
47175398
47761776
47456525
52531835
48627718
47931037
50712180
48176478
51874391
48478229
69304895
49270912
47760296
45310716
51965523
47116191
48575448
65069548
45101745
49542529
48311392
45323036
46650977
50044315
49249283
46847531
45842221
49801403
47120562
48013140
48111926
47204416
47786945
48528361
44889723
50720940
48150158
46439165
46955715
48207110
47006038
47245778
49830720
49439723
45730638
45894586
55127511
48828115
46344417
47479989
47140124
47858490
49370009
50501661
47824536
51076301
49200531
51397253
51311709
51223218
50033897
51493728
48187214
47083804
46206851
52806981
46911174
46672232
48519384
46580728
52035047
49965953
46572015
45671360
52188817
45950107
49581872
47816511
47456727
49896652
47613754
47165320
52044265
48255202
48030314
51008612
48430626
48663871
49407292
47816614
50916115
46363194
50242454
44603799
51018764
49547196
47777663
52426128
50500649
49839597
51428294
49889862
47631651
48482826
51268963
48247593
48651033
48695772
53482473
49129199
46816491
45096626
48909603
48189474
44868328
46701533
46319311
47968394
48983994
45578367
50245640
49365896
44373315
49248166
49149702
47005390
46473283
48023613
50323755
47507738
50701420
48603809
48311695
47323308
48385939
45398378
47846866
46469871
47343122
47724859
51405272
49001538
49276263
48125013
45863878
47076017
48043220
49640818
50043130
48481014
48776130
48413906
48952329
49380398
49320513
45716797
50984564
48313934
49868479
46783991
46467657
46481392
51562111
49376819
46598951
45771553
47388268
50346215
49943928
48501162
48709387
50601456
50540862
48807755
47824965
49199041
48210685
45981171
49158864
45669071
47517541
44289919
47217270
44773201
46730805
45445569
48656095
46264278
50688677
46230210
46897690
48477768
63158934
48585064
48199736
52071370
49507478
50130697
46921164
46424353
46447001
47884536
45611382
46819525
48799101
47771014
44422550
50578469
47668957
49737850
53469357
48262621
48044333
45004836
47135617
47313630
50486376
47577972
47200006
48194199
48795821
52872487
46010172
45185036
47984566
47377306
47837400
48050803
48354739
47801559
53003798
48687405
47479407
44404819
46407571
47567522
48588447
47525345
50299716
47649597
51812938
47654009
49813924
50780946
48572180
48103286
46563999
46290034
52529533
47648961
57009672
49928751
48490739
50164887
49614190
49514853
48163379
49737059
46930414
49673805
45200210
47324034
50915786
50506467
45218840
50429147
56099404
48041053
51085100
47163945
48244915
48764891
48768622
47412137
47886847
51430365
51540920
46889534
49673630
50752926
49788003
44473140
47167315
52807290
48309578
49442730
45157167
46613826
52916874
50813659
45783637
54158061
50293368
54757862
47773440
47012930
49374626
49524971
45410869
48472998
46589885
49940261
49170923
47138305
46729133
48246090
49688769
47325974
45648307
46717318
62341813
48205130
51606774
45966538
52048733
47213802
45718583
51952613
48986809
48530075
45448051
50240937
50195549
44736695
48102320
49134032
50712833
47991338
48442887
50438519
61024462
45994719
46326341
48165279
46001288
47497452
50336908
46610169
49050414
46341821
47777048
44977272
50416167
46530869
49971382
48003104
47454455
48228799
50189803
45648352
47867157
44824410
46574801
48727918
44663848
48510445
48783838
47553118
48451114
48635340
51663440
46981278
47342124
46538070
48574341
47764449
46152551
45889890
43604982
47860702
45925248
47769901
47948154
50075838
48713494
47432991
50490785
48613632
45813479
46796076
48013884
51008142
47253854
48734906
44865545
48334743
49070421
46219775
49704024
49896279
44798061
46723505
46640220
51136233
46832095
51818107
47530484
47675017
49164672
47465423
48852647
47624558
48915675
44417777
47743130
52444706
46832234
49426372
49495639
47186076
47389564
47597802
45963405
45888776
46163264
48430722
60006725
49180249
48708867
45457334
48114237
51214318
44506349
48005541
46622325
49219749
47358103
44883201
50548964
48998676
51314537
50841970
50710178
49899385
45807693
47516032
48854375
51764477
53913675
48039471
51721077
44947376
47439005
48448855
47274937
50834999
47258794
49996842
45383929
55708849
49994236
55108423
51131754
48827189
47158731
46447006
51383073
47971151
51859533
56970497
52050288
49746355
47954609
47752329
44475422
49651138
49306933
48017765
52780727
50941790
48225085
53477216
48248444
49390553
50107133
52668284
48051637
46579737
48437377
47638768
45551396
50079443
49185333
62509245
47952005
48489872
49611136
48560062
57749987
48272800
50914604
47591142
50089563
49425758
47138394
49325693
49249875
52527160
53063351
48053773
46141437
48273859
47061377
46825161
49179729
51191572
49635178
47159766
55628722
46632967
49654292
48399685
48950848
51527036
47691554
51702522
47931294
50574507
47573147
47090420
44677500
48281319
45469332
48999088
52452745
44083501
50214897
66958052
48795163
48208245
47562972
46920363
47081367
48424173
47119944
46668690
46294435
47730252
44806686
46497817
47493858
45289568
46182821
50164295
45708489
48209755
49555230
48296613
49097728
49289313
46505857
49110057
45463250
46265627
50401928
48351232
50444701
49425149
49466572
44901612
46688349
48157277
50435734
43749653
47778910
50191220
43740643
49459045
54032156
45253305
49345541
46828837
48823224
46508106
47476383
46030881
50303000
50054479
48190354
48454772
46641916
45244903
48212476
47821794
47258045
48012265
45828634
45234636
46818112
49252158
49233241
44818495
48067247
48858432
46976148
44870550
50903866
47710376
49502003
47640788
46973710
51251383
48118229
48787740
53660620
57047327
49266636
50218760
46381512
49206016
52016811
46344735
48651884
48827442
48554216
46698039
51868017
48481852
47159956
49022189
50176340
46353964
48765667
48010190
48282162
45377780
46119186
46323745
50442060
48830671
46687081
49449499
47909217
45184372
51427139
45141858
47049195
49005982
48491223
48770048
49353551
45476442
45471228
46146143
48256820
44767149
53545375
50626048
48291892
48194743
50643231
49203818
48790032
47685656
47063382
45824023
47672962
47285284
45657220
46453391
45905647
45696091
47314542
45815746
49942171
46452429
49981325
47826730
49539506
45914507
51045787
47253845
48060307
46422000
46633009
47091446
52491989
46736696
48404086
48793733
61161198
47757671
48164711
47573587
53044374
46895855
47894113
43763743
47860642
49127891
47267232
45696136
44322024
54006656
48354577
48226935
50283128
48824834
45440944
47316071
52848636
49232036
47552451
51732090
48416956
48370692
46228492
49354392
46847235
47448659
47137455
43726946
48125372
47982496
49037727
46237785
47620091
47282085
48088826
46843638
47305598
48715891
47368198
53241358
50318532
45905305
46186290
44751757
50904571
47121086
47473603
56866587
46772714
50366832
49899456
44664279
51101089
47789336
46274713
45639161
48659496
47519609
46912206
46902458
46181639
49229419
47491358
59278379
47941991
46646265
48009538
47058846
45281313
47439580
44304581
46876836
47472155
47462671
49941552
45942179
46315655
47781808
46634971
50628567
45059875
54698351
49704518
45158540
51194737
61718326
47421197
48945959
47207483
47557695
47648354
46864121
46977019
46058498
48486596
46737424
51275549
48995905
51393593
47830594
46323684
45549256
50135410
48615172
46170434
46228162
47537886
46472871
45064801
44686439
46739468
48168494
48395433
47180093
49004144
45745875
71522922
46854135
50737239
49370592
50369136
50526470
44778778
47248571
47128358
47425211
49859924
46652237
52503181
46314369
48074380
47117178
52725390
50292724
49941494
43643561
48001401
47709086
56416645
47455043
50547368
49968023
48098062
48508756
55045661
47422222
48156412
45176377
49010906
48295014
51204918
49213285
45388033
46971216
49348154
47774923
47417085
59881441
45728772
47148585
48605753
49656982
48938545
45060245
47781604
48908594
47671839
48745139
46545265
49467208
47887591
51424175
47503787
49828015
49196686
48429796
50129495
46632217
48044993
51131652
49450058
44439561
54032663
47457823
45718828
45785969
50083250
51830448
50323540
47866564
47815524
52364258
47836177
67674591
56376966
47425134
51447644
45327827
47126983
45416448
48588373
46137813
47458381
52889247
48646516
49105162
45069389
46627984
46225616
48977118
51079204
49057519
48863760
45258040
45434242
47888894
56930124
50171988
60626835
44911945
48812286
46929440
47332250
49030221
46764815
54617674
48089255
47719146
48091316
50052197
47003883
50176941
48941975
58116146
46726964
45077374
45730472
49139517
48055656
44697512
47721548
45439788
52104216
47749934
50231013
46403648
50338773
48784948
48619573
43812076
47142542
49432967
46433124
46947986
46591783
45410650
50852991
50437997
49187194
48910380
46233811
49234764
47088030
50459549
48229445
47155972
47182558
48931927
46296658
49290446
45660002
47934758
47409078
47151711
46320797
48085125
47255020
55768598
47169783
47521712
47746293
50713029
46980881
48019530
50712274
46548911
45823298
47348320
46373655
46390082
51240883
47260511
48894934
49491248
46863472
49206664
46787798
47309502
45177426
48057242
47449358
45609919
48703879
48850807
46654272
47468848
47961012
44758982
47594361
47172436
44967861
47190723
52409580
48236084
43542602
46742757
46886856
49907754
49036473
47363810
48273386
49900939
48003756
49800739
49061034
48960251
46050391
45397997
47819466
47821349
46221736
49536733
47530255
47502409
47618782
45489261
49203111
48566048
48000609
50214107
51045435
46343629
48230351
59576161
51756547
49054385
50481344
45312305
48185593
48843808
47005042
46723111
46137305
48755450
44609096
47556933
50966252
50115575
43866221
47294110
43359738
44778534
50626716
45947556
50234594
48312707
45562532
46341161
44919199
49704460
46712050
45420395
45195916
47959992
45757122
52617610
46207886
46226773
46108091
45238095
54398332
47296846
48558126
48099324
45271431
54914606
47785132
48677677
50294845
48269565
50210384
44971783
48401257
44043776
50053327
44915796
48209704
51337124
47128727
47524411
44927506
46221159
46290383
46133266
48632023
47134513
46711852
46635579
46278578
44757552
45830990
46447836
46870316
46905903
46898367
47610084
45893888
46691875
43610684
48182534
49622718
47846059
43786504
49207933
45898799
51949308
48150446
53898397
47388366
44331956
48957950
45966055
50065955
45277322
51206497
49428437
45439531
46660102
46132647
47552097
48445418
48789764
47677918
50344804
49027315
47435968
48441833
47129408
43419191
50272237
53134634
46575563
49455227
48408279
59015611
47309220
48914312
46375044
46583687
45135691
47384057
47127692
48044801
44814770
48515964
47079762
46475977
49249955
46527715
50027835
44034908
49497205
45622074
45565667
47650905
49805005
47361728
45371139
50496469
48344593
45877128
46783634
48266670
47431107
45027706
45677139
50611673
49347697
47649493
47257748
52115062
46793979
47612484
48407710
46999820
47710227
45844603
48261490
49316284
48938463
47572600
45785271
47514807
48112577
51006140
46673931
58991300
47162658
46286100
48794779
46380894
46042547
47339267
45978838
49819900
47064832
49931109
48820243
50373202
46754815
49617929
48646906
47920734
46426108
48844325
45040367
47326130
49959076
44358966
48589162
46629700
46276709
48505125
47362353
48116762
48223636
46856802
50616879
49679861
44412138
45988321
52684852
49220645
52581835
47321727
44675891
49066585
45817228
47129450
47398597
48236794
48028470
44436352
47080369
45955384
49501558
58271813
62498106
47000592
49848768
49669029
49220592
48743541
49209001
47416785
45183237
48002912
45761974
46747289
50070160
46709270
46852242
47726358
47470351
50348699
50421632
45552589
48558811
48278614
53995965
51848115
48140796
48424588
48051762
49015606
49333754
47400858
48381088
47940502
45165679
51119397
49167456
46734730
48934204
48496067
51446115
47180589
48182424
50988088
49903352
44863177
51220540
52836729
47413313
45150631
48064105
46905580
47230130
50842175
44593805
47518334
44080746
48731427
44893199
48836406
48948459
45029843
49717407
47360371
45271517
51927234
49055762
46778528
47385743
51606027
47888971
45147495
48999836
48806715
46913313
50200916
46472421
49997011
49634661
47299613
47400591
48118941
49994644
59725222
47796005
49291454
51213126
49520057
46192035
47101837
49540171
43304040
47372698
48078158
61695955
43151219
45688475
49102144
48686936
48476686
45783272
51610703
48530107
46627214
46698610
45972926
49357730
48443570
49025884
46625818
45327803
46432746
52267056
64898696
46747464
46020508
45816893
56049907
48320388
46286119
48760680
47653273
49006110
49178021
49974068
50299171
43530295
49207071
48892277
48546409
47219697
49068604
49209152
46982839
47821083
47187772
47059811
50434083
47468881
48453533
46258926
47103058
47377680
48431041
48723498
48370975
47881628
49264077
45636961
49185685
49600856
48498273
46608057
51026148
47628484
46983763
47568050
51496815
48723953
45913097
52457230
46193455
46207667
52160783
46755404
48331977
46583345
48207101
46297889
48645458
48663537
45204717
48626806
43833077
49186962
47056482
45796975
49874621
48834062
48388531
45619523
46932535
47212173
44741852
46007704
47151731
48320041
48033718
43341718
47995155
46433654
45806451
45071465
49977105
46854096
50263610
47408372
47434331
45173203
53144637
43133265
55873155
48491649
44718822
50929688
51592041
51208513
50334038
47708848
47854576
45629994
49766508
48256981
48251553
47738830
48108462
48594798
48306377
52404004
48055727
48604807
48266509
46466970
46669202
49423605
48869277
45205852
48406710
44882896
46166549
49345186
46835603
43476550
48010343
44635742
47261309
47384344
46683748
54636167
48786315
46128928
47907159
46429802
48036550
45084262
45709021
47126516
48472123
46972231
48773002
48001371
47910645
48359328
49308740
48514997
47332521
44929381
48024329
45775309
48730687
50590477
47843098
47044437
47962426
43985979
46847446
47852624
46092323
49463369
49643555
55354579
46747624
46588602
45755861
55318508
45607343
49616983
45111160
45123217
48020887
50807938
45167369
50968068
46355735
48751860
46328582
47354062
47085955
45643659
50043421
50190355
47682775
47272630
52735042
49207419
46324815
48388431
51162428
46113478
46613988
54822075
46001480
46233496
48543434
48048354
45505172
45496029
51381834
43715356
47021378
44284837
50584775
47820119
48876273
46925992
46793813
50450682
45573946
49788501
49082396
44842746
47814995
45972158
48561829
47700118
47478175
46574613
47769518
48998684
47820598
50804308
47252274
44222982
48882401
46893805
48611978
45936782
47458608
48185244
48309365
54930371
50348531
49433569
48271569
48101290
47872354
46602558
46672315
48323084
48741794
49782884
45097969
47447715
46863710
46929088
49461051
48424365
46737143
53533825
49148555
47931501
44633924
46485969
48329674
61757045
48746754
47743901
50872780
45864266
46622686
50055710
43715441
47123700
46413983
49064854
45277938
46988364
46218161
46872546
46533140
51585390
53909597
48872636
46200550
46207657
47116767
43961194
46959163
45426196
50693934
46201222
44758464
54991109
46678024
46107498
46219890
46509824
45727220
46291705
48807068
49431750
46204159
45068248
48642831
44791697
54969367
47201739
44680572
49203808
48686361
47684008
53114354
48806936
48161917
47454873
44897125
47284032
49163441
50161634
45970220
49457898
51353987
45613618
47093599
47862507
48244850
44369130
52604981
49225245
47014303
45932408
47828462
49138014
51196673
47232498
49278716
47500109
47465675
47352010
51953316
47099318
47507433
48383491
45101853
51510665
48740791
48424067
47772484
49083576
47434784
46743543
45609801
48756530
47148570
48505923
50342876
46573753
47561349
52759543
48182848
46354212
46611502
45337347
48980953
50009635
49162612
50240377
47409247
47793249
47977335
50051460
47497164
49464270
47312221
48128649
47728990
55199714
47135022
44454712
45886929
45654640
46216607
70238273
43074501
45353295
49401887
46161514
45861686
47860808
46749105
46422695
46233766
47258661
46316002
52262882
47607310
46974986
47521479
56109982
47774307
49993913
49905121
47682434
46543557
48842784
48479124
46787498
48349292
47589096
44676052
49157756
46731372
49781808
45218048
45406843
46317107
48781791
46058977
49148180
46950070
49535998
47951562
54916402
46422151
46847517
48941539
48745344
47425830
45229773
47285684
50443331
59320995
49988900
44990727
48915013
49062632
51069708
49113622
48110343
47955295
46166015
48338463
49424420
47408071
45719576
57707323
45815799
46706674
50873940
45982850
49808957
47258014
46557539
45118962
48663456
48396370
46968748
45121863
46331011
46775011
46955987
47848948
51265209
48521179
46578982
48908840
47355922
49775412
48687326
51223004
46747049
46880381
48918170
45707327
48970987
55104000
46817046
48602466
48353414
48502559
47424762
50148073
45587277
49670313
44777769
48117885
46664983
48068709
49131831
47854170
48213543
48231225
52386122
48977530
49497293
47052728
45465615
48871648
47027488
47872480
51324197
46617300
47334595
44864420
48553462
46696935
44450628
50133340
44571081
50143972
50564081
44655627
50557425
46713708
45148285
54285512
52331407
47349486
58103248
51112856
47242272
44633327
46732786
48993959
44771035
51898986
47840867
47790159
45924268
46536490
46994535
46099278
46091661
49606907
51259227
45386372
48801259
46130230
47287555
47693465
51367747
47140360
49109802
49775085
50732203
51001588
48199855
50907275
46940325
45615985
47526422
46564810
46901707
49918722
48504548
55689896
48105086
47353709
50913608
47111392
46780553
49589148
48138537
45407811
54038252
50345281
48904551
52644329
47712598
52195120
49596719
46254725
49863895
47691448
46458390
50407549
66848671
47447209
48304545
43511812
46050520
46714129
46718313
47719395
48341613
46257900
51903372
46588630
50637198
49507561
48451593
52305254
51211069
46698470
49510532
48041862
48340329
50296671
47854729
49396847
45535321
50004396
47841176
46858043
46575450
46863999
48797417
51240652
47890520
44288089
48804231
47995498
46482085
46623401
47865838
47273175
51140991
48558781
52022246
47534857
45917260
55444259
53547463
43862151
46087963
47279655
48004938
51232188
52616984
49726315
46940451
45981306
46993284
48250049
44701077
46266705
47765059
50616751
47995068
49423491
49365900
43133657
47517024
47475425
46820081
48433050
46860901
48490079
50026307
48176507
46349928
46084648
50421656
48368209
50139277
51548280
47995496
55266087
47826531
44905116
48752094
50342015
50427816
46906942
49647449
48826119
47997503
48709212
49990056
48301477
48796219
47248983
45135695
47316181
47515119
51291472
48223638
56572149
47934486
47189289
54114030
48349309
44796531
46147161
48258622
50099381
44330678
48069810
46153606
47465635
45940893
46488645
45195689
47555686
47212851
50783918
47277701
55246516
47887855
46954787
47472190
47816872
47756741
48572210
45850923
49248540
46651489
47534531
45054819
44319724
49869369
47671250
58644700
53100994
51057913
47941480
46595577
51185196
50455805
46491606
45221956
47547185
46459010
46311513
46543403
65247437
48303275
49084773
44600514
50351655
47174118
48488353
44542728
51315215
50033679
47944225
50210641
50664141
48984311
52168606
46177848
53748679
51594570
46408202
47921149
54118216
50723331
47972241
50059700
50979683
49622044
47043612
48889980
51680953
45852670
51253378
48829894
47426162
47994125
46329735
47847284
46486495
48407300
59106626
49263132
52557616
47873753
47262249
47216774
47507643
48116869
48772312
47794974
50764033
53168481
49564204
51494422
48692320
53413054
52827586
45664651
50061470
51799150
45370049
51242961
48774960
46628780
49193856
44477662
51678648
54327492
51062458
48275352
46001914
46745244
44961432
46782588
50836911
47488088
45459803
49243186
47830750
46261428
53513863
50820888
51242987
62682128
49088038
48820611
47811042
48139011
47992722
47163782
49362907
46090901
69043985
44570957
49603243
46522135
50679647
46380536
46461069
49108382
47274167
48802400
47503681
46597064
44086875
48326675
70970105
51544899
48981776
43835236
48414687
47629002
48580811
48462174
47095603
47868116
47314721
50580985
49806577
49830550
50034260
47798770
49708714
49205244
43128542
46123319
47142286
49596864
46861707
51821563
47921573
45246156
49910898
47631660
45725365
46761733
48947304
48287027
46453682
47267313
47676629
48731762
45647918
48693877
46579289
48635417
45108226
47986896
50531280
49155068
45077908
45792153
47115975
45298443
48416688
55144954
45822593
52177664
47935718
43993598
47131963
46455835
47334990
46901601
44438609
49115924
52829298
47485992
48342629
48848949
61743590
46237866
59386986
48024001
49505938
53811789
49089113
46764880
47504935
47603961
48674684
49748339
49003502
52766098
48226840
46861925
48661937
47949990
49975851
46535281
46221037
47766782
48481778
48343593
50390764
47171308
47615407
50528654
46323519
51897040
48101255
46870787
46326057
50922909
46860812
49735195
46776461
52492139
46892194
46624807
48435696
61360873
52485410
51415237
46930958
47982094
47429685
47350817
48275112
43179895
50109514
47992023
48662155
52344762
46805397
47901205
48596933
47366843
52914290
51239772
48612155
52708321
47221338
54363721
47487660
47056945
48212001
46205107
48581099
48355738
46948068
48387720
44861801
48450637
45737868
49252145
45929945
50205818
48575391
47889792
49528201
46989581
53586177
48313255
46874019
48518425
48396108
47240591
49097541
50684855
50217712
46588693
47680914
47877903
47023119
43786947
47331353
49487305
44974479
48094496
47158617
48841420
47972224
48030249
45739283
50138741
49556565
47480105
50646117
45835332
49304622
45554677
49630798
50175616
46950625
51107875
51474396
50034894
48889850
48753246
47806645
45681013
47490731
60293933
46721984
52275527
46633317
49933082
47564837
46665387
47016794
48017625
47133190
47864357
43663602
53339725
49905987
44562192
47140911
49123678
48141143
49698293
49852967
47736975
47951144
49672754
48131921
52549091
47657898
58941386
45334382
50297556
47437191
46795608
43867888
51633164
47490401
54798280
47611925
44734400
46512241
46427816
46160908
46503975
48791148
48813022
54475895
47473686
45518661
47576140
48206119
47494827
47473656
48711746
46833103
48157206
50548857
52348362
48801110
46280201
46781443
45580744
46580820
50466105
46750578
46267177
48505131
46929356
46419009
54684133
45214217
49052847
46459807
50460471
48333864
45811397
45379545
47589713
47936007
43646340
47200310
69600615
49075979
47232297
51654415
53742705
49203654
47256213
48458981
51148528
46123460
49143027
46999373
51567394
48881477
46507209
47679612
45771467
45722069
47223894
46980377
45233315
49703371
47737911
47668819
45486607
43754305
48132467
45061732
48468607
47517711
47470731
44554685
47121373
44612488
47717321
50246489
49826414
45905161
48062814
49012880
49664380
47542818
44513606
48737230
47078760
49407802
45828059
51572136
48426112
50624023
47178345
47027029
52052750
47107993
47477794
46612944
48025567
47854851
48093771
49388203
43149648
46730750
48740047
45252350
53028151
49365422
53562425
46596513
48594705
43451745
48444953
46497723
46342912
46213428
48503650
48940791
49353733
47014718
52018180
53210576
47915918
46826985
48324652
48436265
47923728
43738957
47912926
46066132
51734889
47383830
47602423
47115971
48529081
47531583
46466303
50821518
48344538
46335604
46815931
57743138
43134808
49958149
48824888
54758381
48039928
45614554
47297640
50535219
48683744
46518115
47160077
48716450
46303498
52985053
47567276
47847438
49808058
49321403
43549707
45342174
48978102
49422419
49147050
46640092
45870545
47439128
49357707
46844733
45599252
48498535
48309422
47239102
46292421
50471925
49377926
48949132
46674314
50965087
50683381
48142435
46714261
48085285
46678509
48503833
49459483
43816990
47361580
47633176
53410139
45964445
44079364
50056608
47103712
45773138
47475495
47466317
43795596
49027455
47220668
49287617
43534353
45998316
45627625
47158258
48254822
48091546
49615107
45879854
53877368
50771414
46818798
47622661
46105345
54409634
49069026
48750999
48948638
51313395
47512162
50986169
49593319
49239572
56390818
47619757
44582708
47171560
48163078
44837385
48275315
48978788
48857808
51592255
49354705
48742321
46889714
47552342
45385914
46362148
49414682
49022121
48650078
44662651
49017176
48810775
46688988
48219497
46552692
47056783
48359996
46568407
49925342
62707484
46660711
43525390
47672940
50589473
49521333
46515479
47343786
46311600
47519447
43478549
46205406
46163457
46024794
48078797
46028927
48771027
54765121
46646338
48560037
46651974
46525885
50483696
47783957
52926811
49401902
47349866
49416084
46496840
50295302
47965487
49253234
46278623
47222069
47305365
46343155
55494290
47451706
48603398
47645482
47122490
47429972
48683871
51204894
47306387
50135402
48764046
47203642
46475889
50362043
49962694
45156119
46152123
47754297
45616413
48144144
61780846
47524837
48492620
44330985
50015113
43560725
46780803
46845610
49639543
48678045
45523410
49027219
45473606
49047180
47339257
45731670
51697100
46696223
43866581
50674755
47289511
49785976
43469790
47514498
47453624
46875954
48175314
47906072
46943158
48664830
46498662
47182368
46740155
48304188
47491943
47213814
46632376
47039905
46445502
50404317
47575609
43351374
48382386
47809877
44336267
48111290
44171329
48718764
46387833
45781787
45769222
46197907
47412757
48081367
48116589
47468354
45078276
48488050
47237218
49806835
46525599
46398298
44246118
47859777
45667103
48103593
45590533
53814357
49266214
46951401
49521707
46395679
47159781
53051459
48678959
49065295
47913872
46725591
49017712
46623637
50061824
45549999
49674663
45094858
47243688
45708610
47610525
44342468
48359984
43933507
50894904
47290287
49527477
46975290
65939248
53050453
50083420
48992500
48908951
49266608
49394873
46282637
49403421
48513593
47155707
48337951
45245202
45320968
48559408
45802345
45992196
45789957
50825070
48395196
47766900
47327473
48731607
45954163
47428468
45329019
49351937
54428481
47350195
47902048
45044524
46403551
47475328
46838855
49247874
46986922
46254709
46862355
48374572
47008313
46740263
48035250
46841348
47356061
48070218
48594803
47134638
46584582
47755396
48083396
45615477
48747109
47103026
45581701
53207552
48795291
46767975
48178762
44508427
50411324
49244172
49640242
44807778
47343312
47480253
47501838
46286376
51652276
45717953
46781473
43153804
47306839
48781498
45917446
44085620
45701216
47283031
48608909
47259170
48595006
48498973
47600873
46647955
48195037
47489622
47874827
47868681
47908025
48856960
53704320
45471959
47930862
48606204
45954640
48087493
50472910
44301715
48298049
48442858
44413773
48435063
46439660
46006409
53802625
53056289
48093616
48037996
50287518
48496279
47582460
47601389
46904203
46583957
47604725
45982329
49028100
47811384
47128478
50072021
44508540
47995366
44992502
50359110
47652390
46284603
48076876
47354423
47523972
47579500
46891002
44861292
48854193
51896788
50547835
46713668
47249981
45908047
46732414
46870285
44292980
48437677
47863605
49139350
46755353
57736500
47074146
48706303
47411305
52092988
48199452
48777996
46654530
44679048
49926809
47539402
49987364
49866491
45044683
47380592
46913196
49969654
47013513
46006102
48947155
50495534
49608797
45314927
48737392
48667909
46697054
49953790
47551998
47379832
44470398
46583881
44048364
46539584
45746759
47182533
48246179
45783815
49084478
46852298
47003565
48817450
49131773
47727124
48561383
49867143
47578046
47208381
49880062
45794534
45553526
47398518
46909982
44825475
48331333
46028448
47437495
49023592
46325632
48517126
45176270
46761408
48073875
49966455
46390329
46194089
49231518
46844704
45756724
48072190
45302428
46167030
46290776
45395697
50196567
48478103
46677761
44569279
49384976
59712896
47029670
46801048
53154558
47390395
46104041
46180796
51704951
47233001
47106559
47721539
49958760
45583334
51185422
47337840
45265013
46014473
48176092
48652489
46357388
47865732
49795095
48196188
45955668
47389183
45772874
48539499
46520343
49027487
48414313
61584691
47822694
46916086
46377869
44236378
45215182
50090677
45706083
45187809
45917737
46297107
45917536
47622758
49819756
47189389
47227509
46371837
47631594
46696808
49256613
47607971
47186864
50108043
46703400
45525273
45380341
45784454
48238016
47239573
45794591
46113929
47385941
46899657
48504312
48023726
45727620
47600233
44106207
48174265
46507252
50767485
46148668
50296332
46400016
46918680
48319003
48483202
46877704
46154818
47536852
46526897
44260389
53257677
49544194
46715256
51650611
46916531
47779158
46709414
52015629
47406474
48270607
47406569
47342892
47046232
56110084
49705045
45307905
46354642
45108247
49471424
54638740
48492070
51317535
49909949
51956962
46534831
49758993
45742214
49282720
47024526
46237484
49751396
46079213
46483998
48789384
50600948
47874385
50316728
47204928
44514309
49134822
50213680
51405213
47686923
49798653
47347107
47231269
46890517
46083406
50368687
47088545
46583581
46591175
47158479
46423199
47094424
49520750
46090038
47599785
48082962
45540838
49261444
49994618
45313336
47502898
44452200
47695860
47430383
47473928
46380214
51243483
46059447
47156425
47149932
48797685
45964868
48894258
44252603
45971406
48526183
45583050
46540671
45668541
46201299
51145177
49537686
46239164
46502326
45788167
46095467
49392777
45604607
47930094
51594115
52115887
47609614
50914114
49360994
43606578
46715223
46711138
45202603
46681564
45377075
49351099
48248645
45236360
47174391
48061453
48648350
45780966
50843337
47102551
49013894
48220459
47259562
46188378
44372636
47495831
48096906
48226739
47837628
47157717
47692511
47865628
45564771
47597166
48278787
47382165
47301668
48970070
44513260
49349720
47386698
47658398
43695139
49862764
48973870
48480665
46786748
48051673
48754209
49076718
49486570
47021491
47820354
50303211
47940675
48741827
47040721
46972977
48636587
46421696
46662663
47349835
43450093
70934096
43395445
49374128
47832312
47163232
50414979
49500400
48327981
48416662
44416799
47880445
47699118
44485854
46892269
49103206
49455975
44555317
48004403
46487884
43975857
47460739
43822116
45324813
47039734
48039270
47696404
45278426
48087165
47401831
50465799
48056607
50076955
49537250
48165502
46768870
43493769
49390138
47530052
46718356
54123596
47449049
47091456
49045333
45260852
46052636
48543747
47050758
46422163
45096502
50460946
54369033
51545541
44536257
51093784
47135660
50655166
45923555
48229836
47571280
48708696
62607413
49301696
47337052
43519544
46052177
46832442
45687978
51932041
47877560
47417719
48343575
44905878
48671458
51178008
46266410
47204347
46881865
48175162
48567200
47762392
50249316
55616098
50039082
48790463
45851062
49341396
44981166
47616526
48444941
47168583
46759662
47158121
44292233
47497446
46303390
46725977
48522787
46501228
48035026
46928200
48050663
46395560
49579493
47430433
47884569
52109344
46059467
49025104
47141466
47983596
46448305
48541561
44720636
44718196
51031687
47333070
48753051
45249109
47094314
46153337
48956992
47478135
43383114
47296633
51349452
46557475
45518582
44153484
47817008
48211838
47443847
75312989
48488284
45484749
48773160
45679489
47154100
43658578
49109787
49335583
46854933
47399837
45442544
44930096
46205449
48916824
51192905
48451093
47444760
47270848
45580949
45877652
45277344
49295856
48673164
47492750
48062529
48759139
46858644
53960390
49383947
45874798
46991431
47130571
47504405
48298510
46644796
49080093
47621228
53953262
48924718
56572035
48572065
46395237
48408916
45834728
47180337
54195302
48174868
47372104
53698351
44559034
47192419
48132360
46819145
47731570
49518749
48981280
48641359
43263835
48295931
46393199
46733285
47279018
47603912
49677993
47778965
49890297
47429419
44861267
49998022
47422785
48251419
51651773
48165831
44480840
45523117
48429235
47229276
58868569
48613926
46994272
56898833
47420258
46089060
47958400
46511455
46920854
47730585
46387126
47147764
48616732
46657144
66701684
49864801
44669459
51142503
47989539
48329439
46591428
43935562
47836765
45651419
47167248
44871627
55741989
48892342
44844663
51936570
47028416
44831047
47058795
46766015
47114251
49365426
46377041
47229423
47416689
46413861
48572965
46506840
46649866
48528057
45245236
47964510
48779948
45373315
47657698
47896995
64390891
47620302
46343098
47052285
48805067
44740968
47373863
51338279
48010293
49085317
48063559
45596535
45268151
48044912
50351817
46870968
46580402
44976131
51076783
52055953
44568765
47458604
46735644
46685314
46568817
47307559
50289237
47777865
45900465
46666102
46949441
47630923
48055593
46633608
45990898
47745758
49583991
47678485
50900305
44432702
49733200
45750559
46802819
49318550
49393169
49403443
45368648
47238037
50843751
48638674
47418290
46246460
45203693
49761057
46937819
47119930
49439626
48006131
46089991
46948777
66138713
45832753
50559283
48466569
48997879
47714135
47342364
47972245
53188913
48015104
46325762
46058819
48886799
46450131
51028272
48057333
46718015
48622484
44480920
46576140
51594335
48890083
47486242
47203244
48893243
47545286
48587939
46798016
49823962
49478894
48509331
45050562
48634826
47293635
51162057
46787536
60662467
46908059
46610086
48070149
53090430
49989186
45208731
49389732
46528930
50970712
52664591
50195586
52301050
51456480
55110451
51357436
53435533
54720579
54900237
53672375
53279562
55678872
49498963
55100325
55345115
54136041
62774136
47131189
44656137
48972152
44456791
43993385
44151823
43985231
45377148
43205691
47434471
47560728
46466351
45936835
47747915
50540898
47823819
43425041
46258925
48107315
55630018
47848117
47986638
43634983
43441884
48954890
54944767
54982977
50924735
49646774
54450392
48695843
55697419
47978290
53089773
54268571
47668644
53132193
55111332
52691359
54599839
49369026
49714189
49426115
47544025
47514397
52394656
50228965
49350766
49582427
45739405
51925478
49041878
47642815
49847804
49864667
46473182
47528952
46996530
46501889
48026904
48494674
47929554
48058099
55041163
52530359
53982646
51791538
55876149
53764726
56019393
49823087
49740775
50918833
53865145
55112781
53730333
51101397
52096015
53196695
51750173
48515574
48744863
46846719
49358508
49724138
49437975
48335064
51952125
49692942
49644839
49311098
49811789
49130027
49038163
51649796
52894946
55408616
51737088
52708823
50502252
49670771
48509358
47099124
48244310
58905661
47532349
48129112
48424015
45553158
48717069
46266576
46587576
49140597
47193016
48482464
47073093
48950891
54453996
48413178
53247584
56033136
53239438
53275347
47229527
48459322
51079495
49282228
47162103
46817093
50651250
46779369
56871821
45004148
46514457
46168318
45559402
48745040
49091128
49561956
48737664
50885411
50495278
50360865
46019851
47163283
49530449
52144014
52961980
48833625
48523709
48086069
45296777
43882852
44962200
57929828
48256162
48290179
50289271
47087883
56266200
53262135
55083357
51693330
51190943
49840438
59991380
49298190
48654690
49042636
53673214
49242210
51157824
47411896
48480270
49372031
52040314
46079715
47946351
48208057
43259137
57512658
44537265
49479065
54872133
58372801
50091084
50464673
45585861
43600170
49827732
51721276
48827198
45343137
46785064
50945476
47067824
49218026
47208298
53364500
50448080
46836505
47848135
48129542
51186074
50958686
53549317
43121382
53744096
60204782
47325807
47936835
49512763
48121881
48627479
49828918
50648272
48620263
47651900
53039832
44274183
45111357
52296020
45805565
47741253
48295604
43178326
43134337
45005362
43144079
43675226
46945637
45764896
47392327
53533415
47612614
49925626
52821403
53806608
48080199
48733823
47776528
51380495
46578456
53998557
51006668
51050858
52489653
48057633
59885170
51548362
46317343
43434288
43155214
43155152
43494768
43598656
49808724
49396998
50884622
52294791
45634318
45460033
44788295
43333617
47851668
49425281
51005094
49150368
51126250
44538835
46596154
45575282
48596352
43785634
46412582
50867753
49329991
43618577
46895825
48136505
50382589
48711297
51564685
54136050
54470532
53253653
53052358
59791253
47875277
47632467
46322814
51776083
46326079
46958407
47144622
46765434
49683351
48844660
47412804
54335917
50841353
52165994
53075423
50168495
52581863
51272808
49364230
45614787
46040140
47483483
46900569
45717104
50632061
46771971
47770346
45211308
48366520
45873136
48698961
46886432
51000225
48369378
52993027
49570601
51697548
51958630
46823170
45526402
48707098
47075721
46920222
51158547
47766125
49845244
51000201
50805521
48589468
49867657
48784172
48645277
48178014
50371793
48038713
47763712
47302173
52295815
48479703
53031895
50873591
48265992
52636396
51871541
58311628
48158778
51703037
50704119
52162384
50738167
49887226
48230744
47918715
48221156
47846576
49477963
51057445
51478062
50523622
50991186
47109699
52847326
53012868
51138760
49081674
49330631
49088707
47748948
47700556
48519101
47246074
47663769
45218637
50571950
48035900
51232430
48622514
52509236
48906634
52215983
49656677
48166061
52659935
50933070
50937304
51579277
49097725
46114417
48700746
52072670
46849566
54192602
53709148
48817535
46877302
47719726
47873924
48171315
46120385
47801581
47926320
50476749
43173881
49763058
50498752
43090891
48597323
47208070
45568181
43956073
43153618
45430545
60818014
43399848
45506767
43133464
46645074
53532121
45652681
46266011
46148761
47824635
54238868
48490728
47376848
49262228
49673276
48397137
48157076
49166907
48609632
49812478
47782333
45992377
49704066
43724324
43933793
50316585
48497044
48948205
46582252
52665330
45570620
48544516
48063734
51997566
49949695
46111213
51957685
51195852
46955732
51144172
47069752
46729315
48374990
48031417
53514947
47645250
44866213
46220042
49973652
43568352
47717901
48224723
46334187
51367917
47128224
50051195
43075334
45654115
45440271
47690465
44641287
43787892
50952990
43165277
46457574
47970404
52089527
49873620
45725542
49162651
46266902
46592772
47371444
51335363
48244842
49271230
49711190
44459762
45621858
51275734
52097171
48678198
47935633
44408315
48272168
49786184
50247691
49132395
50524540
43169909
50105191
43142328
44145142
49590257
45393215
43220615
43736189
47688639
44890233
43121028
43291361
50590696
43189192
43356627
44676170
44054420
43144402
44731533
44005922
57017610
48065816
44342197
43254562
46136153
43180835
45651797
43141383
43747021
47406982
57788382
44317108
49349204
43106444
43846966
43160209
45258970
64083849
48474122
43348179
50328551
43193018
43958046
47346526
43089719
44303900
44699106
46845394
43184321
50070331
45938547
46837807
43787447
53044267
43115908
43158715
45572546
43452739
46744052
48224587
50051704
51013027
50381970
50773395
49480705
48601422
47263223
49857153
53746678
44148818
44278534
49615439
43500403
46289888
43558172
46919354
50729610
49052175
48808644
44643932
51942727
55338804
45550581
46471202
48087646
46979739
48714069
52913516
48400326
53478870
54561887
48557643
46689772
52159542
47218186
46958242
50555186
46047978
48663406
52948076
47568546
48334086
49305260
50767669
51000161
49206517
49225680
49151917
46734409
46243413
51154520
49309492
49880037
48303740
49871382
48129165
50422513
48215781
52956087
48141529
45702443
48822217
48672918
47429986
48393794
46797956
46698570
46711580
49544422
54530613
48564033
46288275
47430945
58457889
48481517
52171468
49826359
48449883
53642749
48796544
49836912
46458001
52228357
53854751
47902660
56581307
55855467
53562860
47510643
48714370
49607643
45903905
45645375
44965440
48069726
45998298
47238638
49179475
44490166
50058003
50690705
47716543
49361524
51573362
44487652
57483354
49094953
48253122
52319677
53716392
51452535
46336912
50376992
51562335
53320242
48685963
47194392
46889032
48067417
46134376
44531613
46032080
47128596
53906588
48623039
48990792
46287154
51963921
46681690
49379777
48136613
52061156
46174772
49006151
56446189
46613635
46916175
46969627
45972473
46996790
49086956
46743659
52159174
46629862
47233337
46981665
47679568
48025748
63382367
43855494
47518642
48303485
44676938
52346261
49275891
54036060
55488741
51055300
52199643
48263388
48688874
46496691
46288696
49075646
50441054
49820203
49873966
48355066
53064658
48680121
46330034
48089888
48537676
48797235
58691543
46821497
48408468
52882476
54311703
52921775
50925384
56412389
49758337
53233048
50878555
55096173
49272809
55620514
48998222
46402009
55129874
48819533
54416347
47365089
50278832
50027321
49645401
53226607
57827851
52508478
51137289
51402821
48586018
54657744
50720469
51786173
45663971
45821800
57780221
54500087
48153698
49231033
47063493
49775455
50266149
48109623
49564040
51351787
49521446
57489292
47813897
46476526
49478154
52419801
49689095
46666883
51058867
48218889
50393952
48438199
48134036
50203676
50868929
47838300
45135319
48197919
47669966
49273618
46289119
50426015
45315816
47198976
48067491
47749973
53536524
49335763
47283226
50337938
49116929
49088611
49232139
47836720
51810773
46543059
50424353
53117811
49208413
56768507
48929100
52430311
52680776
47909241
47772621
48124038
48139831
47349701
45502086
49028610
54776382
55369468
48105880
53028239
50556348
50406951
49222788
53388351
52646866
45154816
46953490
45659231
50495465
51483609
51976953
55382868
45555720
49493513
47725604
50283835
56889191
48707756
47865352
48494997
51713955
54010665
54978666
55248523
52518298
51573035
52093375
53258481
52976558
52257183
51345668
48325410
49338575
51008539
52481802
51861631
47473103
52000469
51504552
54746421
51767786
55738625
50099148
55209816
55228520
53234267
52011150
51511671
51171799
52968858
53075245
55858960
44566277
45258771
43193757
45808165
48225655
51889076
48415711
45313528
49928643
48907521
50336562
47636926
49484106
47384092
47117566
46480714
50535876
53682650
49925381
51656881
53906513
51257792
52392011
50920242
48805658
48047647
50411658
49802466
51467861
50811581
55084932
52422986
51476279
51938363
52917640
51102023
59983483
50668895
50779336
58495820
51720699
52661645
51800501
48016166
50065980
47748650
48654824
47368096
46967987
51445400
52299669
50390551
51239717
51127180
46272779
50748555
50122922
52834720
46758758
46773547
55644936
51886520
46815842
55525357
47408786
51828323
48181613
51737983
49180103
52662787
49220906
49221502
55205452
54344678
53896127
54597396
52773766
51683801
52724307
52569676
48427410
55440804
52769868
55136910
52143191
46479310
50289086
49289045
51882781
50723727
48776686
47078694
47463512
51045954
50032667
48888300
48137360
59358922
53010555
50297900
50769239
52165230
54124828
49981817
48514501
53547026
49923709
51543639
50181958
48794484
52788915
49324440
53671199
54009337
46017664
50599177
51038052
54802542
53009159
54285472
53694194
55120654
51685368
52686136
53882046
58132905
51420033
53699986
53740224
54498421
50026622
49333230
48394184
50203191
48309164
50384840
51115939
49859156
50384578
51979455
50240557
48330094
51121023
50236533
50381398
52466844
48464839
54248259
52213990
52745321
56357267
54618963
55045924
51622168
54889412
54443752
51994223
57427443
48762031
48970760
50372644
47179815
50517986
48098907
50492764
47923582
50682854
51198227
47468533
48573521
49438413
51084613
54259363
53729534
56153827
51897666
52901207
52811479
50277023
51124792
49237388
53842307
50592886
48686328
50370082
47866621
48810152
46486369
45672877
49289744
47630438
45944399
53467741
46635696
46385601
48215776
47699978
47746381
46637405
48336041
48774944
48130566
46000189
48872838
46195054
45777611
50669606
50825015
50350950
51027773
48216458
46725349
52628981
45229740
45778952
45726515
51329003
51422688
49005289
47357326
50670841
53410569
46429825
47806072
52884240
47700246
50053565
47868044
50141047
48784598
50808136
50678225
49838805
49509432
46638436
45970023
50770902
50182898
47691016
49567714
49754047
47966847
53321487
47211655
51055182
49994305
51321782
49448701
53457451
52276563
52068642
57339238
56605555
54292975
54703458
53774317
52273339
56178564
49645732
56862801
51264542
49233143
47707075
51947242
47898195
52914441
48902844
49540471
48502163
47742951
52539618
45040633
49289286
49661249
47555749
52284468
53316664
48509490
49706605
48857386
50177652
50546899
48711587
48135665
50133679
52313022
50252150
52542789
50065382
49668767
52042628
50908644
50259586
51127981
48788998
50391658
43578964
46452295
47097355
51752486
49195829
51719934
51472178
45427856
43231240
43186643
45025723
43204271
43584783
43118225
43797313
54958052
52651625
46744220
48011820
50985353
50201103
53916125
51911397
47350347
47913588
52572922
50760180
48057604
50209130
51220298
50519577
49998380
47582592
48653373
51256752
48039095
49858819
52590007
49592193
53161889
47622486
52890726
48196452
50664703
49922515
53645949
49207612
50504130
48999767
53154189
47410887
53698088
56139068
55322727
48641815
51795420
54392577
54048550
49966044
50331071
51712382
52189059
55866251
50332789
52185014
55460460
50789804
54428786
52396754
52999493
53660598
53834079
50757595
50441314
52601961
51230361
50615065
48449102
49962169
45397213
47061995
49138564
48431114
50652481
53858797
47341783
49830461
44938290
52255858
47392146
45054453
51373731
43350704
48848999
45726426
51084538
51601024
51490196
46156065
50680318
46749149
52352895
51364321
49864076
48246794
48465843
49834007
50667502
46403789
49904924
49963005
52598812
48934468
49646898
51135193
50292344
52625558
55537766
51065511
49497484
47266008
50659281
47072065
50226769
49637120
48874394
50926570
50565097
51786863
55651202
54365876
53538341
55430483
54266625
54134608
56990908
55061402
53209857
54814565
55616352
59786504
52427217
55476620
52244628
49875219
53956055
52185291
54742606
53685397
68056470
49176980
51423231
48906120
48804052
49475524
53458480
52300148
52153168
47653773
51033068
51768240
50138894
48037288
52635955
50193802
51992319
48097024
47538957
56615877
50888841
48445589
49316452
48516315
53474740
48519825
52903327
47374550
52812135
47762408
50951613
48334833
52257004
52687730
48705659
47910947
48178774
45751073
46873846
51734970
49792553
46927922
48845350
44948422
49186052
50370452
50491688
54205883
55757585
60573041
50417378
53454141
52216029
48577521
46955762
44628336
47608616
61116774
50151702
47575752
49760002
48703858
44857127
47885693
48448079
46687563
49051836
47982358
47662761
50115837
46850332
47627072
43966983
46163203
46571174
46734254
47697398
49312746
44647602
48049138
46928688
50197469
49694935
47005500
45586578
51096671
51212854
45838229
49076968
47955872
45088036
49012728
46088271
50278955
46846438
48854717
47901993
46205354
46675647
48543787
46997407
47421780
43617007
44853490
48986188
44705606
49714472
45409502
46284210
47499095
50835648
47513962
50125721
49014720
46252468
47870678
45611836
50120909
46027562
48255066
46841604
47793430
49000254
46257695
48985241
48087321
47010186
48423150
46946284
46736284
48437819
53033990
46448769
46611183
49673234
46602512
52271842
47759965
48342742
50847481
49306134
51005748
60259154
46551127
45921119
46599457
46130671
46703684
45425094
46739229
50808987
45838845
46748363
46102543
47370582
45689465
47012282
49950761
46191336
46101898
45949331
47095093
52290667
54350772
46940721
48462875
44561450
46262322
44802873
43143793
43110647
46548773
45269197
44334916
45139723
43153987
44589163
44482699
47980601
44351086
43453498
43094208
44062041
49627003
43672068
43935672
43187647
44657645
44092405
43651258
44775894
45495127
48817487
49797203
46119826
48991509
51885099
50782432
48537288
43161636
45918953
43122304
44631795
48524221
46428627
44643373
47276977
46214194
45118927
48375942
43210018
46958632
46325577
45004401
69158288
50547795
45052065
44129243
44888827
43093249
50168091
43129976
45753374
67769640
43694505
43894531
46744452
46452276
43136047
43845439
44176344
49588350
43190851
45830805
56081104
47481641
43156707
43550205
48217725
50813799
52676977
52796360
43943866
43782184
47065703
49942711
46497289
43331261
44371816
43130071
43297183
46489354
43941577
43810441
45686471
48194175
48943172
48512842
48878866
49652314
46976737
53758396
48170269
46186568
47752153
50839431
46314842
46799787
45810040
49691671
50141601
51605714
47246120
47674476
47345142
48569870
45970210
48191392
44111807
46215879
46473207
48905062
45995152
48132923
48892888
48258356
47094186
47537151
43202107
47577967
51145112
48995359
47426482
50516897
47563994
51537302
46845746
54019130
53708391
51404677
47079085
66460411
59361367
49266080
52979053
46453300
45281833
48820561
49048086
47312084
44685453
43220379
46544132
43975809
43397685
43080387
44119237
43182612
43554548
48395372
46295403
46991596
47678656
49124482
50474003
49996497
43762211
45906013
48013771
50112414
46695413
43639852
43220683
44502155
43144713
44544923
43189207
45482842
43196237
45896068
47737017
49600968
46759154
45869678
49086690
51396587
43133196
44103189
45452367
45490579
44683510
46132113
43730087
43141524
44017055
46361041
48984419
44744625
44638772
43121892
44965635
43111713
43897125
44683897
44048166
43510403
44644381
43106461
43370015
48210650
45277611
43119948
44036946
43348933
45875552
51526778
48475413
44543133
44655133
45194098
46278562
43578830
47832705
52670471
46804482
43211315
43252761
43268840
43656803
43588181
46762012
48416140
47142540
45186962
44296917
46522509
43153082
45017058
44855312
43731796
43167349
44119217
53503657
46420477
52773374
47981243
48086232
51804238
48888430
43416069
43218537
59071732
43268842
43800104
43179852
43114481
48797472
45039500
44121931
48707381
43300735
43241499
43263754
45109543
47151098
46064854
46811765
45748339
44389651
46557983
43777094
46288899
43553454
45360398
43140661
45531434
44022351
43401085
43886022
47847099
44105531
46321838
43861923
45865814
49860846
47151453
43220938
45211845
44814462
47308023
43150945
44845330
43873861
48438019
49522025
59520435
43303575
48123489
45548041
43164812
46718935
44200349
44455670
43143397
44299769
43671676
45223957
43227760
47011818
43192082
51400970
46119962
43695261
43698492
45055150
43466292
50627291
48475943
50538156
51792591
49161911
46606243
44302702
45335607
44983856
48433953
48198390
52224831
47776546
43508877
44626059
43944048
43240736
45720986
46495152
48874239
44969868
43301839
44398307
46411895
44407787
43736184
43182317
43542037
43197253
43122046
51700969
45058922
50756552
50260450
50160346
44446664
43148128
46071382
43706912
43352674
44505697
48545087
46562102
47312401
49462201
43946193
44088996
48783168
44336248
43795654
45085438
43232432
44773371
43688819
44147829
43923283
46592233
44798706
49411769
43191555
45682758
44456510
48729834
51015565
48812520
48148435
49049867
47844766
43798574
47274447
44069336
44480388
43640147
46970099
43145895
47475844
44676519
43796159
43312255
45688096
43775322
44686403
44084915
57627265
48720978
43894760
43133996
44443114
44607790
47015436
43222567
46598713
44100424
43360602
44259997
50638547
46694094
44831674
48294494
43137319
43782755
43331663
52518409
46168527
50162519
43116157
43535297
43157126
48555643
46402545
49788193
44674748
48359852
44996145
43104172
46545432
43117611
46882046
44587660
53483367
46266047
46058574
43102213
45759979
43214896
45957842
43233463
48632090
43492125
44635429
43357937
44610417
43365126
45335520
43179177
45259815
44887696
47684788
44166068
45390936
43206743
50014887
51197699
46506121
44329980
43164727
43357923
43130392
45112111
43128717
52284542
51914933
49387646
43401298
44272835
43142785
45096618
43728096
44438030
53253541
44455578
44975457
46505148
44515628
43434540
47165432
48504118
46601878
43075230
43861054
46985080
43400197
46755327
48687141
50471578
47808030
48318990
46118038
52177708
48665851
45611832
43448470
46939775
43093485
44946137
43642040
46933669
44165694
48467338
45781111
45042583
45895980
44642128
43086389
48671041
54026629
43758711
52201331
43279614
43872894
45276440
45382542
43140571
44912650
43132359
44813945
43238593
50234557
46523634
50073500
47695665
43914516
43961052
49709154
49757476
43063125
45992523
43076126
47964682
43124057
47026208
43331332
45281027
43213810
52318900
43186434
45483874
46202388
50459244
47713160
49837168
51330939
44402427
45237006
43949132
45341398
43145611
46655037
45456422
49129031
49185469
49130327
47880789
43105914
45743121
59688730
43675524
43202095
43474950
43914353
43623005
43150668
44458448
43159273
44735598
43399627
46296666
45222296
44376650
55970897
47235413
43858527
43508252
45718379
43108431
43148655
43401196
45477718
43382678
46969400
45441632
47223341
47513453
48907324
44444056
43120650
46023016
43153261
47276169
43193319
47997513
45455154
47819643
51089080
43762708
43349428
45084534
47234310
43372769
50813480
43138497
43791394
50433401
49610267
49518351
47187178
43140589
44398475
45422682
45001523
48412508
43253007
43131012
44944870
50742307
50642475
45239752
45671614
45255017
45527592
44391067
43147372
43189766
43530156
43914619
43410453
44551447
45859848
55080913
43270307
44923698
43747074
46094451
43398111
46485784
43138117
44375892
43303676
43165938
43081953
45355793
43489443
45039422
43154676
43260761
43103697
45896392
44354633
48953260
44149611
43108900
43201468
46476991
44232534
45173968
43412202
43511197
44436292
43087403
45273582
43599410
45743312
48347560
43512820
43197473
43168401
44095379
45175097
43949898
58543077
51014523
47934276
49049207
59659839
43131775
43899178
48177667
43742284
43077885
43164416
48689926
46336765
49588303
50207300
46755447
45784052
45791698
43286527
55048731
43195196
54425629
43106915
44215950
46551288
47152948
43152800
45999062
44005217
43970311
45767203
43131658
45588912
43116744
43474232
43158135
44620999
46005511
50724115
43527264
43140256
45356602
45706060
43077119
49877492
51413411
49005757
54832983
47317766
45500435
46747502
44565933
43238987
45257647
43157232
44687622
43127618
45016973
56464265
47200853
43134359
44026393
44380617
43719165
43125156
44876638
43286683
45349253
49119588
44032787
43167928
45161724
45717891
46104327
43121170
43886887
43556608
43195031
43133580
43117283
43828815
43144276
43208516
43302488
45893512
44120533
52130025
45857815
53518138
51672248
46340576
43503221
43166872
43156729
46265377
44381335
44974174
43539929
44803062
43247748
43591051
44124315
46115577
43169671
48178969
43233915
43426433
43407959
43706685
43104951
43397474
43221043
43212713
43145208
43231494
43963951
43672962
43197881
45288504
49291334
43159839
43644211
44478594
44851314
43128857
44563606
43111049
43844869
43132235
45258553
43232699
44694621
43158503
46908534
43179870
43493005
43344862
47465746
43119769
43603119
44985151
45766118
44684768
44594977
43276685
45142733
43160932
43893275
43119096
46555637
47505342
51162294
43845584
43201106
43343985
52604598
44452976
43154950
44004346
43217044
44514090
43270623
43733605
44743684
44799934
43123293
43745821
43189711
43115755
49733876
49861208
43069805
43716847
44072052
45925681
43099569
48274454
44900180
44067337
54508096
43108701
45838448
43109455
43540177
43185620
46252805
43214131
45432398
45047921
47910598
43192945
44618430
43167682
53944610
46522107
46389985
43158290
47292923
47663466
48685988
43110493
43477192
45990484
43109141
44960496
48569363
45487449
44307977
51601678
44036915
44753662
43207928
45586320
46190789
44789300
43850040
45493015
43223160
47794994
43933185
45075458
44217848
43093706
43135414
43261400
43414193
46730164
43935651
44666598
44783330
43741252
43482091
45308619
48148984
45362346
43458090
44530527
43362504
44706821
46837919
43100725
43511392
43967901
43159440
43183000
49427180
44389248
43513842
43238765
45366777
43166750
47043638
43077082
43191523
44174075
49363485
49482294
44464554
43774750
45050267
43159055
44393576
43311316
44363067
46139775
46366588
43351366
44952608
59560160
43114242
44427053
43161152
43649631
44275584
46250307
43151422
43239326
43208151
43674552
43149153
43105818
43266746
45234440
43793738
46440004
43489765
45027035
43482837
44476595
43145133
45527493
45381322
44698696
43855368
43223852
43597324
43788223
43916468
43337135
43219445
44243030
43971527
45121580
43155091
43854196
46650435
48120798
43245022
43723278
43836776
46870107
49442808
45327620
43269417
43195334
43579724
44259135
43751152
46135324
43682172
43216125
45363935
43177093
45003797
43211593
44535467
43917963
50378130
43073883
45137414
43641892
46999893
44076839
45719976
43109345
43280782
43226635
56555732
43533272
43153301
43389003
43331403
43399489
43315498
44882854
43205086
49099790
50085435
44623652
44332037
45055516
44595716
49423345
43423468
45687399
43106574
43406957
43919036
43481840
43170814
44567975
43726453
46006056
43145952
47146351
43133910
46400023
43095142
45455491
46132594
45197273
44472535
50111405
44235015
43982809
44891196
46941826
43339128
47427614
47156494
47792875
48089088
45525417
44289314
43082347
43846120
43162456
44488108
43168188
50626818
49842169
50059035
43495759
44426922
43246418
56062120
51070691
49524750
43294678
43184465
43220161
44631691
43132371
44488925
43731309
43689616
44008295
47793058
43151810
45435025
54005599
43255886
44242398
43192486
46963905
43675862
43727939
43156526
45128789
48169457
46011056
48394879
45919339
43227891
45057925
43619105
45500313
47870980
49835260
45597667
49538513
46835570
50510569
48356146
47587037
50065864
46351608
44440330
43160402
44651104
44477532
44442111
43284213
45133006
43179568
43209763
43946581
43685336
50282365
49367709
51403183
43165929
43583625
43226745
45478647
43122153
45450202
43235626
45874026
43184999
44756743
44223300
44499345
43216284
45366365
48913829
44328538
48583665
43553154
43181806
43096950
44103268
43896722
45132299
43127049
43639815
44732957
44843138
55480937
44304845
43113732
49825139
47979065
48893018
44536010
44233026
46061488
45675516
45252540
43896389
43119570
45405090
47823782
43193270
52246116
43574247
45105727
43117065
45925195
67592401
43232946
44162016
48019493
43367702
43149769
56244854
50365183
49008772
50770275
45894899
43168348
45542955
45028472
50283435
47861360
43180707
47122325
43168766
43358196
43209804
45153201
44683663
43174438
43159195
44959516
43607517
43433100
43336958
43074286
43486940
43730230
45254782
44174666
44739597
43443648
44380162
43862445
44452809
44046391
45702946
43173107
45704807
43807587
48100865
49721978
50204826
48856945
47971460
45463064
46773131
44963527
44303858
44576683
43142123
43345455
43643462
44555741
43479511
48635101
44328970
43293924
43347787
45804552
43109042
46463641
44160821
48728512
43583052
45352810
43139250
45384279
47106535
44941826
43106527
43497832
43287725
43561700
48030763
46938565
47453467
45502062
49565035
43363533
46907386
43129860
44788559
47657987
43381500
43156898
47043107
58067437
45041886
46178570
43109832
44672445
43233952
48609203
44345931
48872385
55585911
43299809
43320174
45945778
44235914
45726447
45437005
44715326
43589195
47952649
43199293
46678084
43994600
43751460
43516545
43194714
47120749
46914337
44711455
43194422
44175308
48933892
46774264
43338433
43902846
45112653
50929542
44347881
43827950
43475014
45248758
43137658
47286655
43100287
43113813
43633607
52343410
48910824
43144400
45456304
52019089
43213316
44356989
54556079
47069613
47252483
45326783
45442435
50224686
43299994
43179518
44621917
44442649
43318610
45431642
49000163
48303322
43137386
44898118
45773416
45882350
46263994
51579840
47231858
49063763
49000995
50968819
46598695
48734636
46319541
46440276
51014373
50143316
50880735
45838734
50764265
50184686
50366938
49703894
50376908
46876643
51471985
47736148
51852041
51654871
45269282
48579689
49075989
48947456
46913514
47052298
45600890
46396825
50957196
52510761
46439967
50742597
44614956
49543969
49339841
53880096
48900061
50206039
45448559
49058648
48818189
51056283
45375111
52730346
51444118
51912630
47276157
46488122
52914093
46258597
52084717
51294295
49445409
44228023
55791450
48594099
45441496
59287699
43322293
52420168
43087773
44409743
43957714
46657703
43335957
46409877
44986827
44232299
43084385
51007371
43205155
46351246
43201260
46596485
43169605
43661572
43163640
48198038
45684968
47721271
43396560
50504226
43164130
44650198
43467643
44648595
43120078
43179487
44916113
43171207
44433382
43147563
43373505
44401774
43251165
45226908
43124922
45194344
43529873
46076570
48067785
43453105
44437321
58465130
43146315
43245621
43104783
43098570
43396974
43467413
45153235
43217932
43894728
46967493
43162801
43102890
43205687
44250411
43740353
44482126
44711010
44639495
43074414
43759757
43135440
43438942
44092062
46803831
50051142
49192224
44608707
43497920
43625532
44932426
48839186
43538611
45862166
43914132
51279217
49575809
54818183
46411834
51517798
43304093
43185636
44467623
44006359
44110048
52063472
43171775
43859901
47794229
51380920
44930614
44103316
45612044
43161932
43509635
43423566
49277666
44558217
44913966
47503111
43151326
49678336
45748812
43249233
43140654
48529532
44138512
43507313
43204896
46142125
50656801
50168286
45438914
43241151
43180731
44840508
43202668
47906282
44339974
46356576
49907479
44361702
43508556
45829405
43382253
43095173
45669770
43861334
44485872
45120941
49429065
45359862
46291054
53398091
43393335
43138862
43611425
43284692
45480404
43182734
44154142
45479978
46988423
49423324
50382367
47081517
43293782
44050447
43121969
45362066
46722077
44704465
60378299
46160768
43183012
47736404
44516674
43154034
45150550
44466140
44880517
43086288
45512175
49530337
43409249
43505481
45060298
43614651
46799350
43215993
46277916
43639956
44063177
47283486
50910854
48359074
48628235
44480256
45996827
43498126
44262430
46284403
45138253
43068929
43628813
55168009
43484815
43353223
43188421
43411784
43216944
50590859
43176434
48594932
43144989
43663864
45159223
45083226
43195998
45292642
44724611
56276145
44118372
43929748
43115615
44660159
44898970
48285287
47667721
47017876
49122168
44625104
44720331
46315113
44283921
43598598
47150797
43140057
44089586
43080631
45330098
46454043
45789476
43114613
45977573
43207883
45837860
43164676
45270246
49447688
43097446
43064370
46771042
44007163
43525560
43129233
45144170
43291300
45044474
43215087
44256230
50619325
48752937
48686680
43129294
47541902
43165135
45490875
43762597
44950171
43746189
44374011
53234622
45656862
45831149
47957853
53042374
47328758
47746292
52611646
49647030
45543956
45407355
43724452
44086977
45789081
45816775
43255429
48443742
45650774
43552198
44079985
43138684
47843394
50784238
54805524
51671140
50065125
47755453
45291517
43635483
45403485
45086344
44372784
43158456
43081569
49292271
44344607
43997716
43794377
43564016
44319830
43152467
49087046
48602448
49456997
49522939
49665780
47845015
44087780
47692844
44179736
43277190
43190839
45721027
43652505
50429281
47010025
45934182
43444268
46269895
45162659
44260206
48898953
46571056
44327837
43292988
43268844
43070255
49446635
43128126
43290882
44825613
48047874
44553533
44599980
43148081
50720112
48216728
47026559
49114443
48544007
46502656
43123935
43457300
45042597
47415442
43184207
43227060
48968377
48935441
43159777
52002864
48686028
47934267
46128505
45695264
44750330
43143161
44494836
45997776
43172630
46929702
43946868
44556466
45262852
48080490
50212131
49523707
43071397
44917759
43373387
46361199
45166778
43238223
48059826
48932228
48225072
52599741
51530046
49051996
49417435
47351304
43073178
45937409
49275153
50503576
46193962
43103202
50475512
46830032
48351020
43091224
44359805
44155735
43190978
43162194
43122956
43115717
43138944
44496065
49050769
50439271
51203575
47225559
43659099
46811862
43163656
43654043
43128422
44788758
43153632
43419982
46093984
50164469
49099582
47289373
45122602
56287112
43439543
43085008
46273027
43162541
45799315
45912975
65611024
43132971
47967212
43660900
43683469
43604185
58705406
43668008
49581017
44691505
43054417
46159740
43090040
44948536
47880976
48208810
43347123
47934335
49662476
43177193
47824444
48899132
49758635
45633760
44995893
43125072
45813402
43279846
43741240
43070684
44791271
45136772
43057700
48748164
43122274
43382633
44011902
43298135
43195787
43134561
44402861
43317732
43179132
43574225
43074013
43452028
43129645
44633507
59244550
43907906
43753236
44532636
43358179
43287321
51049568
53662966
50699600
44822657
43356505
44226057
43725861
46130273
47652724
44543370
44188075
46700300
44534825
45069732
43154587
45440304
43296565
52715041
45479374
44719992
43287153
47663781
52413186
43656852
43495997
43137407
43560313
43706175
43286925
43167089
45118800
44279074
43330154
46328527
46316109
43154861
44777846
44540797
44317585
43143941
44311159
43430687
44626883
44212212
46860838
43163516
46202026
43261211
43128201
46004712
43802364
46145337
44293042
43169502
44367853
43081066
43811184
45919753
44703841
43495943
53251969
54506140
54538264
45869511
49444592
49314566
50085522
45236230
46609428
48623688
43158482
48551457
43143352
44856110
43118353
43098780
43230314
43166762
43621124
46279754
45668984
43156637
43503161
44009552
47339768
43190694
45204043
43199396
45656433
57203861
43105555
58338536
43218841
47623286
43154034
46744892
43163229
44438895
46059810
49891256
49579030
48083498
49042271
43737312
45306036
43207292
44308948
43124319
43126760
43112960
43700251
43162902
45679709
47182627
44570252
43239312
43496028
45216943
45343717
45114648
46060455
43177075
45701286
43142019
45010452
43213903
44808406
43472234
45682206
43443709
44187926
43155663
49781546
47111673
49029790
43516927
49404363
45602981
43225849
44885774
44366957
44126989
43569447
44591670
46035692
44265929
44445802
45049981
45996712
45976760
56305251
44338212
44113794
43181667
43570351
43210542
45205399
43093861
46681170
43287709
50269893
43193492
44780381
43226233
43369743
49532155
48525175
47505089
47067278
46000705
43492804
43709383
43987297
46238841
48100110
51344959
47044991
44320624
43670544
43677467
43200714
48771230
43189774
43349404
43085169
44293253
44296521
44967451
43120824
43375660
43155194
46416630
43234001
43079593
43360215
43223066
43133346
45682465
43227643
46869643
45920599
49992124
49241624
49439308
44423328
43338104
44598428
48343690
43167292
43086735
46502675
43210371
45277954
43282694
49544576
43627015
43280795
43169710
51871584
46654902
44397477
43415793
43110840
48929621
43131386
47544713
43119691
44042522
43157515
44938058
47767980
44654400
43190036
44596378
43213657
45208337
49606923
48239854
45950531
44019119
43125561
43311850
45209285
43146516
47935822
45035693
46223430
53272946
44187496
43123799
46628703
44972909
44175373
43108695
45229259
43151999
44605770
43118512
48592005
43103672
45263075
43215002
50886599
49913580
48208355
43223870
43157997
45027108
43347194
43474990
44041402
60062466
43812287
45956243
43658667
44167766
43108402
45442408
43128562
47631677
44579070
48420881
54606309
43865363
47209151
43151617
48957260
44200898
44810723
54149985
43163942
43365067
46397794
45649813
43104533
45826816
43149874
46660599
46830855
47361403
49864179
53052360
48568173
49011952
50618490
49231369
48416492
51543545
46296179
50219140
52242507
49883021
47061662
47763064
51388279
50129426
48353957
45843092
43074336
44372691
43134621
50732989
43064166
44684293
43216195
44917234
43180442
47370664
44827386
49719298
48008033
51079564
43262722
43123716
43267425
44967662
43340428
43987525
43118695
45042031
47913692
44591078
43076435
43154184
44110686
43212672
46670207
43120157
44284843
43268804
46968143
43356131
43691719
43138466
44644994
43130082
50299531
43877302
44968800
43121014
45655437
45345580
46188340
49619484
48574073
48785071
49387936
43530859
44168010
48413743
44686070
53081106
44607030
46953851
43153890
44434315
43182648
44934996
43139271
45249842
43221856
45312219
53717120
43209912
43744455
43106585
43228463
44346539
43187024
45215257
43448003
43308194
44815980
45239553
43224199
49198748
47695454
45056935
45081725
47841527
43101472
43914796
43177268
43585381
43203764
45020663
43427357
44425578
43623795
44577213
43234888
45714177
43087827
43993934
43661057
44774845
43094537
43964964
43128611
45410583
45929260
44598796
43148277
43151720
44985476
45183064
43713947
48376632
43145826
43244169
49368815
48459109
49411685
43284335
46509960
50963388
50723166
47113022
50732080
43685295
43127506
45037546
43105335
45940553
43063278
58441923
43410599
43899958
43730708
45101863
43278015
53826323
43143270
45862390
46336479
46251238
44464972
44142581
43244364
43463363
43176559
43312780
55656858
44496707
45430413
43162960
44277964
52019251
43288111
43921333
45255521
43147396
43738703
43090893
43728832
43553437
43127859
43913723
43148826
43557622
43166268
45843129
44595628
49875796
43816949
43159770
43157958
43147079
43988484
43158385
51576432
49065725
46464411
44439833
44573175
43228579
43822929
53912645
43130334
46257101
43329411
46014500
43223305
44199076
43331723
45241472
43121998
50255117
44945133
45638145
44648990
50351799
59003707
43098932
44334693
44521094
49175600
44132985
43394500
43112975
44948008
44023038
44032314
43414408
43395525
45698341
48996990
43754062
43213810
44903290
44485700
44359890
45183773
43221011
45240040
43105675
43125002
48676692
43514701
45640743
43385705
43080637
43143035
58175556
45054803
52559437
44405699
46489028
43542157
45720898
43145157
49341900
46276492
47300494
43105589
44244694
43166208
56086406
44690673
44094858
43115873
46688038
48755615
49972889
47921254
51658427
47582241
44661957
45784867
43657311
45442358
43538810
45284947
43164330
43375058
43190995
43880466
43256541
45870149
43407577
43094048
43130773
57874958
43258836
43132365
43147356
43131491
45374361
43108615
45857922
45163184
46590558
45924823
44812046
43888445
46636645
48330655
45085968
43375893
46568342
45988679
43198932
43358659
43142796
44989748
48753880
48665942
45349791
44607651
43129856
45352928
46207829
44955594
43111183
45707744
43259562
43833764
43096205
44673341
43176610
43610627
44778228
46823394
49853877
43280859
43053473
44180152
49678184
50308814
49827172
48433381
45562079
43155584
45490234
49202370
43198755
45215176
45831406
45867945
43135629
45912398
43191257
50588477
43112920
45059335
43131093
45887883
43730965
43172796
