18615
17744
17317
18363
17442
18097
17999
18956
17832
17952
18235
19427
18297
18242
18145
17846
18375
17962
17612
18131
17928
17471
17776
17807
18489
18215
18430
18443
19151
19279
17860
18661
17816
18182
18270
18201
17986
18209
18223
18510
18015
18422
17254
18153
18308
17683
18998
18405
20100
17768
18449
17984
18590
17962
18466
18176
18102
18056
18547
18081
18890
17748
18144
17199
17113
18534
17399
17719
17501
17886
17926
17355
17905
17350
17999
18231
17430
17866
18185
17273
17740
17231
17943
17885
17715
17027
16857
17039
16888
17497
16822
16834
16816
16848
18181
17341
16837
17290
17177
16814
16996
17040
16793
17638
17740
19996
17719
16889
17151
17224
17035
17117
18932
20191
20045
19887
20164
20206
20257
20470
19937
19875
21077
19432
20511
20152
16833
16819
16881
17079
16833
16850
17182
17125
16836
16822
16760
16765
16799
17307
20241
19969
16743
16807
17080
17054
16685
16757
17893
16821
16816
17137
17214
16763
16852
16836
16998
16823
16809
16806
16862
16947
18518
17011
17356
16891
16727
16862
17036
17342
18193
17346
17542
17631
18052
17198
17147
17759
17531
18182
18399
17725
18251
18025
17956
17953
17377
18090
17785
17701
17034
17128
17298
17888
17197
17397
16949
18139
18502
16898
16909
16920
17287
16890
16897
17285
17116
17039
17039
17820
17189
20621
18662
19689
17678
17275
17178
17120
17669
17175
17797
19960
17280
18243
17544
17326
17353
17821
17280
17931
17430
17444
17533
17334
17652
17525
17759
18264
18201
17268
17296
17799
17497
17455
17227
17222
17259
17299
17574
17480
17113
17211
18010
17802
17408
17259
17217
17315
