32482424
32733474
31057740
30997823
31387223
30924952
31422243
30971559
31364299
31577201
36083322
31028942
32918344
44110198
32962079
31217739
31243166
31022229
30959965
31031715
30882897
40928107
30938617
30897929
31078968
30883265
30885408
31400681
30898898
30921580
30936800
30926529
30915984
30904246
30971417
31626093
33924125
31088864
32764556
30894305
30866997
32169397
30997714
30939429
32092117
30857561
31027154
32392947
30948787
31100625
31071484
30936997
30925060
30854620
31678307
30897287
31752638
30880194
31059854
31190597
30876405
30929964
30984458
30904288
39797282
30914698
30923969
31595037
30987007
32586287
31055291
30907337
31429923
31148765
32290312
33884287
37561822
31751192
30914686
36929857
36290426
30956388
30898404
31363083
31348809
30936459
32445235
35756798
30916171
32453048
30915813
30884703
30863308
30856913
30915292
31277620
31797449
31126988
30992682
32798636
31404421
31452980
31291558
31058093
30865110
30865682
30837015
31509280
30929570
31400829
31042561
31575545
32114020
31010200
30902959
30970573
30857402
30857035
30964283
30938685
30904164
30917180
31057556
30941284
32225375
33064689
33748543
31775114
41499355
32561945
30879979
30926261
31077247
30860243
32269067
35974428
30889064
32163350
30955734
30907437
30881090
30943620
30930434
30889267
31933297
30856946
30989224
31330465
31403801
30930283
32889403
31901242
30871059
32384665
30951937
30951467
30893115
31257616
30851994
30927430
31515293
32006315
30923165
31058289
31185779
30875205
30932825
31420201
38421203
33272907
31819424
31079005
30884147
40342169
30919271
31903792
32424781
30933693
31089020
30920219
31641470
30912409
30910325
31031144
32936518
31078369
31360944
34626314
30930965
33330399
31759258
31155859
30949728
30905121
31596624
36631699
30878528
41105405
32071593
33661844
30920924
31218135
31167880
30839352
31004769
31488748
30993493
30951631
33130835
58791381
30974804
30936728
31757457
30901636
32088697
48385715
31180965
35913712
30948287
32069604
36815889
30895905
37001500
30915994
33842149
33701422
32258200
31686708
31065247
31430909
31014840
35350278
31269503
30878414
31409361
30973295
30904808
32595114
30927874
31162960
49812486
30895542
30918731
30849674
31457006
34495195
30896184
43150362
30904934
30883486
32492699
30995559
32485781
30948064
31446439
34751104
31240666
32426217
32237341
35127247
30880241
32152985
32480023
34336288
33203396
32442666
35369596
34008624
41329084
30872735
31125847
30985799
30873942
30983257
30890458
31046795
30899686
45202379
30950977
40808636
31465907
30913958
31345728
33222851
30885920
31821276
31419671
31394996
31025103
33756048
30902058
34958663
30856069
30872575
30951007
30908266
31108248
31190872
30884071
30904388
30853708
38311780
32197122
30846778
30943083
34874192
30892503
31083595
35278041
53131520
32250213
30903245
36814469
31792278
31189277
33517431
31190685
30935757
32042421
35445418
30916305
30871571
31522384
34759780
30891559
32827251
32695201
31008599
30941379
30884144
33050453
39983846
32592270
31259099
31059715
31872224
31748356
42525345
30885494
36574893
30932828
31592607
42218597
40635046
31135532
31169300
33849479
38934389
32170651
31149255
30885270
40249192
30968177
31009381
32037308
32130771
32089448
30858655
30841438
30908189
30911225
30862071
37053819
30940051
30928744
30864913
30860665
31189255
33714678
35621805
35134857
31906142
34325653
34546751
34286099
33652905
32179802
34296183
33400863
31936282
34114659
33884394
32305280
34192342
33337204
34747137
33352144
35555970
32614664
33369080
34180823
36814119
37307797
32450663
34881235
32215766
30962977
31811778
40413248
31030092
32742106
30850204
31588761
30943229
31847767
30929459
31107627
31517477
33278469
30859412
30992250
33718857
31024626
34882055
31234850
32199512
30863028
32518799
31367635
32385785
30905193
30892596
32635702
31509037
33635889
46265566
30853715
31056053
30882530
30955330
31576210
32828879
32961267
30983219
31317707
30862526
30917567
31221227
46124720
30935034
31053010
34796517
33753952
31239648
30929903
31934147
30878075
30947792
46686500
59027133
30881707
31072257
30931753
42274109
30973296
31104568
30842742
30920680
30902377
30901609
32911350
30918617
30916342
30895365
41405226
31875398
30888770
48002853
30934602
34749715
31179837
30935542
33157298
30936528
30873176
31158042
30990064
30944140
32626354
31559889
30886145
30871284
31109501
30914040
30860987
33746351
36094529
30888413
30880872
30996112
30917167
31141114
30923177
30918209
31853603
30951940
30899650
35430018
30993543
33542450
33485559
38113989
30856575
33910750
32637056
46222000
30942643
31569493
31092737
31394106
38723163
31895778
41553020
34410019
30975576
31280430
30869887
36063313
30859248
36300946
32370938
30987688
31136359
31625921
34778189
32003004
31378961
33726296
30900931
31043021
30967859
33561113
34424632
30832675
32092626
30934877
31269097
35674779
30897532
30936860
31682113
30907986
31351737
31394302
30902613
30935816
33663280
36473777
33667554
34680373
38469903
37901291
30958228
39993840
31427344
31648208
31120023
33619436
30925895
32363829
30851177
44262252
33892690
48645765
30855914
33326095
30922484
37313626
32349694
30916829
30908134
30940047
31098042
31147990
41136385
31452170
32600408
31100191
30890427
30938177
34960703
32720523
30922718
30912736
32936079
30884173
33131818
31776371
34408158
40093687
38502114
30925223
35747688
32147489
30851974
30861346
30871858
31385512
38601528
31287510
30924599
30885660
30855790
30891104
30967976
30945011
30914489
31917319
37494659
37289893
31120072
30921487
31332584
31627284
31279282
30890472
30887387
32299306
38532967
31207364
51186880
30915440
30902144
30966220
30905979
30985401
30862900
31935294
31241590
31130972
31256489
30948438
35239536
30937390
31114117
30916785
30886064
36039298
30933798
30904780
30849783
31357586
33091409
30841503
30985737
31004866
31275299
34637832
31561239
30978816
43452869
34014227
32026095
30927847
32236436
30950416
30922990
32700049
31761797
31342636
31190498
31532672
32854319
31541364
35068782
33058637
35253865
35144659
31962349
32497595
33099542
32476903
35171079
32234083
35878848
35154893
33265547
30880864
31949433
30870192
36263433
30928503
31209659
32921796
38216048
30910226
31324057
31470792
32484203
30844187
31244165
31603000
33371693
31873310
33035586
34022937
33859040
32516340
33738573
34774557
34729557
32273079
32856764
36041414
34584883
36605055
30884811
34109276
30884939
30883460
31422379
32893348
42741256
30915313
31180764
31065773
32464735
31047177
31258541
37557246
30924112
30909724
31544196
32556149
30861266
33439585
32588674
32233662
35653006
51871209
30942068
31079641
31676204
37383724
35312260
42730017
31650025
31148429
36759958
30877351
31144707
30885573
31629605
30946108
31153363
50632583
31676750
30877043
33736044
34954278
31210626
30927719
31049228
31547963
31125062
33133463
32961915
33849357
31381592
31162810
31917447
30871573
54595161
41192343
30980678
32233173
30903976
30909801
30883147
32169077
30881543
31740011
32401161
30963207
30955974
33122553
37483268
31003011
31721354
30924400
30899225
30900912
30909826
30886210
30884740
30933364
31575194
30928109
30907764
30904985
31634160
30902549
31259237
30974145
30909353
30883632
30995008
31305522
37010348
30877667
30919537
30916675
30919010
31122061
49591825
30929161
30980022
33605707
30866365
30884576
30854324
31305447
31338222
40768425
33102605
32889413
36071071
44564384
31162666
31664243
31595076
30997295
41506280
30974615
31260084
31957874
33687168
31395554
31491300
30900797
30902646
34640326
30927520
30867933
31400880
30927299
30930327
30941515
31998310
30998085
30879980
31649073
30977946
30893348
33964251
31017777
31158110
32271018
31119138
31675299
30905250
32135675
30888867
31588897
31792174
40805191
30949076
30874053
30963504
30845752
30980802
41798660
30942639
32675519
30927459
31140794
31514864
35270727
31325539
30875009
30886832
30956928
31044741
30971769
30997186
31372717
30888691
40431144
30910196
30904319
33503612
30922001
31244383
31645040
31106812
30958515
30888875
30878937
31015503
31085838
31478434
32457220
31774005
30852709
33724624
31294603
30968476
30921354
30859639
32214319
30998963
56010790
30992248
30904079
32323753
30885127
31312767
31456079
30902219
31234322
30920947
31232965
36900147
31104105
31161158
31349244
30884202
30875455
30965807
31003909
36199500
33384088
30907747
35717274
42248228
30864373
36432398
31020250
31032344
49405671
31912004
32272253
63659617
30918942
30920331
30993903
31985848
32685547
36107282
31185164
41836281
31121612
30975455
30917543
36313388
30966836
32024330
30914246
30874917
30923220
36042173
32687456
31005053
30890960
30861004
30890817
30873852
30852705
33063440
33100596
30988677
48957671
33470732
35115195
34427888
31020058
34017366
36571753
30867168
34586783
38033209
32758574
30887339
33890198
34603816
31410161
32483998
31124801
34555000
33135341
32233742
32764284
35986057
30853319
30894472
31169210
30951635
30930624
30915708
30860099
37694520
31105878
31148711
30951398
31157923
30939197
30851899
31388449
30887691
30987220
36272779
30879542
30843294
30875046
31862699
30888727
30890234
35959767
31628226
33351892
36024820
31953271
36675944
34409672
35622801
34009031
32112714
34276861
32778576
33058145
35703752
33458531
37434873
31519909
30963306
30915363
36144434
32061772
33092679
34117490
33078530
32688355
33221734
34246178
32182383
34377189
31335093
32145657
33834246
32734597
35674746
33647091
34508177
33207237
34157275
32634822
34491385
37394928
31277029
31552188
33916785
36127069
31067579
30986530
30917515
36027483
34769668
31474997
30952218
50148073
32294520
31794232
32557954
33941366
32137109
30855480
30993629
31515760
31257094
31200006
31195905
32751688
30882298
32239090
30923004
30897528
33206197
34199334
37009196
31390007
31095845
46380333
30881609
30922414
30956508
31107046
34089423
32880564
30861374
30904688
34565129
32583247
30856926
36354613
30876706
30879522
32304836
31847438
35121058
30834621
30925712
31784031
36242980
31243355
32001676
31117872
37804161
31314910
30897701
32934994
32964557
35008649
35045865
30900903
30893855
30903019
31345216
31680299
30936888
30963369
34928504
32423538
31173612
31691871
33879724
32484179
36050814
30923624
30875075
31028473
31369798
30896087
31493263
32151456
30893815
31810200
30998214
30917019
31344788
31618773
31334414
30904514
31222509
30897299
31192671
40546226
31075907
34376564
31363349
30886911
36329478
32379999
31007807
30911555
30937875
50506856
31215411
38887609
30922416
31247021
31891456
42784921
31615094
30956545
33369554
33124051
31187977
33588789
33626038
37336016
30919659
33056258
30853040
36290329
31369859
31223762
31046027
31096796
31398453
31536615
31506834
34508807
31134303
30970326
30995904
31223975
33314511
33363406
41243116
30881882
30831816
30917868
30906730
30889267
32791917
43716378
34074132
33058577
32722048
30942728
31197211
31540584
31135429
31078153
30885831
30851318
30878401
30854885
30920214
30888711
32774678
31244066
30918688
33943763
30882816
31084369
32765324
30951034
31030196
34666109
31586760
30883114
30976891
30855464
30841484
30931784
30997943
31705444
30905907
31202192
31097785
31045275
32251667
30889154
36056028
30841381
30922521
31009413
30911907
31356024
30972085
31374235
32441238
30933908
32849113
34298632
35273946
31341168
33913568
30898973
31303576
30876619
31090611
46615523
40831875
30910130
30938832
30847929
31604231
31203577
32249033
30865916
30855216
30876864
30929216
30905150
33735563
30906465
30932032
51498401
31464836
31042166
31526893
30882796
31041270
30953168
30941422
30972506
31193665
49650808
31804228
38733890
30903085
31594156
34334899
30881108
31119825
32841315
30949494
31555893
30895355
31524273
31132959
30935815
30998823
30859562
31625624
30881843
30861728
31300532
30948269
31131890
30869002
31006414
30920685
30872735
32338753
37620658
30890988
32305487
31498348
31354584
32077122
31014873
31777364
32118884
31933816
30901802
30876708
30834706
36144918
35471723
31343134
31230745
30848035
30929852
30897547
31084117
54983246
31015701
31435985
30929518
30934505
30915944
30936486
33590804
30851866
31218285
30894496
31016470
31112654
31060809
30995009
31676439
30842216
31181207
30949474
30880552
36896237
33819093
30893096
30905443
31194091
32875231
30957838
31052742
30972165
32355871
30927843
31571375
30903474
32219527
30984514
30994677
42568809
30994488
32657265
31287750
40836807
36304468
30845396
30952957
30917319
30899621
30942592
30886358
30872783
30925467
30974303
30885154
31653598
31637316
31835781
30978463
31050682
30937658
38994389
33475291
30878967
30849931
41614591
31109099
30924039
31013308
31131250
30953345
34566517
33115759
31037433
31253146
30909415
30957944
31045046
31205254
32963529
30932210
36178665
30847874
31127695
33696953
31919398
30855835
30868667
32481532
30929004
33700424
31115232
45849357
30965850
31317969
30913308
31617286
31040945
32007774
30908621
48018722
31314146
33104929
30876631
30882418
30860255
31174776
30878175
31660449
37765367
49435535
31021084
31098155
30857931
48225056
31632877
30915747
31153414
30926374
30859835
33344180
33486991
32159069
37658012
42766106
30921213
32548054
31120646
31046788
39068781
37947243
32221826
32864061
30890133
31251470
30951402
39379896
31084121
30902562
33106543
30861508
30939066
30964743
33148391
31412424
33119094
34965230
31421918
30882920
30858147
31199360
30850115
30882402
30851219
31162015
30866705
31278850
30810701
30977193
35968940
30898205
30884197
32236931
30885550
30858890
30923754
30897145
36053227
31019269
31369369
31072317
30919893
31013919
30868832
30873566
41637468
30892227
31183390
33630795
35854461
32672536
31029645
31665311
41492588
30828779
31025156
32806952
31166867
30909870
30954864
30959707
30894605
31245206
30906158
32504046
31037668
30876793
30901362
37658786
30860318
36011675
31110342
34957051
31316117
30952398
30887946
30853176
30924441
30900811
31647815
32512458
32512350
34666297
35879714
32951215
46760466
31785928
31916519
30912548
31135839
31356388
33202004
31295146
31839272
30898631
30938877
32780183
33669780
30909334
34121143
33275617
31916887
36041117
31752648
31770651
30922779
33291052
30980394
30843304
31458124
33411290
30919766
32157932
33922058
32172035
31462720
31080514
30922911
32790691
31720345
32076415
31367210
30926198
38060384
31036391
30886137
30946437
30910389
30891678
30909917
41564201
32160863
35450427
30939110
32209395
30901693
30913829
30990475
30933189
31452872
34991184
30941195
40546411
31020323
30894808
31078258
30981614
30929048
31517963
31531992
33545265
30939927
30910807
31606075
30908806
31355941
30903927
31177459
32500388
30883564
39946092
34434924
32401667
45278270
32556099
40350911
36119635
30956069
31952588
35253686
30878246
42968770
34157463
40171810
34768667
30981805
31581067
30890700
35127235
35470234
30867439
31084990
30870756
30945572
30886137
36527402
30995550
30911947
30981961
30902444
30949281
34036856
32760542
30940961
30860369
39476982
30964745
41620012
30917317
30874809
32099941
30887017
30985881
31031802
30897391
30921585
30888225
33073690
33348013
30968862
30982549
30968689
30897793
31034374
30931755
30921176
30920240
32910140
31035919
30923715
30834854
30915067
30891403
30870866
30840284
32081871
31015087
37107009
31789014
30836855
30884802
30957617
30953796
30918786
30896176
30875245
34451692
30865423
30860485
31010787
43594818
33195354
31228023
36408430
30930088
31278081
33477029
30930603
30905069
31441857
30987801
30912470
31112189
30892936
31889098
31504768
31084747
31677005
30928426
31422906
30869213
35375498
33130538
30941202
56292673
31515339
36620368
32329973
30958860
44597975
32453568
30952483
33749753
36322912
31557175
30904427
30876666
30865644
32670958
31535425
32458989
30860793
30883363
34158759
30904106
30934580
31237125
30957235
31389591
32086328
31073234
30901403
31406731
38205267
30905550
31321418
30892713
31647582
30858752
30858626
31158101
32122342
33220539
30957572
30990487
30892441
30914698
30860771
34721958
30892164
30851161
30875045
30988096
30944879
36536677
31978684
45875962
30869183
31501306
30909083
30950004
33493941
30921664
33644343
31466356
30900423
31759049
38361787
30914937
34147104
30926127
32424522
31322212
30913981
33703571
30862495
31900903
33646302
30972315
32274387
34541404
31365659
31214480
30953508
30980517
30892203
33411174
35231995
30884173
31412106
35816434
30893090
33683556
33641382
30910925
32156656
31109445
30910919
30994496
30884249
32784675
32427135
30896011
30934920
31767527
30880808
30856532
30930835
30898580
30923236
32775551
37520381
31335651
35474087
32316440
31132083
30921327
31963629
30861620
30961992
30961342
30862906
30843874
34429419
30911172
31539753
35772339
30901364
30889462
35880004
32155167
36154083
31124270
36043018
31267174
30915826
30939364
32098668
30947156
31406306
30930378
31832481
33261369
30876363
32451492
31176891
37415272
31329157
31225529
33609180
30867468
30971228
33282513
32739151
30898022
32870709
32921668
30997077
31013716
31179367
30884478
30993339
31559028
30906558
30966130
35964715
32735562
42216738
31170685
31126023
30956262
30936701
30934315
36744484
30867714
30872152
30942700
31325115
31224413
30874039
32856241
30844938
30989246
30885655
33984336
30918283
31021435
30967327
31366162
30895694
30953620
30845815
30952714
31854032
40151826
30922706
30942206
30908128
34537338
32410154
30908739
30943540
31047498
30946591
34677654
31627972
30860499
31287709
32123764
31200258
30852762
30935296
32036729
31343193
30912944
32447033
30889581
30855490
30917697
30915467
41691124
45794192
30998159
33254877
30961653
31311233
30883472
30885308
30955886
31713554
31797412
31790553
31312813
31902560
30929836
31569882
30910084
36603385
30997147
30929385
31581659
31055257
37881098
36258026
31065816
32638974
35980378
30862403
30925990
30920634
32013619
30851695
31297303
30887130
30891529
31099563
30939464
30892395
31875141
34529436
33180412
37534754
30928126
30900025
42193744
32390308
31297073
31851410
31779845
32283011
31532280
30866767
31288530
39690352
31488153
30936840
31630361
32792961
31666241
30972855
31339080
34929045
32589642
30960447
31341109
32747654
32228077
30913389
30938432
31147319
33547676
30852582
30859392
30854409
30839487
30867954
33026608
46322271
31338214
30997373
30875449
36154944
30949723
30950798
30932040
30905119
30872515
41245132
30876680
32185418
30913210
30851509
30941456
30922180
30886700
30896448
30853593
31018623
30885519
30867259
30951032
30943006
31161721
34809996
31306058
30912988
30946656
30918272
30920100
31963533
34239666
30948387
31424094
30926904
31413513
30916854
30870992
31279021
34077738
33018141
31215515
31369289
30877828
31583011
30937961
30853267
30939557
30943349
31199254
30927024
30848157
31107271
30941690
31012680
33736271
30918257
30860698
30881985
30942082
47018905
30848431
30835541
30915656
30918700
30902769
30885300
30850322
30891321
30903988
30916391
31484686
37703695
39795929
30926227
30984401
31647281
31670334
31385912
36395828
31651512
30892365
30926935
30915200
31951345
30855009
31131930
45678832
30888762
30932018
32117114
30859769
30937576
32616872
31298016
30940816
30882268
30926497
30902804
30861017
33447723
30909550
33487888
33197483
31399929
30927117
31107095
33562880
31801579
30946013
31618638
30916838
30938653
34137793
31658606
32459536
38583072
30925834
30884776
30880340
31412801
30932005
31069990
30928503
30896125
30901341
30887756
30957373
31065253
30931422
31003989
31012576
31080562
31442050
30920142
30978854
31232973
35104514
30933254
30953489
31934041
30853705
31087546
30947209
31197278
32670264
35476886
34034745
31085454
33334899
30886153
37541337
33250714
31744454
30933321
31723567
31383178
41183565
33503706
32460405
47868326
30915443
32241302
31583033
31752930
36303660
31197942
30870840
30921735
30882993
30883263
30833705
30926364
33080511
32406329
30899235
31428004
32948088
31959720
30926943
30863672
33851595
33670648
32108509
32936382
30878933
30945816
30914792
31137214
30880935
30868254
36242623
32346997
41361222
31290527
30949670
30941546
31153263
31972596
31211192
31451138
32588853
37078206
32084179
30995880
33240230
32485950
30915290
30976965
30950893
30849344
31183762
30859540
31150513
31494771
31937727
30959325
31379168
33161980
31097777
30985224
30876244
30962327
31929647
31000004
30983028
33011755
36284134
36057545
30874480
30937047
31019092
31347125
31346035
30982421
30909771
31128585
30902166
31202496
30875753
30858320
39686047
34930297
30949187
32378267
30889753
36466062
41792847
30874703
40857858
32028874
31155936
30909094
30906644
31110457
30871289
30901059
31018335
30925850
30912639
35441950
31116235
33685286
31641073
32687885
30891973
30860803
33832798
31065620
30890929
35062601
32667678
30944420
33341413
36542691
30911490
31252522
31514744
30873742
30848447
31069939
35129437
30917075
31069518
33466387
31128374
30885766
30867574
30930980
31593439
30930480
30890752
31509382
31337341
30923369
31641704
31846494
33555781
40681257
31440114
30881013
31776627
30940896
30948529
30997153
36966849
33253697
30943534
30977551
30874585
30915178
30892223
30938393
32763545
31203187
33744858
30890060
31116587
31593725
31242179
30900972
30903935
31427841
31507517
30965342
31079238
31325976
31531471
35555264
31375118
31035705
37643919
31385292
30989674
30909294
30898573
31371224
34581101
30888864
30862554
30924706
30892617
31860347
30834345
30923553
33548633
30872840
31105248
33604939
31576665
32171801
32464343
30936273
31444191
33083689
30870883
31046722
30895951
30915824
30875348
31277724
31937446
30879989
30890867
30884339
30880858
36168748
30921506
30923124
30907244
30929907
35956064
30920657
31163598
30915322
31976246
30932863
40400376
36597234
31424294
46158052
31852614
30914115
31330664
30892064
30846745
40036077
30885963
32601979
30954621
30889471
36737224
32379876
35493809
52016311
31756396
42385107
32566479
30909496
30896174
31491623
31115173
30928711
34098206
31105275
30850936
30982216
31301410
32331870
30941560
30946989
30954359
30914321
36033981
31946679
34176348
32581973
32856293
31135973
31198235
31577197
30938442
30896485
30861566
30836489
32649169
30871449
35714036
30870783
31089549
30894713
31303151
30916030
30901717
34570939
31674327
30964086
30882530
30856680
33482365
32921686
37695818
30888417
30862400
30836232
30923112
32437279
31881281
32378718
30838377
30920728
31669345
30926801
31293273
30863272
32074447
31388437
31689640
31273233
34243822
31118693
30936379
36300180
30925413
31105873
30904256
38431891
30874439
30965060
51528626
30895581
30931036
32230668
31722303
30908526
32082824
30910388
30835535
31108910
30865748
30994179
31234548
31259381
30877724
30882887
30950583
30995413
30987992
33092178
34877137
31426454
30856780
31408538
30900023
30857412
39568704
34408747
31277364
30983673
30969071
30929854
31283192
30844925
34413823
32165263
30892633
39401218
32160397
30889667
31654524
31010263
31016662
30979542
31219976
30978486
30953222
30862666
31965832
33276637
30893632
30857903
30842445
31440441
30947328
30910555
30864728
32271239
30847298
46385036
32379854
30881163
30940024
33244963
30932188
32362592
30853450
39398473
31260783
30871494
31374885
30878219
31204152
30964286
33918033
33435602
39679487
30986506
31497151
32935419
30944646
31543447
31059614
30875071
30868604
33378890
34323150
32792006
31329180
30961137
30903046
31023072
30864968
31326159
37231448
47697707
37853613
30862323
36766119
39518001
31087330
30848194
32085550
31399991
30883578
30932145
32910830
30911390
31494952
30935204
32742511
32105645
31694904
31891960
31550604
33710196
33870952
30999077
31246546
30882097
30868559
31528160
30913732
30844316
34072344
33011735
32550883
30927723
33680775
32614176
31025067
34257773
31182856
33717773
32800154
31148024
30961316
31044402
31394057
30898327
33014891
31018880
31182588
30913795
31227246
30896933
30886527
31335796
30870885
31396023
30927811
31520671
31839356
33741282
33317180
31729752
30957550
30912819
30893596
32120996
32090918
31657306
40761658
31251435
31982752
30887110
31266341
33256064
33938159
30923091
30866833
32968750
30929277
30896527
33686181
30878957
33247232
32405928
31053640
30876509
32732962
34451193
35680119
33982831
30889481
30844035
30826275
33215231
41558408
30850688
35986031
30871041
30851023
32260690
31079228
30921402
31092890
30976427
32442491
31026196
30895328
30865971
41980950
30871715
30930662
37963235
34124771
30940403
31066106
32438904
32547464
30914959
35932162
30914908
30977292
44846033
30934672
30889560
32400594
31462652
31466269
31219437
31165441
30910914
30887381
34785144
53696116
31731126
30877167
39198010
32173848
30918385
30894278
30981639
30903118
30953638
31009751
31280322
30843850
31268988
44702956
31122163
30958327
30940681
38160884
30956691
36542734
33835413
30881669
31725988
32890000
30929927
30906415
36150981
31916723
30875803
30876864
41109101
31997920
31690198
30953161
31636638
31787580
31937896
32126394
30884551
30855441
30910116
31482514
32444775
31459476
38312617
30909186
33690867
32648547
30934642
33561202
31177758
31192904
31725752
32458057
30861399
31071296
31746380
33086347
32594248
30898731
35947830
31693008
31085200
35128139
41062021
30887437
33110279
31555160
30883680
31131372
30934048
30895375
30867905
43216473
31930354
30911293
30945826
35994519
30878681
34299452
31113837
31381464
30965562
30956760
31315237
31097738
31254269
30974344
31045995
30860594
31372400
30906068
30878339
31832073
30870249
30897134
30922734
30934792
30894569
31097930
31345267
32749332
30871258
31268601
30960563
30918761
31377976
30845329
30926705
30898225
30861640
31514968
33604470
31162692
30869185
31401917
33613897
30952254
34487509
35957949
30941454
31788333
30843609
31099415
30899558
31707981
30845321
32722966
30841037
32073058
30874752
31158053
37870669
30892928
33453440
35395198
33962961
30843798
30970320
30914116
30934522
31476329
31239855
31132965
30925134
36589597
35319641
38196909
31384784
32932563
30902832
30899464
30875898
31349494
30916049
30902855
31877254
31029440
30989622
30999079
30944028
31046890
31203067
30873919
30854740
30963603
32023867
31585099
30870584
30850617
32037546
30906513
30980895
39182467
31000590
32218914
30897721
30934489
33226864
31033352
40211681
30990422
31081172
31554301
33663849
42063741
30929433
30842035
38420519
43489812
34094215
30886182
37267397
30833416
44384820
30964264
34198157
30986207
31262902
31825808
31912890
31688595
30906671
31180466
31445933
36124855
30916132
31539300
30877755
32811807
30984446
30881073
30966668
30913886
30910709
45362056
42084510
30847048
36013167
30911246
31244060
34085866
30897990
31733080
30931186
31557614
31029477
31300673
32829117
33761986
30903208
31563070
31131516
30863164
34535406
30956654
41007803
30984885
30872245
31276759
31499857
30866895
30947556
31245309
31000169
30875869
32563220
30860952
37403756
31663710
31674219
31001947
43348602
32237545
34736547
33080696
30921265
30896347
32861680
30855845
31128719
31400980
30897644
36148257
31541762
30856747
30849818
30839929
30948474
33483422
33817332
32562372
30893935
30883813
30978569
31244397
31436519
30842340
30942758
30941129
30957191
31192566
30890322
31228289
30880441
30859776
33311722
30881108
30890456
31236563
30926243
31109900
30996424
37032924
30856613
46109944
30878768
30842157
31010891
36014341
30942367
30885262
43213423
34382439
32264393
42039756
30920329
30891768
30913957
31525940
31483343
30923561
31512750
30962724
34180037
36150702
31317668
30874769
31934892
31098092
30944524
30895424
30918524
30923003
30912436
31811414
31857887
32282624
30901444
31035611
30947509
33808024
31533088
32356362
31759685
31382987
31649682
31086902
32315648
30887061
32227902
30924554
30864137
33828330
30914384
31300249
30917290
30863532
51264298
30944524
32292258
30843649
31244011
35817306
30941829
32432639
30923179
31609386
36759844
31152820
34682966
31372294
30926722
30889958
31273972
30885496
31092429
30911613
31837954
31277856
31640604
36020707
30841324
30959918
31229829
30904762
30977623
34948751
31358132
31589456
30926449
30894689
30973024
30920985
31349558
31928831
30905081
30865431
30913803
35932969
30915470
30866786
31463979
31133182
30932029
35441115
32008366
32402262
30848433
30894614
30882824
34913846
30977739
30881654
30870031
32083043
30927142
31489723
34100010
32259888
33555411
31336776
32098860
36331082
31026712
30965078
30939885
31157850
30922641
31022541
36079168
33264221
30850483
37985185
39198037
36226552
31244653
30957605
30981214
30866531
30877353
31390753
31524124
30853270
35965486
31421790
30850860
30931428
37503320
31045747
30879000
30837871
33515967
41197664
35232035
30930195
30875243
30834186
30903600
31534073
37276693
31112157
30841866
35983849
30960422
30903028
31173305
39284456
32427879
41455696
31596006
31954457
56688769
31930965
31048875
31538592
32626977
37557069
30923110
31722793
31683478
32172376
30930341
51297856
30957963
30857381
30877560
30902954
30885173
31530062
30871279
30893945
31010123
31038993
30921227
33006318
36828386
31100739
32432957
34249853
30898652
30834797
33557194
30938757
31688863
30954184
30868453
41126774
31332226
31028664
30879243
31155286
30975669
36340933
31650210
30883138
30982531
36111512
31401928
30894272
30902716
31888659
42424905
30888683
30913364
30935103
31495474
31437721
34977123
31061262
30861957
31649999
31545022
33484559
33083718
30979111
32230611
30871510
30866523
30897732
31076790
31045078
38880465
30935921
30988336
30923490
30879398
30850359
32182193
30909720
32642531
32558483
30844892
30994360
33704491
30893679
36926207
32469368
33208689
31030228
30955657
35865968
34864088
30891339
30994685
30934123
30928673
30926437
37547279
31985740
32590614
33271802
31904188
30853426
31458653
31537996
31080501
31254535
30864681
34020570
31885213
31311150
30866919
31898193
36744151
30957859
36104944
31066233
32652214
30946831
30872912
30854135
30884849
31029657
33804652
31609480
35230516
30933843
30940662
31121383
30975144
31012311
30942596
31847946
31246808
32310523
41061438
30860399
31749331
45175737
31503333
30968168
31088152
30909972
31370544
36993672
30994652
45552241
30842254
30899403
31313943
32458505
33133632
34844757
34178126
33449896
33400497
35729072
34165184
33698598
31004594
31936938
31117041
30950766
30869807
33368569
30905849
31372239
34255179
32234589
35096937
34887929
32335507
32672768
30941547
33290619
32195816
33701456
33349254
34604005
36501863
34949911
32266181
32481725
34766068
35710589
33699095
35252700
31489546
30867139
32369019
35022380
39175435
31366585
30878713
33097687
44240881
30902318
37417532
34055072
31033730
30861807
41169461
31096222
34755583
33803162
35277429
30876589
32372068
30866483
30931836
30928024
33327854
30870712
31118009
31246578
33887031
33792035
30873016
30866170
30981236
30887754
30842929
32462114
30897382
36064696
32166511
30953877
30940715
30871788
32896939
36258765
36231731
30857558
33914067
36716839
30858855
30938694
30904879
46311779
32624138
31471515
31051087
30870487
30852001
30947469
33392609
30886247
30948909
30946202
30953689
30843988
31224216
31124689
32161383
30877020
30843900
31302139
30898127
30983627
31145914
30981682
30886113
30886080
35482172
35203815
30869660
32247714
31978627
33394865
30890925
30896038
36129740
37733583
31179080
30914956
31348233
31288837
31189308
41245815
33363722
30966517
31421486
30879275
30858721
38320588
35601858
30857107
50035245
31224141
31274685
31452484
30849020
36256212
30985522
32203789
30900633
30917772
31536910
30960950
36680270
30875647
33331275
35790292
37553807
35744003
31153871
31549682
38265430
30944655
34834421
31436489
31248513
36685705
37757235
31130842
31272012
32512764
30886544
31388325
34795839
37840426
31397302
31385153
31177581
30981556
30928895
31450976
30927494
31270941
31638456
30928280
36016524
30855412
31507092
31052290
37154187
30872944
31949469
32520695
30848212
32549554
32506370
30909303
31284582
31190140
31138766
35272262
32049788
33997805
31445450
30918639
31530797
30957150
31005914
32885513
30880328
30978080
31602444
32320261
35421732
35009224
34187569
33249424
30954075
31488695
33667465
36102450
30855525
33101248
33256620
34857496
35262583
35529493
31761007
47052905
31345511
30905745
32028153
33255982
30888760
30865407
30851212
31245991
34375758
30850231
36103222
41325696
32654757
34503223
30925639
36585648
37853302
34173502
32086470
31142826
36188456
33155674
35739151
30920567
31126136
40178421
30842175
30961336
30880757
36270425
31177630
31023694
30844876
30924293
36152350
30890577
30898776
31644711
30892955
31158463
30922945
31132217
32491928
33438722
30918172
37171479
30863623
31042999
31438504
32868333
30893267
32632411
35380809
35049325
31551510
30871341
30943819
30905625
32069956
30911371
31313393
31227787
30913185
31192046
32693367
30902999
30980670
32444240
31316904
31344192
30858606
34823649
32270156
30914953
31457642
31152464
31694736
31436781
31494870
30904150
35525745
31756069
30910856
31726493
30867357
30890101
32910806
33992827
30966252
33225404
31982068
30877547
30890468
34353672
31252049
31787425
30923316
30968200
31283736
31602835
30902430
30955260
31364304
31264832
31663960
33627935
31428164
30903555
31191126
31020821
31097174
30946935
30858332
32307109
36023602
30889627
34215350
30891954
30864937
30926338
32925701
30873825
30926226
38108874
30963355
30984921
30876268
30910019
32492714
30961269
40872810
31356892
31076181
33903709
30874181
30834840
30926224
31320025
33851086
34318652
30939385
35215014
31028270
31417240
30954593
30853434
30923695
30904309
30907510
30848953
34892053
30919578
31174145
32760701
30916773
42246379
30887299
31387690
31095856
33010412
32023150
30948385
31385431
30849973
30946973
31127083
30989770
36216496
31626587
31432659
31353524
32250487
31252638
31933379
33627727
30928131
30892550
31656320
31477991
31483811
31377240
31651803
31203682
41222104
30853388
31059088
30937095
30875526
30896850
31408335
31420975
30842543
36050297
30912999
31741786
32280111
31481306
30861188
31177727
30850623
32864099
31019495
30857925
30822102
30981175
34839090
30879383
31211891
30894647
30836215
31268537
37313138
31744184
31425014
31193549
33416254
43078116
30865925
30911965
30870982
32058986
33628211
32473740
31113475
30886069
30923571
31506199
33948846
34006826
33562153
38208518
32832869
41469910
43679252
32543166
30976079
36407222
31716378
33682378
31289044
32253485
31909197
30940804
30970719
30912223
31274529
30933112
47667786
30904075
30984915
30922448
31071157
30956258
35837126
32073153
30944083
31208272
30851582
31227749
32574274
31220130
30869303
30980547
36543810
31042314
30906115
31419249
30919009
33217728
35355329
30878033
31760056
33041303
30956464
30928885
31022651
30905271
30890923
30870901
30971956
31071310
30856810
31420843
30973286
33785782
30899755
34109099
30979560
30911534
31048151
31267210
33519039
30932046
30855124
31059770
30894108
30891518
30946947
32105547
36547461
35957110
35962117
31259804
30910543
30960266
36446489
34517643
31608568
31391664
30948068
33365456
34495726
32126073
32175177
30936318
30904384
30890828
33470218
33288718
32791830
30951558
31099568
30971191
31325221
30964716
31253723
32912285
30960922
30923399
31960119
44153354
31984130
31233469
30952015
30879749
30919915
32842123
34288660
30941982
30882327
30976047
31905035
30906557
31999319
30910813
30871001
30905036
32951634
32509650
30925064
33948103
30970948
34026899
31643574
31592141
30807488
30871177
31366760
31346701
31400830
32120469
33589369
34325395
32445191
30864801
30932651
30906229
31145400
32077268
33321242
31405412
31371352
39047342
32886139
30946744
31641623
30984531
30888646
33809797
31059112
31267974
30887772
31505930
30934956
30858945
30831029
35734427
31033033
32902482
31186673
32724890
31504686
40947887
32630944
30941822
31761401
30913990
35475412
39839668
37386214
30977347
32468908
30928345
31604989
30893832
31050413
31730520
31618905
30867921
31630319
38619418
30918170
31093639
30901610
31172123
31008447
30906785
30915812
30886928
31688008
38480341
34753891
30835845
30913019
30901944
33284056
31033618
31612526
30890332
31351379
30845701
31637741
30947058
30917248
31784277
31070528
31100587
31065582
32347735
30911352
30910813
36771138
41288993
31244691
30899272
32631999
33066962
30962949
35342852
30925865
30886241
30878012
31404740
30989938
30934349
34003948
30888248
30930979
31791669
33159550
30946201
31465003
35146711
33936734
33808231
30923033
35629091
32415435
30849859
31336159
31199644
32910644
33821880
30867751
33458347
32531440
36107315
31560849
31343922
32119775
30946405
34181668
33073938
33773781
30911540
30942345
34347170
30892657
30898278
35921894
30917297
31037817
30831490
31304126
30924398
32109526
30928859
40000707
30925288
30875843
30914244
32698644
33585542
30896607
32147804
31366599
30925005
31003245
30864175
31327827
30900307
30858476
32042810
30940276
31185519
30891525
31260670
30953904
30846386
35136247
32005421
46550331
31219833
37038698
32733549
31120330
38390244
33846816
31230544
31209293
30927721
30887579
30863379
37918654
30930750
32540013
31012790
31956324
30858094
37493263
30935076
31778028
30827475
31196894
30829709
30905315
31629203
30898639
30929038
31177447
30828021
33293214
30934696
31145107
30914151
30847348
31248681
34230568
31459433
32635480
35326503
30956707
31135500
31237269
31029145
30857657
30910234
30917165
35187336
31207438
34688079
30933666
36810676
30939472
32281511
30915982
30904066
30868088
30941814
32656348
34100285
32295224
38131746
34141124
31080471
31089167
31337796
42062753
30907000
30902361
30928008
30908611
30859708
30885441
30927360
30919452
31465552
31249987
35198491
30958830
33453392
31092587
30872439
30914156
40976463
33272101
31065540
36113163
30852285
47358346
30837251
31428962
30884039
31545126
31228511
30954483
30850393
31264033
32004213
31952105
31321473
30911434
33543772
30931107
30888406
31677486
30895227
31554788
35265646
30993936
33258885
30907228
50279425
34012145
32619734
30934293
31100406
31185190
33404701
31704672
31353491
30922658
31019623
33742830
47521985
30928054
30892075
34322055
31068809
31208594
31088214
31148731
32598922
30898394
31144437
30926460
34187347
31192322
31282296
31711269
30896208
33367486
33059906
39530108
36479387
30929428
32461886
30968570
32165869
51298307
31347837
31124756
36995838
31447548
32596695
32367920
32263306
33358441
34417342
30921420
35096941
36821206
31309735
31893296
30893714
31306778
31026976
31149231
31018719
31234483
30873921
30905554
32789937
31654151
31834479
35928669
30953250
31336908
31858984
30849837
31762364
33772494
30934989
36066071
31783531
33894882
30928314
33071919
30939390
31007009
33741516
30896578
34676653
30886477
33025133
35960492
31635697
31646665
30991641
30870416
32346514
37580438
31213500
32594569
30917705
33055568
41221465
36477933
34628612
30869987
42741493
31347121
31016038
31130141
31484824
30911089
30903262
31331454
34542329
31217649
33069024
30845784
30928849
33745280
31716125
33159305
45515858
30838150
30908083
33727050
31002591
31345511
31330207
30885879
30874811
33602894
30882006
31090563
31449194
45395098
30958574
30950849
30834763
31094856
30865011
30826496
34029789
30858910
32859216
31426550
30874955
37382711
30846031
31437900
38843328
35162001
30923591
30862638
35002197
42836710
44496907
30895500
30867963
30906896
32057066
32097003
30926612
30913713
30891780
30890949
31642087
31098745
31855229
30910703
30906232
30944672
31011218
37118697
31358793
31119219
34101202
36415874
36014437
31041867
38803223
35018000
35529593
35982605
30948645
31345560
30930512
31217635
30865485
41247099
31314406
32779794
31167466
30959476
30970654
30873564
34971789
30906176
31222685
30941989
31361395
36973071
31006040
36076812
36060456
31476455
31182822
33292746
30932478
30929890
30938392
31230669
40133612
31112853
32750372
31714794
31199919
31166703
35137178
31475470
30881847
36074317
31002835
30947520
31958082
34136319
30901421
30915020
30826969
32346177
31150294
30996127
33863155
35996147
31803923
31038115
30899988
30906135
30980391
32669796
30869299
31369138
51252677
31320506
33267235
30824856
31455026
35377050
31366977
32216490
35853096
30892922
30880405
33108680
30888201
30873444
39245706
30939433
30899015
31016326
31001716
32584844
30926764
31042158
30910666
31181826
30831771
41345962
30945802
31140850
31051887
35360767
32339481
36031891
31049799
56433802
30953981
31167541
32369919
31256930
30970127
34790717
30884776
32008104
32593858
36115669
32023475
31489203
30859506
31096926
36160694
31433767
31123891
31154831
30956876
31447808
30909945
31644901
30927075
30923874
31253186
33220093
31526259
34638538
31521776
31082884
31557248
40996894
31835681
31379520
30976740
30888747
36950934
30879032
31142629
33185317
30880261
32640422
30882779
31432586
31084016
34102420
35258190
30922088
31868015
30911924
31110027
30892414
30884876
30936706
30896974
30914942
30890155
55389029
30888867
31617164
31543850
31309198
35747115
30939180
31213809
34610426
35137365
32784501
30909552
30850137
31355400
30923884
31696903
31072602
30900498
31974436
51251397
31279713
31032911
31335798
30926401
30977786
31006327
30951257
30847526
30959286
31187127
31410639
30902558
30856997
31018630
30903917
30896528
30963126
30874640
30914945
30945722
30988185
37190473
31257346
36204992
30861417
31084629
32317713
30904270
31690851
30843258
30946256
32814371
36534709
33749212
30868856
31008557
30958460
30903375
30899629
31072619
32840620
41236029
36229562
31330329
31925742
30973905
33037966
31292116
30842035
30900072
30913383
30842565
31215687
32078472
31126867
33481881
30895459
31563502
40569699
30851885
32487102
31554323
30936035
31927699
32304427
30953256
41143072
31533692
36056968
39970582
30898179
30898126
30848653
31351942
31475090
31306129
30926468
31761169
33682736
30922721
30931546
32921519
36126216
37026134
32964715
30926399
41020539
31069980
30911690
30912551
31120708
32040348
32624113
31378565
31460875
35495121
30857385
30946565
32292119
33404179
33340009
30898059
30883243
30853148
33395836
49428456
30873497
31420169
30926259
30981427
33420768
30994566
30960952
30871082
30899462
30896680
32014056
30866846
30885067
30907051
30889199
31589953
30909517
31352874
31136790
30847814
30827754
31119916
30853105
30865433
31417616
32475372
30940116
41455641
31034928
30917384
37304144
30866922
31964908
32186554
30955660
31968538
30854179
33299232
32961925
31736792
30973156
41094698
30981759
30932104
33135239
41612614
30944006
31357128
30837463
30919449
30902331
30895989
36013556
30942964
30905376
32403250
30864315
31922152
31601098
30865656
41616569
34404593
30917244
30904225
31180800
30886294
30889421
30981746
33534680
31010791
30882632
35073045
33255871
30932738
33460090
34760903
36035655
30834832
35593948
31941739
30906913
31543351
30958704
31384586
30903401
30896419
31276135
45295664
31523695
31025715
30852270
31244409
31307646
30848783
32676365
41101460
30886741
31448869
40530064
30864492
30930945
30889537
30835732
30912826
30912983
31148392
32398381
31101728
31126887
31271139
32648411
31550410
30998711
31657952
33001540
30910739
31372427
30866729
30967516
40934784
30895238
31219352
34471259
32435354
31058091
31012668
31434664
30893653
31102356
30944125
31388588
32107741
32194240
31030929
31536089
30846715
30870513
31363841
30937727
33403248
30907810
32350551
30995896
31005447
30981496
31218899
35807103
30901471
33552809
31591688
30932653
31163168
36439980
36276157
35910530
32158141
46822372
30897601
31305089
31923215
30986654
45821917
31236428
31629691
30867135
30908282
40380568
34859370
36595169
30976475
30875350
30900515
31749591
30886198
34532694
32378361
31955178
31258024
30886803
30913134
30847545
31075913
33478449
31763312
41118434
31080255
30865242
31567577
30903208
33948460
31279848
36088585
31284624
30857832
30939652
31967939
31113196
31334595
30900653
31289066
30868872
30874346
33998352
30876204
30932082
33940213
33293750
31362445
31290080
31147431
30884186
30979890
31162227
30889527
31353463
30981240
31359326
34174570
33279570
31039308
30916259
53000374
30871124
30922584
32100260
33203705
31264157
32288395
30940544
30871506
31929182
30941121
30899603
31063270
31858360
30852375
30842642
30994486
30872666
30975910
31324605
30862061
30931930
31852216
39313755
31082959
36178238
31017852
30890445
36374971
30898557
42439473
30893978
30857064
30945114
30877724
41424730
31256648
37763525
30863548
31617197
31491982
31645667
36103443
30967991
31254015
31246412
31725450
30899895
30859993
36011909
33395385
30891079
31449359
31131571
30838439
30926815
30892944
30889274
30914433
35514580
31111366
36111977
30862214
42836690
32073200
36904380
43690142
30853643
31134169
35638905
30850832
31345705
30858914
32839897
32361174
31252107
30872169
30854941
30947357
31354836
30923893
37373290
30962423
30941419
40998794
31942678
30943642
31130862
30918526
33576163
35486543
30840838
30929269
30914364
30894591
30888294
30879215
30914552
30887626
32512005
32839229
30849776
34445389
33875764
30878956
31648188
32906422
30842667
45999393
32019292
30883399
30960335
31026139
31044768
31431463
34178324
30887570
30991809
30871480
30857287
30987198
30858561
33327663
40648053
30951801
35681919
30833701
30910283
30879840
56396316
31040242
41229529
31081304
50979577
31260265
30857580
41273949
31182954
31398567
31109475
36380878
32448282
30899609
31197963
40620415
31084290
34706957
30840972
30995028
30864095
30965320
30888216
30882783
30938763
30875012
30845417
31146519
36988280
30904961
31823560
30903596
30858031
30961229
33812277
53625869
30907888
30958775
30922980
36553195
55404639
30927134
30968338
31286733
30906267
32091841
35102823
32687628
36600326
30907758
32153327
30897307
30872619
30868368
35168376
31365087
31669694
31006174
31020003
30945837
33022011
30905077
31727672
31422410
33849278
31318503
31595060
36872024
32339481
30929065
31334452
30852106
36371224
30881695
31123887
30885306
30918117
34489227
30956455
31037395
42009565
50724054
30936819
49925263
30890647
31761554
32583632
31949928
30931708
30947193
30921412
31111543
32105074
32222411
35110573
31237434
31132597
31012390
30926985
30937825
31011691
30852579
30903868
30855713
31307597
30993086
32124937
33226866
30863895
32938951
32356718
32544397
33825815
30902739
30859894
31323630
30955769
31034382
31186291
33826562
30971102
30847054
30976807
30935517
35641308
37780212
46278996
30908638
31941238
30991913
32182074
36573699
30969557
31037969
31318072
30912260
30873552
31484525
30958472
30860432
31060193
30847286
31391228
49375589
42965160
30907667
36635570
31124828
30926500
31231887
35731211
30913062
30833221
31424252
33319857
31080136
30867133
36337294
32615442
31359163
30906342
30952470
31312244
30868918
31170734
30886578
30923596
30882932
31309435
31003712
31014049
31053303
30960877
30878026
30868498
34827488
37419460
30932685
32644164
31689799
36306685
31894750
30857058
31506158
30886612
31377597
31124937
30921654
35450777
30866848
30903275
32273384
30888174
31799793
30835819
47227810
31167035
30936005
31087373
30861238
31261659
30836691
31890239
32026462
31567589
31080330
33713390
30862835
30852565
30950386
32405800
31008325
30918406
32151916
30864383
30923737
31106211
31432211
33635977
33552754
34202151
31237142
33500334
30849187
30999296
31294069
37198554
30900049
30899241
31017807
30928920
36594419
30923031
31009164
31059586
30870226
30916718
30886277
30878907
30896647
31522157
31738580
34302308
30920920
31525376
30956288
31745208
34112347
33271856
33477515
30921412
34535881
31154127
31056404
30900013
40906450
30920748
33930262
30947546
31166655
31039728
33354911
30950532
30901784
30927729
31001693
36821151
30895397
30953443
30949443
30926108
31132324
40684613
31142971
33632524
30929998
31715064
31169217
36343934
31820348
42726253
33868354
31473943
31035164
30874092
30862041
31269615
30946652
30878943
32164015
30836890
30929346
31643976
31031802
31031008
30863663
32740737
30857123
31091354
30914354
31111367
30884953
31303072
54932640
30951643
31401283
37208925
34405489
32064963
30908382
30884043
31638410
30882394
30888833
30856704
31150911
34151810
32085447
39487595
31591925
32184811
33403447
31058930
30850103
30928641
31025339
36846058
30902038
30949831
30962830
30932669
34199743
34427598
33306981
30905004
30901721
32863027
30932003
41297910
30992208
30887557
54610087
31125323
31320748
30954180
37182901
35011167
30910634
31140935
32470935
31910828
30878431
32584780
30948372
31121498
31104369
30984242
32757166
30904646
30910106
30893736
31820850
31176762
30929462
30924922
33861539
33516061
31076995
31835539
33888776
36323170
34880222
31304341
30973974
31116613
34047010
30890440
30857601
30849252
30832348
30967514
31128676
32942033
30896578
31466705
30949809
31072783
30964714
45263008
31429056
31454134
31340030
36072887
30964375
30978506
30896765
31348332
30944028
30892650
30937589
34471257
31876499
31276082
31275045
32255062
31077733
31657884
30954353
30843587
30924086
33019874
31288270
31318204
32094967
32358934
30936853
31037384
31115473
34472858
30868892
31005634
31780330
30907892
30987474
30975657
32594849
30850789
30949658
31213343
30921544
31811286
30846768
30907569
30869871
31398707
31689526
31070990
31034112
30939025
30882173
31035330
33856678
30843289
30978969
33631865
33389915
36120864
30857372
30957241
31356577
35813072
30861549
31184184
31039678
33129639
31142417
31960864
32041959
31100571
51120178
34950626
31933517
30916551
31289214
40531392
31596230
30837399
31236441
30843018
30875292
34941245
30943413
31085921
30995295
30866402
30851267
31165054
31213598
35442544
31250186
31854404
30901407
50665233
30855928
30939006
30862638
31201753
30864214
30870553
31667766
33598183
33230911
34948178
34386806
30930754
30885445
34167543
31155944
31501238
33377059
31341822
31692907
30896212
30961140
31574727
33033036
30830983
30953837
30922714
30846368
31097497
30911859
31020504
31930624
35668064
31221475
41115927
31308814
30901528
30933770
30872866
30933433
30869310
30848602
31482803
34495485
36043242
31079822
31004675
31242359
30880515
30907553
31320772
32520550
30923868
30889747
31578741
35497680
44778699
41644279
30907627
30886624
30828104
30902871
39353691
30945353
30972687
30856603
30862360
35900923
31656964
31419590
30847672
31366937
31015719
30955336
30857826
30894544
30982973
31422642
33732926
33110955
34508691
33765721
31398938
33223294
31078682
31437250
33198927
30852154
31301162
32785162
30941678
31853285
31011553
30914873
30907165
39060895
31164301
30836164
31496047
31824112
31393954
30903957
32177502
31731749
31000903
36946329
34167321
30913174
39876007
30890540
31031904
30887216
35940397
31053270
30961280
31174505
31589797
34121565
31614160
30954267
30968681
30827524
35383331
41279540
30930035
31644293
33109093
30906863
30908918
57682471
32327526
33499135
30876899
32168715
32135216
30891132
30936714
31987422
30961269
30866660
36656451
30902659
30872099
30924926
31893142
37060173
30926313
30866527
31134228
30922937
30940799
30881866
32775584
33456072
31027358
30934733
31015502
31180645
30884209
30881233
31233629
30965370
33712445
33569900
31725168
43786584
30996475
42819729
30902211
32593037
31352607
30945867
41405041
31037008
36657983
30926966
31254214
37930252
32865469
30864637
31721072
31646258
31274415
30911520
30870485
31636645
34638098
30990392
32419485
30860562
31267038
32813040
30895601
31590445
31059037
31102833
31039688
30997848
32667529
30919799
32022808
33306311
49294312
32130536
30920703
31016296
31866709
30864303
35285488
34761059
30950894
33492642
30863785
33110229
30850196
32626120
31094700
31164600
30956916
30981840
30888083
40865074
31074011
31004210
31012849
31010279
30910259
31817129
31701203
31264198
31283474
31219793
30969265
31663101
30917118
31988895
36592953
34279960
31473912
33487181
30931668
30877355
33104218
31542525
30923611
31028202
30854332
34014817
31995561
30887246
32229109
30843926
31809430
31100892
31007980
31104753
30907047
30898530
30885633
30863252
37647569
30917693
30872947
30914699
31384718
31119459
31155343
36390359
31125283
31970685
32883171
30911463
30877704
31041548
31769238
30928446
30938600
39249319
30960875
31663231
51337037
30850654
32483433
30864151
31128780
32211323
31816206
35653051
31081017
30916287
31932166
32391875
32190839
31012304
32102519
30931002
30856642
38296680
30986006
31811757
30919077
33960753
31543856
30930615
30969396
31057733
36037251
31612134
31145753
30920864
34384643
30832959
31316061
30946047
30936685
34008815
30908175
34216015
31020940
31214628
30947333
31211714
30877393
31172054
31244121
30888249
36629257
41072269
31051804
31593179
31136030
31012812
31539328
31152574
35400410
31028621
32341467
32345740
34426519
30975683
30901300
31523891
31237237
31485606
34590900
30874985
30905160
30893829
41015951
31248548
30912146
32939153
30865839
40679645
30903092
35323661
40189691
30901124
40135097
36116340
31847057
30931439
32896201
30863575
30946435
30875181
32515588
30971326
30946492
31464768
31385711
32812912
32825000
30893003
30889591
30961545
33119775
32862853
36709156
30981003
36136549
34112345
33624108
31367881
31269560
30883820
30911469
37882546
30919783
30893806
41542288
38110392
37784666
36769976
32110640
45465893
30853769
34604383
31298496
30876761
30882482
30997491
31237522
30897934
30894667
30877413
35394352
31119004
31916435
30893777
32668021
32365072
30841007
30955129
31221834
31917957
36440111
34158392
33648076
30880899
31444063
32159558
40441347
30896016
30881851
31247129
30937966
30945175
30914056
36082150
43872891
30940463
30929289
40707591
33168693
30873737
30933035
32336561
33291162
30923733
32774648
32939132
30895203
34568814
32396224
32786959
30838462
30904984
33859178
30989416
30873269
35017521
31681642
32764175
30999652
31107781
30847769
31287908
31358724
33003311
36024281
32572861
31037428
30945452
31568481
31407626
30927506
30906649
32558490
31063945
30926973
32294619
31033931
30861992
30943360
31869435
30906901
30864791
31292089
30952720
31227739
33948153
37093408
30923925
31711938
39467604
30951787
32721321
30887803
31045738
31233132
30878282
30908138
31036132
32098883
31231166
30908873
33913604
32975146
36004778
31037187
38262809
30887645
30942616
30867133
31629633
31128102
31288046
30931349
30889763
33797619
32965621
31292887
30964042
30848814
31305928
32631908
30903169
31003919
33272080
31529382
30908223
31026147
30894699
30921360
30820347
30973577
33442124
31598712
30854688
37136411
30865457
30880710
31787173
30945986
41255973
30868207
31350660
30913480
31006613
30995791
37316894
31378772
30832823
31403308
31185290
37833898
31842556
30997646
32102039
32739041
30962108
30904158
31158163
34007108
30901656
30961251
30907922
31597509
31976094
32850985
32347116
31501976
36173745
30940995
30932604
30863943
31055661
31678387
31090579
30906614
36064757
31162233
31016042
33547148
36116476
36063440
37871897
31335567
31233493
31170484
30932129
32093998
33863777
31806330
31386397
30869662
30844159
36310720
32619229
31098649
30885173
31022694
36125117
31147724
35262395
31793673
31627962
31204349
31899344
30893446
30885198
33627526
30972768
36140680
31949621
30910628
31003296
30983700
31555452
31635275
31598066
40839246
30943206
30892068
32134159
30864549
31182389
31227302
31224840
30987993
31652036
33230466
30910167
32779998
31484927
31114718
33677617
31744302
36974925
30932606
31579207
33639005
35521255
30881811
32515822
33990402
42554750
31367028
31621815
31132566
32227191
37772909
30924349
30845961
31645034
33092392
30849473
30943823
35889070
30852226
30936750
39992767
30896885
33453709
31055899
30950205
31775187
36910199
30887765
31123851
30858701
30830816
30904231
30952291
30920463
30902735
30890263
32571744
31148914
31266142
30978211
31721420
30845982
30975175
30903069
31760776
30923870
30878617
31144092
31192680
30891315
31226105
30863144
30981192
33969039
30975066
30862475
32301752
32320314
30919846
31108768
30902355
30869556
30907833
30902918
31674765
32577240
30881252
31158483
32204609
32444425
30900021
30853168
31167151
30859549
30958334
36943683
31027096
31532894
30960700
31105734
33134713
33343511
31254913
31096656
30928521
33283210
32488997
30910937
33568539
32651501
41053348
30860698
30933118
30926236
30831131
34775329
30953527
38201284
31157033
31367580
34150010
32171951
30891114
36012638
31237883
30963051
37158487
38328469
30908473
35685536
31018195
30968204
31105048
31428446
30849749
30951180
31245003
30905575
30898581
49700732
31089813
42573113
32110957
30952400
31426143
30925546
42770888
31945739
30887683
32803007
30976306
31125691
30944030
31013744
31835570
35992539
32289611
31003903
31220182
56394534
36127654
31456526
31253847
30929157
36192776
34359481
30890164
31122301
30937360
31565677
31387305
32357526
30879883
47169111
30930707
30849069
32181337
30867803
30949982
30903992
30862752
30928202
31687432
30876940
30849823
30935826
31758935
30869359
30920378
31933735
30896720
30829485
31406950
34290328
36115188
30974894
31190426
32232165
38555166
31917606
30869321
30850759
31079657
30974560
30931231
30866063
30957433
30949342
31153833
39945242
31192395
35727402
30860013
30940384
30859609
30963245
32597289
33850706
32259748
31453482
33155762
31665727
30922432
30944024
30894883
30911688
31195391
30952244
30938992
30944424
30877512
30908719
32759805
30834302
30925043
30903970
31019881
30925004
30830240
31038412
30922513
30862248
32707417
30976288
31054162
31016822
30858411
31360863
31161498
31419209
30915705
30881677
30904063
35263075
31172606
30866932
30849327
30854864
32292034
31667161
30890684
31067507
31045371
33294212
31078495
31662250
30841736
30914642
31581072
31523180
30933465
31103625
30931108
36261168
35691836
31061424
30896241
31201225
30890780
35856417
31350873
31346076
31072481
33172687
32934478
30881628
34413578
33315978
31055702
31040037
33050932
34380503
31150434
35465872
32197384
31530822
31971363
33324208
30968449
30846185
42376528
31081365
35557141
32349107
59229402
30886594
32364130
30873578
30952640
40013695
31311499
31047404
30850747
30905637
35637556
31442342
30921977
31368197
34808756
30918944
33819328
30999502
31406066
41073230
30884374
38467305
30925866
32535667
31735275
31820819
31145239
33645208
30914189
30923400
31032420
31402378
31290559
30875459
35638434
32489007
62925541
34434236
30953709
30847514
30885018
32511893
30843323
30925054
30865230
30897703
38823479
30898320
31012117
30903381
30885977
30959169
31227542
30920813
31303104
32455322
34899345
32061358
32780235
31613656
33686607
30888002
31710595
32093102
30952551
33911540
32548175
32590074
30879168
38370589
39948102
30911560
30972890
31246650
33169335
33138464
30918826
31087134
31378427
30969297
30894762
31200220
31002888
32167563
33528050
30886664
47286994
30972228
31288660
34332637
30905095
30951331
34078759
30843008
30890074
31309927
32947716
31526654
36698553
30977541
31170614
30966494
31009930
32425971
31014579
30845380
30862719
30901418
30926090
33501990
32204977
30894822
30896976
31497879
31854493
34463343
33437540
33578021
32847590
30939269
33323609
30920522
35078566
32547808
30931084
31136343
30988328
30881506
31695445
32846241
34101663
31001864
30842583
30973026
30877972
31210194
30852804
31002847
31638150
33953932
30950469
30877925
36063940
32426727
31121245
30869051
31945869
30956085
31468737
32416946
33204068
34769713
31349724
33520949
30986410
33812533
46423549
31367818
30924810
30877435
32438342
30932003
38817423
30972257
31235780
35005253
31115130
30900212
39162189
30897888
30967852
30922045
31450317
33577832
35980807
31635120
30900401
32097113
30989063
30974365
33820657
30850795
32431019
30849183
31801931
30937502
30884256
30864007
53725311
31871229
45661508
31622019
46417542
31524376
30916128
31169243
30870795
31024129
31656778
31046537
32644763
30930084
30950554
31193817
30882727
30828113
37029056
56442636
31123692
30912555
30871500
38513873
31781598
30967851
31630416
30944089
30950148
30934101
30895140
30898853
30887222
34733559
31019044
30944785
31538898
31146137
31383127
40789685
31176299
32294768
32906644
31639128
32477439
33086875
30915842
31034141
31525770
33028596
30962403
30986424
32446694
32443773
31017974
31760913
30862215
41053925
32495021
30857725
30879329
31071361
32372326
30896661
30891215
31246156
30949332
53647362
40149852
30980294
33009984
30919769
30878366
32448575
33034459
36296057
30911472
30863712
30900432
32761070
30864896
32338243
30945862
30864332
30864153
31156259
30939419
30926155
30863672
31355943
30908593
35898649
40416618
37524435
31551800
33147788
30862422
30896842
30893545
30902373
37959818
31474046
30893578
30899184
30927286
31175402
30868709
36106318
32468380
31316764
30863348
32627949
30843711
32168254
32801996
31279757
31105118
30902950
30864541
30841876
34103422
31232907
30840749
30918306
34350430
30972144
31067820
30883312
30850787
30925060
30878973
31572009
32735869
31908494
30952625
30894260
31411726
37264213
36177065
31002827
30895936
30943258
37602072
32275579
30946243
30848059
30993312
31027136
30935415
33011016
31007676
45958405
30924591
31575490
31058822
31115575
31278796
30872675
37275912
31044258
31384568
32617061
41100404
57242811
38641283
36411097
35564128
33077751
30861275
30920362
34979271
35010178
38075803
31298684
31806247
30962397
30879890
31024811
31416134
30887405
30849694
31374048
30981844
31132240
30839559
35066373
30865890
31072383
30902048
31307973
30906929
30877527
31920800
30961300
34014892
32067969
36099367
32843474
31318367
30847330
32562837
33896381
31043172
31228099
30847275
34973539
33131639
30879665
30873529
31030618
30840311
30947554
32109387
30902817
30837085
33993602
31427252
33514934
30863271
30873558
33589182
30944745
37485087
33495162
30944042
30862351
31103914
32916983
31676468
30921702
31038605
32112063
31108472
30916237
31300500
33994222
31988661
36227139
30943382
30872904
30867086
33819260
31314763
31038219
33656458
32878489
30861107
30924972
30899645
30878556
30868459
30876262
33449341
32370550
31073634
30869532
31394537
30837097
32928392
30943863
30854093
36776409
31801530
32311756
30914511
30896562
32611820
30989261
34112947
30943551
30849650
31991355
31647774
31542672
32626463
34626497
31805841
41005132
31374002
31116546
30914542
30882402
31375713
32164592
31178210
31633828
30852668
36816891
31364292
30869384
30864623
31583078
36367175
31079209
30902186
37834593
33409019
31132745
30961483
31204487
30957842
31038036
30917755
33095091
30916041
31270955
30884443
30890685
41269512
34344328
32249240
30853938
30926656
31069031
31013875
33594153
32020772
30975326
31976492
39853633
31031914
31291690
33322717
32081602
33410814
39019233
31124037
32187338
31993368
31461063
30918008
30848139
31592139
30886316
31704280
31108220
31826470
30891636
31016398
31279081
30905590
30932330
31309428
31222331
31957185
30983944
30983753
30924475
35941762
31254112
35097467
30866734
37051036
31209019
32223494
36097210
30971917
32965358
31226913
31087597
31372217
32234154
31727318
31979296
30915371
30863413
31195496
30845403
30838116
33518859
31649016
34596900
30869701
30999946
31023677
36102243
31647091
33137514
31087221
31005299
36187663
31474467
30911270
30972283
30852801
30942907
31338641
38327303
31857918
30980807
35997392
39091203
30936821
31559590
32755702
34026129
31289913
30900923
31635134
31057246
32487514
33189707
30887491
32838889
33987653
30962009
33270055
31338026
37992791
30882296
30944853
30884894
31149462
32232825
30924958
30907132
30920183
33523571
31260895
31326723
30938686
31909602
31196156
34663649
30917009
30882293
30949246
30905493
30892234
31368624
30978218
30918002
33425830
30846339
31269662
32086577
30922084
31579352
31219732
30856558
31416564
30912200
30857413
33268049
32425510
31118925
32420182
32384099
30872514
30906876
30910482
36153325
32441762
31175333
30957934
30929988
30883196
31009323
33853196
35642709
30882648
31232888
30875161
30832961
31522983
30973382
33701389
37049261
30985707
31006348
31106968
31233145
31467300
34185068
30936569
32986198
33944772
31434199
35912786
31584367
30910884
35245190
30901683
30930752
31739539
30890779
31650172
30911335
30882621
31171435
32497605
30867281
31382274
40127362
31034877
30904066
31335229
31898194
31013739
30845255
30889050
30874461
30912514
31125732
33230575
30947997
33098264
34613513
30995874
31746035
31110190
33077001
31525841
30985616
30903618
31230162
37219579
31055107
31092772
30853067
31067014
30864206
30869773
30882189
32781548
30934193
32323955
31570326
30885421
31130596
31097881
31588219
40760553
31230881
31017336
31703849
31010639
32278620
30966971
30904871
30864683
38655354
36659451
30843800
30846480
31831969
31564575
30859830
31957529
30939315
37090627
32115236
31786704
30986619
30967603
31239672
32859011
30905777
30878937
31409706
30900460
31850658
31813799
31763510
34549896
34098358
31216677
33104489
33947928
31099597
30878374
32324179
31303060
31270468
30901120
34691093
31195298
30833945
31905613
31106136
30913598
30987253
31521033
30913108
37924950
32764395
33856355
31144744
42955489
31032456
39052969
34094180
33348108
41165371
34845663
33453349
30886743
31122888
30873832
30879753
36334163
30908861
30889463
31802406
36081214
30859564
32140849
31908372
30941073
36283122
30853511
30927863
36241977
32859040
30894919
30858091
30929651
31406532
30885865
30841710
31420606
30964132
34213783
32832245
33226314
51358423
31228054
32720263
30850428
32208958
36324539
31037266
33482097
30939139
31223938
31105385
31578446
30867757
30831830
33087904
30876690
31010380
30884927
31875750
31127672
36364910
31566128
32747910
46555821
30915117
30936756
41227515
30901407
30882089
31971751
32290669
30870897
30928893
30916700
30869745
30985478
31296221
33771837
31415869
30886518
31265758
38850146
31662636
30833475
30901896
32657869
41402880
30896761
31336616
30891723
32668149
30892247
32443308
30892261
30879961
30938272
30926675
30873001
30917008
31169024
30987469
31102041
30917709
30848086
31144662
31193207
32021411
30911946
31614182
30879505
34016328
30915818
30868270
31104959
30924957
33273542
30908556
30945066
30904421
30886550
36038659
32651552
38538709
40193400
30890145
30877246
30887484
30847038
30925840
30884945
31525690
31316413
30935544
34868978
32023121
31335263
30872914
30875770
30837509
30874629
30866983
30915954
30886897
39284793
31160220
30884864
31883690
36508194
41986618
31143746
33117514
30987089
33983113
31134585
34665853
31037632
30937865
30920341
30951885
31000410
37110129
30905219
46210072
30874352
31002061
30893194
30828350
31872163
30966278
30937900
36062516
36465971
35695465
32529800
31717703
31351580
31075193
31412318
30971125
41136006
33018941
31013755
31176708
30907137
30878735
30930768
35441533
32236838
30898969
31709594
32964192
30817305
31645827
30947209
32234788
31317849
30949504
30850174
30963956
30848171
31138275
31155481
31588487
30924476
31013316
30986091
31123775
31229284
30919096
30976036
30854188
30910078
30935627
37312581
30916279
32538951
32799276
32714444
30988143
30981943
31375206
31875415
31113000
30836551
36413886
30992276
31272690
30913392
33952355
32318774
30930894
33062474
30934997
31178133
31104079
30890299
30846371
31799097
31621634
31155879
31166117
30858271
30985571
30875042
30924861
31104072
30911658
31685333
35905990
31572278
31353905
31803022
32588916
31142887
32315818
31008620
33692379
32193297
33599585
30918556
31110111
36646242
31285658
33430656
33620028
30918195
37284520
36249972
31835692
30902948
30899257
30875520
30950201
31011677
30957312
30855927
30918655
31601452
31055972
32050421
36885126
31408626
30869146
34255014
32448893
30841442
31652146
33073895
30881510
31602521
34657669
30938384
30934660
30907876
42946904
31686980
32294384
36033337
30907593
33661897
31694794
31041934
40541117
31030214
31221621
30923729
37078797
31294553
32418740
30912603
30923911
31216100
36061832
36702919
41634566
30986806
31958444
31839474
31334140
41271450
31658991
30990716
31232330
30906226
30973028
44389229
30877124
30843863
30902477
31437528
33314990
31121173
30966428
30895414
31869658
34604887
30964610
30946195
30869654
30861957
32459759
33893015
32763177
30921735
33115702
30963077
30925972
30914410
30912245
30960605
31733380
31192556
32046721
30936848
31009211
31123768
33200623
30892168
42298553
30831527
31319009
30889528
30831121
30921629
31447225
30902985
31136751
31312889
34436000
30912873
31269209
30846526
31341976
30889059
31206569
30949616
32250752
30934174
36478573
30843749
30943960
30869233
37825775
30853637
30964489
31170261
38572725
31418348
30946785
31308006
31222752
34048767
33559106
30878342
31518427
30891468
30897841
31093850
30944353
30905936
30923123
32984929
30830435
49346094
36613104
31331840
30895046
31436283
31233419
36438813
32729080
36664737
31783296
30925166
30894894
30856185
31205874
45901905
31854942
30954435
30920250
32556928
30891916
30914772
36483330
31507783
30887338
30945740
30978768
32165403
30890539
31146873
31149243
30945651
30880464
31426372
30906562
30884419
34764224
44356302
40748632
35975156
30921226
30853836
30829391
30905430
30878220
33096349
36212580
31031569
35839650
33966317
32662557
30987948
31453866
31028093
32792077
30912042
31052172
31759813
38316299
30912914
30908432
31438292
31047738
30950335
31418524
33285242
31834640
30890494
30918796
32920587
30898434
31673523
30900118
31426826
30901238
30885672
31131727
30942892
30884289
30844475
30933405
32288787
30902516
30898961
30878016
42738622
30865061
31194502
31482114
34080207
30874391
30857596
32919144
31106733
30918971
31151829
30966796
30960394
39500180
30961728
30952990
31435910
31333325
32733799
30953059
30864060
30996151
31510604
30874053
30954213
30899447
30904548
30898885
31409125
30862376
30906909
30913076
30873769
30817181
31239549
31660094
32274862
30948539
32724614
31675538
30863633
31329295
34902376
37915613
31478819
30817733
30916759
30902749
31097661
30872142
30895154
30900980
33048037
30897768
32005121
30869256
31187709
30994220
31796704
31265291
30867933
30881994
31411166
31196415
31415918
30963000
30910289
30867409
31776316
30880895
30830398
31783977
36229712
31874830
36783462
41006320
31308306
31614156
33766604
30976485
34642185
30939990
34920639
30882972
31266859
30899640
30868252
31462976
31092380
31283961
30878947
32645156
35298185
32520810
31717971
35944972
30884195
32166361
43550894
39899094
34759518
30904614
35971209
30924987
31359055
34501637
41250525
31039154
34416704
31987820
33107043
31571743
30910072
30838020
32244772
30954637
42191014
31355547
30848803
31651591
30853487
30843595
30857070
30854697
31311302
31318747
30907073
32112746
30902075
30911168
31280414
30844966
30955464
31007950
30988216
31789497
30869774
31832712
31204763
31096532
31548968
33065758
30910482
33590433
30872276
31822499
31177601
30914294
36186043
31107635
30948604
31392697
32626242
34516094
33008268
31194900
30915991
33795923
30856860
30843721
30932162
31046811
30892593
32765387
32342992
32094987
30889300
30925635
30839695
31523700
32762189
30850751
30923815
30862199
37702823
31288969
30863322
31040500
32617241
31165568
31401606
32252756
31658967
30891427
30868729
30855634
31178753
31834475
30912099
32959969
30920593
30955024
31091162
31284691
30911582
31083665
30879861
31080254
36394383
30964026
31180597
30899444
40658481
30905499
30839725
30862394
38665526
32816951
30882288
31432909
33314905
35828162
32290696
31101149
32881517
31596124
31006369
34101586
32336942
34943072
30906324
35440435
41154994
30835440
30837274
30905684
31491704
30932259
31128118
31809390
34492002
30921932
31058818
30901496
32003032
31048274
30906887
32253770
31138195
30903048
31146806
30833272
33269196
31178345
30924178
31110544
32289185
43957636
35985150
30922012
30902586
30924422
31021068
31142753
31378736
30896947
30839789
31551159
36126063
36800025
30888321
31439287
30913927
30845637
43203324
34210873
30890706
30942844
32958400
38830366
30937909
34210810
32013802
32084724
32573676
31148191
30879113
31240264
31158675
32915862
30902588
30915080
31055470
33635036
51292184
30950343
34716238
31146320
30932094
33269739
31396373
31781478
31133133
31925384
46241419
32295612
35564748
31259601
33954655
30893722
31091852
32168419
30915788
30891713
31973278
31339051
31292131
33667268
30971415
30942068
31140243
31050242
31684120
39497305
32194324
31032197
30998315
30918313
30929293
31130436
30935379
30851015
32960708
30880871
30950948
31867176
31284868
31175966
31017673
31704528
31296212
30867376
30920217
30938913
30947516
33595142
31776981
34338622
31731570
30860473
32155959
31028154
30833998
31355216
36898908
30854879
30828734
30823514
30902403
31255048
30886655
31076429
31381429
31691985
33557266
32069096
30900318
31540090
31791023
30945497
31005227
30902723
31071919
30902513
35933353
36088823
44565213
34800679
41042489
30907039
30891173
31074788
31331077
31832979
30902444
31432869
33838025
31007494
46095815
33649019
33149409
32209032
30988380
31147417
31801159
30945839
30948133
30869654
30886730
30914333
31092744
35170694
31937896
31350520
30962628
30898945
30841581
30897085
31591570
32214936
42960406
32048134
32972251
31768663
30920926
31197025
35611426
31021555
31402522
30988561
30931072
30945360
30894662
30976816
30930670
31164341
31022617
40417579
31257318
31075557
30881072
31532944
37087235
33318203
31177772
30887962
30847771
31126319
31716220
30877054
32021310
31081881
32002372
30902490
31083165
33090328
34665524
31308181
30983735
31099095
30881165
30841075
31082069
30913098
32499831
33484232
34805203
34616629
34782999
32641765
34311575
32343465
31361771
33333208
33374236
34819342
32388178
34575649
34629950
33016640
36246320
30950561
31158599
32498507
32763189
35397639
34639420
40179729
30903708
32095664
32075601
37214992
32008019
30845146
31635817
34789534
30879764
32565595
30875229
31532781
43226093
34425294
31401911
33626730
32140930
33753472
34904169
33623957
34012670
34855283
30927546
31431323
31650828
30861360
42062928
32114657
30889550
31451089
34793706
30917462
31936575
30963087
31119162
30928871
30953501
30946658
30877210
31239010
30925157
31742551
41089639
46277612
32238596
31217476
30973975
30869966
30924412
37349942
30886925
31025639
32086842
31181435
30905964
30857519
30960737
32439084
30919594
30874267
30909531
30872993
30927443
31005406
30847801
31001007
40421128
30841551
31143046
32427083
32334477
30942931
30856223
39798544
31196722
30908362
32323318
30897132
31025419
31103724
37669290
31181591
30899159
31095606
30962347
49758573
30853848
30907325
32757266
30950676
30890959
31199919
31271295
30900356
36065274
31090010
31090485
33286840
30932385
31008225
31495110
30844295
35360406
30978970
31745198
31014766
30944146
30946813
31737211
34086183
30873869
30992631
31847964
32938983
35419573
32865581
32200945
34906107
34757863
31257704
32487105
32315313
33824281
31828920
31887605
33016971
30983572
32082251
30903710
31624343
31055753
31997099
31042306
36077189
30861490
30826212
35230089
39521669
41897527
31414258
35124993
30839819
31305579
31039239
30989597
31969222
30869359
32022499
32295460
32824604
30890056
36423026
30907953
31060144
30865885
30836593
35031673
30865638
32064288
33860373
30925962
31142115
32776821
31185477
38777503
30922415
30887392
40176262
30855128
31238099
30909862
30873395
30928749
30893675
31296848
31182261
31301918
30984151
31103625
30894075
30855102
31102158
33308141
31170567
33292959
32766734
34399847
31726328
30996759
33488679
30835669
30899235
30963600
32336377
30872736
30836502
30920770
31411954
31036109
31675899
32206216
31033441
30870216
31477643
37455825
30889546
36759298
30899948
31015627
35241840
32251494
30913937
30951237
31150376
35181445
37140781
30903553
30862145
30998301
30850552
32661279
41311553
30837986
31389059
40423555
32464504
31330062
31954700
33167231
30902014
30922402
31776144
31064034
31257695
33147416
30885422
30875321
32154352
33692114
31443054
31335950
31247476
31018951
31145028
31206334
30850931
31115378
33321405
30881569
30997415
32284273
32960231
32652766
32079224
35318938
30864141
45632242
30862796
32552965
30835943
30891664
30969230
33665348
31132880
34462645
31117010
33878735
31073998
31795100
30881458
30919529
30871675
31931431
32902287
32764905
30881353
31252323
32005653
31651177
33421667
30907762
30997131
31123081
31036671
30993578
31183874
31005823
31794202
30989427
35662536
32514911
30969380
30862547
31238874
31428678
30869107
33221246
30842077
33062449
30845669
30912633
30920447
32545534
30944270
35881747
31665207
31671347
30940673
45541878
30881431
32363917
31209537
30884713
30948095
32039826
30928570
31197375
32544974
33585971
31953710
31028955
30887143
30900776
30959993
30871043
31988634
34720231
31076069
41052308
30908790
30912497
31245731
32445503
30888914
30905529
32311589
30902241
32234318
31300252
31836362
30842644
31001155
31067671
31830382
34136356
36990616
30876107
30843341
30933228
31398457
33947041
31785047
30907303
30886863
32429839
35770903
31082742
45337697
30927843
30861998
36963220
35534373
31482066
30942748
33487626
31609707
35632843
32926993
38812233
31098029
48778976
31189811
30866469
30892581
30902004
31376954
36468721
30921438
43170345
38309211
30987123
30974564
32866508
30898839
34697136
31464999
32910018
32761426
30895307
30848870
31662656
30935694
30885150
30933309
32627355
30958014
45717120
49126099
34111472
31200400
30903563
30887734
30824048
35019688
36923333
33030062
30918097
30933297
30870588
33002325
34225918
34677567
34174400
33565153
30954716
30884574
32190259
32560724
34931027
33353694
33481888
30887163
30885708
38406198
30911081
32440620
30928363
32943759
30872813
30905347
55897505
41254675
32752273
32458398
30934696
31595265
31984970
32713740
35964476
30840022
31959330
31254417
31429798
31005922
31231405
31498707
30938410
31449624
32873632
30963205
30888079
32214471
30843153
30969622
32491298
31727999
32212285
31305526
30892923
30876686
30840532
30998569
30896978
30820918
34526007
30856514
30844455
30896834
31284376
30919512
31179336
31090878
31079011
33730052
30897366
32983068
30921388
30880588
31261433
31019607
36526114
30964903
30849382
31012294
32302467
30834521
30952287
31590292
30892585
30999447
41154817
31519191
38338608
33645265
36365406
30921773
31268808
32254294
31240921
31036818
30883391
30923201
31961694
33794718
31989378
30918440
31307671
30997413
31066218
36407309
30922186
31305026
32980482
34381234
35304082
35938365
32824194
30914850
30865631
30834219
31349419
31319921
31186862
32441167
30904690
30863111
31196349
31203727
30825779
30910007
30880748
45586637
37004494
31121216
31692917
34654365
30823549
30892097
30874143
31132804
30914378
30934530
39802701
33427690
30894579
31199585
31366721
31793142
30955123
30870015
31194043
30866481
31245777
32421879
30891400
41312622
30925532
30979571
31492112
30917067
30868512
31219169
34693561
33641159
35429654
34571663
31425905
31437213
30888354
31270651
34179490
33444436
32866590
30907209
32347921
31360554
30999262
31297585
30893237
30896816
38905819
30930811
31249935
30880196
31611103
31027899
32475347
32367414
30938081
32048532
30933802
31172804
31475290
30849971
33110732
30928174
35955049
30957314
31325540
33368353
32468880
39531728
44505388
30871738
36573272
32091055
30920928
32523177
30957663
33184111
31096268
31263734
32541783
30881443
31767568
32643063
31863524
30852303
54141321
31239676
33548255
51733000
32644239
34146732
30849536
30955005
30848458
32409453
31494361
32153710
30886007
30966475
31458172
30892950
31530291
30886620
30867923
30913314
32263000
30856330
31229181
30915893
34877903
30890705
30924024
30867178
30907567
31402638
31731826
32282677
31464345
32866202
30922239
33618197
30889386
30839941
31098102
30882512
32251978
30923821
32501558
31525697
30903585
31038467
30909213
32500765
36667690
31523667
31110972
37190857
34262357
31859333
34267663
33465301
33646203
34090855
37105346
31527455
32570615
32584553
32927235
32593502
30939003
30874778
31785031
31310521
30901875
30852445
31447087
32027046
32456194
32104804
31170305
34308111
34515264
32372478
33120486
34349421
32090510
33217401
34491797
34209077
33166724
33343967
34379209
36939118
35052740
41043196
31962513
31388906
32583809
31785035
32831068
31115406
30871096
32551391
33071072
32876456
32321648
32074435
35497975
35402481
35609779
31974211
34203416
35081020
34194002
34402416
32629405
34548333
33083363
35013794
33324820
34368007
34355189
34924523
34524531
34383490
35253794
33702055
37450996
35144377
32147314
38500932
33756803
32978471
33715159
32627992
36795194
33084437
32416804
41775049
38315792
32692091
34185550
34658077
32957035
33156795
30953351
30893832
31219205
47047414
31245695
33039673
30969736
32500802
31939180
34766026
33369848
33581998
34876290
33916596
35483797
31629597
34242945
31432341
31261508
32078836
32256995
32413028
32392713
35668675
32616947
30908513
31296736
31878456
36633176
36110907
37074547
37227194
37598857
34461759
36876561
34996051
32542522
31713787
32963080
34070305
33708718
36142828
33736735
32349044
33520661
33606781
34994983
34794433
34725954
36976302
37142414
33057744
36259435
38500298
35959170
36287730
38157299
35440198
35111905
35171571
36976902
34432375
35417190
37743755
38084471
36494652
33919781
35398360
33855744
33749926
33339412
31593402
35065455
32732594
35458511
36587251
36502247
34536389
37397281
35951812
34471009
34540647
38318784
34898780
36186057
40571178
34378539
36900955
44420628
34527346
33571491
35039882
35651411
34241340
33259360
33517433
33664428
33296945
36000477
34183364
34297414
36154999
32122529
34059990
31899384
33398741
33443249
34876731
34353883
35210057
36207277
35095574
36495564
32559725
32977488
33093948
34832640
35007001
34673275
35228987
36672147
34160311
36185057
33884226
34677378
35604258
36006374
35425587
35973984
35688883
35731152
34847765
33505255
37251105
38317831
34575966
35553765
36290517
35622639
34313128
37635599
35301530
34197944
36166289
35208109
34907216
35367290
36524026
36188218
37360128
35393867
35581561
34686870
35552057
36240305
33754470
35235008
34924151
35511456
35769185
36888505
32255348
33773461
44904382
34821940
32657546
35605385
32353313
35212373
37744462
33427944
35941573
31868243
35091522
38794277
32933544
32916187
32616886
41387708
38132340
35865397
34052584
31082233
33138286
35697842
35866430
34304100
41102483
33663971
35058704
35399908
35065755
35315699
33438876
35552099
35802502
35928227
32910162
34249556
36620482
32293111
35241623
34065423
32596680
31536001
32359397
34309351
32079081
32394997
36167016
38301921
32053927
33705159
33321806
35706293
32620429
36623214
41541683
32559704
31484346
31849234
32611215
35602340
35850579
33344696
33872154
32741863
36670956
34865251
34891584
34109127
34572429
36512074
34706187
35210915
37144408
32310992
35738596
32683663
33753143
34002116
32612086
33335806
31543498
34436754
32599074
32909110
31147724
30884105
31638050
35161904
33362489
33683925
33905235
36101829
35565016
35551596
36883159
33768430
36295719
35363488
36251467
35653713
35760339
35935605
34097413
35207197
33196264
36796809
34870375
36585068
36328888
40404731
34416894
32806369
33325740
34635861
33102497
34459337
36242046
35055388
34735243
34817175
33583093
31067394
32263447
36335191
32848099
37931815
32001753
31460453
30889310
33974340
37141673
32158200
31401087
31270471
33364524
33199446
36255673
37185344
41527641
32739346
32745769
32969458
35117032
33444421
31932132
33318608
36147979
36175309
33869152
34278331
34825085
33433546
36298451
34002668
36301618
32848989
34844168
35565039
36138190
34061694
33478469
35704904
34962842
33645865
34950614
37818312
32380562
35532110
36185275
33663890
36013200
32873555
31903335
34260094
32903037
32992505
35568307
32841033
34271603
32838605
35486100
42784372
33531803
31099317
34818790
36789413
31902617
32578047
34794402
36454468
35721953
36176351
39075497
34789229
35767030
33249050
35154628
33258030
34497699
31784043
32799518
35055066
35205932
35768683
32960080
33050816
34969955
37639408
31785368
36369119
33619984
34073759
32341807
34477599
33139639
32397485
33070268
34495496
33107295
36001853
35773843
35915535
37941832
36775306
32896634
32447563
33452091
34293224
32714621
34056831
33029419
32753752
33680036
34873061
32504962
32936272
35344097
33649781
33944255
33370251
34499357
32341317
33060064
34720658
33540881
32669920
55080244
31513932
34058554
34106219
35714094
35317953
32091048
36413865
33521748
34264703
33006685
35740092
35838457
31925329
35290292
32906490
33799557
32711924
31832639
34343398
31587443
32589619
33262123
33087068
35215846
32817765
32124316
35232325
33926628
34085195
35188766
33394129
36520988
36282476
31558362
35656938
33404280
34833183
35382308
32091412
33120340
31712287
31900690
35393616
32765099
31458265
33682033
32600841
32243669
32054368
33725256
34535162
33481228
31769402
32295685
35806113
35801066
34718799
35489476
32565035
35175530
32613098
35481117
35228971
32913347
32298720
35716291
33862766
32456086
32319820
33927648
36703243
32418147
33936455
34212288
31707252
39365975
33982227
34142706
33970710
35706984
33266435
33750179
32966420
33203058
32878455
34320738
32637477
33578677
36402340
35536510
40302326
34213313
34679616
35563391
34656917
37440677
36649478
37846047
35701699
34166544
35669026
37780518
38725702
37214324
38288701
38959438
35015037
37361037
35966353
36187161
45742970
37091801
35636573
38436182
36375371
36800827
36986775
35121166
37118102
35511588
34154261
35430978
35159529
33284574
33942884
31281193
30909816
32383872
30919787
31902733
37710575
31381520
33493894
30831209
31445347
33572620
31037442
33998518
34187949
36686530
32458126
32704793
32215432
32094810
36738730
31896349
37444798
36324705
36201588
35265649
35592267
35825530
37706913
34495600
35618476
34792142
35214779
32996633
32108536
34126032
34680851
40085559
32387940
35280879
33724848
36484220
33176485
33348236
35244976
34366670
45805025
34145034
34843465
32597205
35380550
31830222
33631733
34957646
33545862
36802545
34678830
33666109
36720058
37199584
35997863
38663247
32904721
36247145
34835970
36577430
37218773
35567975
34994596
35727877
35645805
36809579
34102766
40654510
35895566
35245653
31822508
33448064
34735594
36770144
35798903
38127572
45534964
33959204
35081333
35829566
35020736
36822014
34071434
35093880
34409071
36393693
34754519
37757584
39717949
40756505
34438603
37738411
34074873
34445702
35295173
33827875
38066657
34201163
34603247
33836721
36193864
33929123
33016846
38105649
36786955
37219185
36009972
33635038
34598884
38296327
36413457
34970658
36264422
37454388
36547128
34863081
35530739
33094126
35479892
33535823
36734768
35390631
34642944
37223652
36928905
32573293
34144768
39729124
35125146
33130314
35018208
34736873
37543943
33500352
37481360
35537192
37366840
47498388
34195901
35888151
43770011
35778641
38877981
39406302
35010583
34257291
32754999
35025551
34339614
35338032
36907319
35744118
34177563
35062769
36012143
35889467
34375882
35156526
33862430
34614726
35001097
34407382
36174473
34988275
33974714
35854485
34997079
33187150
34741349
35647516
34442119
34069100
36087216
37169651
37296003
36301858
38796584
37755471
36510327
35459042
38133255
40790480
35898844
38812085
35318244
35818288
37329568
35238182
34299460
32292152
33881134
34909988
35324175
34283457
33728432
37717189
34243158
32123331
33573186
33311809
36166033
34821473
34142080
33134676
34691450
33721415
34801536
35175846
38370335
38510528
35324799
33925791
35864146
33363415
35967068
36582705
36746763
37301735
38995898
34176772
35576725
37485208
38640516
39529236
35960253
33823120
35859807
36596925
33822262
33770465
35792734
34438392
35707551
34664472
35527856
34133960
36247555
33035074
34736656
33043504
33659157
33634279
34097432
35218799
33148132
33410665
31192468
33665647
33439134
34546643
35582343
38195777
35491091
34938909
35471554
34261864
34783582
34032631
35555794
32850312
37024147
34692261
34877182
33671285
36945951
35112407
36317259
35743626
36249200
35835871
34378557
34788009
38651169
34076817
36202201
32173842
33074269
34339693
34589081
36916535
35495328
34238084
37975210
37401851
33593139
36886836
36600501
38947957
36714990
36163172
36995607
36443653
35319887
35172237
34349376
35754073
35356878
34397545
36465642
34455470
36566049
35573318
35620101
37492166
31187573
32927789
33411375
32660650
35121060
35188080
33950951
34232454
35130532
34477387
32616238
33864052
36688422
31517968
34328993
32733740
31532903
35946491
32723971
34901509
34933403
34700252
34154925
41920218
34671898
32111647
31699009
32992893
31191988
33134284
31286022
31492474
31566263
35459698
37569054
33595989
38878046
32517841
36309543
33651116
34469581
33111650
36301612
33179207
33304637
33860985
35842354
34496097
34702931
33485976
35006707
32897876
34609201
32976288
32674099
32347110
34920745
33265726
34819123
32716393
33100523
32625690
33627752
32810753
31571607
35178983
32905155
36626543
34027697
37850422
33372016
32118218
32620226
33005893
33508383
33712209
34838781
33690457
32406699
34303478
34513142
36257798
32212298
32789802
46559496
36100328
31930807
31744337
33678639
32962054
33154985
33144743
32634459
33166912
32605905
45606640
31041548
32068045
34221632
33548848
33660213
32867193
34963348
33181952
33784047
32044681
33112881
33855225
36834198
32095576
32909825
33299943
32261757
32708883
44665100
31749674
31860520
33899477
36942614
34002613
31336441
36056811
32647865
35352724
33143789
33273059
37120423
33716586
34117897
40863607
35151257
30907997
30916793
34234980
32772021
31671774
37358433
33539480
31170935
31052040
32390620
33925069
34511787
32564645
34251878
36662119
33362922
34758270
34553236
33375150
31177262
33106494
35393518
32769995
33582029
33077382
35036409
32630088
31078773
45328918
30931361
32156077
31876544
35079182
33831377
33518760
33099993
33065356
33119210
33269694
30885201
34853238
33283974
35479649
32773602
32587659
33919105
33785830
33457064
31467875
31362567
33836762
34234805
33143573
30927991
46457535
31039135
33504196
33055927
33540150
34278459
33465474
33461559
33112637
31212883
33963036
31276206
35091978
35268744
34075803
36007255
32835020
31440360
31506144
36539687
35277878
31901902
47936682
31178933
31711778
32400126
33279080
31036373
32425226
37583256
32833466
34653641
30940916
33802072
34866173
34193433
32566233
34886786
43683403
30910539
32275374
33569124
32786115
33377006
33071000
31618525
32672488
32386218
34076348
34945167
32983370
31273625
31233354
33632347
33690337
31868003
32707275
33551351
35326409
36817617
33511067
33690473
33661339
33493905
35691191
33339054
31343308
37498214
32297919
32369524
36811809
30854811
32199485
33034060
31345180
33418074
36719555
34171111
32626060
36084810
34331740
30957999
32394145
32686834
33199518
32175890
31201026
31855316
34489963
36825413
32330011
33424739
36010340
32061144
35247514
33559431
33350311
34989155
33803207
32421337
31886339
32141281
36880720
33277681
34159594
33893470
33029905
34666836
