6323
6335
6333
6375
6293
6347
6326
6327
6394
6287
6305
6372
6756
6716
6384
6303
6298
6342
6324
6308
6304
6322
6355
6291
6331
6339
6347
6326
6353
6332
6349
6341
6329
6297
6392
6721
6343
6294
6592
6362
6282
6399
6316
6318
6328
6357
6350
6336
6295
6384
6306
6312
6353
6319
6548
6521
6748
6397
6301
6433
6489
6343
6400
6406
6407
6339
6551
6321
6518
6317
6851
6393
6308
6466
6303
6382
6487
6814
6588
6371
6458
6306
6327
6304
6301
6476
6306
6341
6364
6314
6452
6342
6324
6320
6333
6335
6308
6362
6360
6336
6319
6335
6336
6319
6343
6296
6491
6341
6356
6313
6322
8623
6316
6310
6318
6348
6332
6744
6374
6771
6313
6302
6368
6311
6310
6301
6332
6323
6317
6298
6296
6292
6389
6310
6402
6432
6400
6357
6380
6362
6382
6416
6576
6294
6292
6348
6393
6264
6369
6256
6338
6257
6294
6283
6240
6315
6335
6390
6569
6311
6341
6244
6346
6290
6482
6249
6256
6381
6317
6534
6305
6267
6286
6314
6557
6299
6333
6348
6263
6313
6278
6293
6243
6330
6477
6361
6291
6353
6536
6365
6287
6326
6580
6257
6324
6231
6301
6257
6500
6333
6273
6340
6250
6342
6265
6239
6314
6286
6314
6302
6558
6307
6255
6280
6386
6300
6241
6305
6350
6678
6360
6549
6330
6247
6273
6260
6465
6540
6306
6360
6353
6300
6266
6284
6290
6344
6262
6289
6245
6392
6691
6470
6304
6278
6338
6267
6348
6558
6453
6276
6231
6268
8264
6286
6255
6467
6256
6271
6225
6235
6258
6542
6295
6253
6344
6206
6244
6251
6218
6229
6276
6243
6407
6281
6462
6242
6260
6221
6230
6235
