440385
623767
601208
598965
606957
601717
600001
608928
607638
603442
601086
607941
604157
602028
607813
486834
432562
430978
430081
431322
429313
431120
429701
428762
430345
431775
428915
435784
613334
616308
613829
619513
616236
616100
617346
498613
432210
432289
430922
431770
428902
431350
430889
429746
432284
429733
430322
431933
431206
429459
431196
430367
429382
429939
429863
433525
431126
431202
461468
429402
431939
431535
430682
431004
431730
431785
431462
430564
431214
429337
429872
431447
429997
430698
430440
430609
431096
430409
429624
432138
429991
459639
436599
430150
431437
432191
432857
430178
429646
430070
431183
429481
429451
430849
432002
432023
430704
431786
432949
430660
429900
431252
431354
431730
458693
434735
430643
429599
430432
430166
429695
430841
429684
430889
432201
431417
431117
429416
431147
431514
430271
431739
432005
428360
431153
429674
430475
454593
438425
430027
430789
430975
429652
430288
430952
430788
432734
432597
433719
431204
432076
429896
430997
430555
431372
432101
429784
432371
429973
431314
485315
434885
431378
431631
429845
430587
430909
432228
429560
431080
430497
432914
430806
430361
433950
430040
431382
431367
432581
430462
431265
430442
431129
455831
434066
428543
428661
428454
428606
428350
428506
428496
428648
428545
428797
428537
428523
428466
428570
428456
428478
428421
428528
428287
428389
428425
450357
435715
839769
839897
841157
839764
837951
838758
838947
841782
838273
838668
813583
456515
429693
430757
430678
430436
431450
430369
429776
431634
430381
430893
432149
430085
428752
431913
431019
430391
429492
431181
431728
429012
432804
434230
457649
430228
430523
431858
430905
429826
430296
433396
432886
434212
430711
431080
431684
431317
430507
432486
432292
430619
432622
431414
430276
432072
444827
457349
431021
430577
431415
430300
430639
431285
429738
430632
429600
430239
429289
430606
429965
431370
431608
430208
432689
431003
430599
430827
430568
436313
460001
430387
430330
432238
432273
429895
430901
430178
431768
431340
429949
430340
431457
430162
430505
431759
431100
430349
431180
430739
431693
431856
437224
451508
428545
428371
428338
428354
428571
428594
428537
428569
428368
428571
428468
428604
428497
428378
428419
428555
428403
428595
428245
428490
428423
435268
452912
428401
428476
428541
428419
428703
428391
428480
428395
428616
428608
428513
428455
428511
428633
428651
428242
428273
428535
428482
428565
428293
430443
456009
428402
428541
428526
428629
428411
428490
428411
428319
428268
428401
428459
428352
428355
428241
428507
428238
428423
428271
428389
428459
428502
433499
456176
428486
428317
428452
428374
428310
428433
428369
428545
428206
428334
428096
428336
428504
428347
428268
428132
428279
428333
428487
428295
428261
431422
459688
431452
430879
432618
431382
431812
431992
432583
431915
430304
433124
433300
430568
430529
432998
430126
430632
431446
431143
430094
432573
430066
436643
455047
429870
433424
430741
430680
429504
431711
432969
431584
431019
432784
433266
432319
434734
435930
433568
431773
431900
430984
432457
432545
430131
441761
447198
428316
428482
428681
428226
428539
428547
428377
428206
428525
428366
428316
428265
428324
428328
428226
428260
428240
428247
428291
428397
428096
439675
450153
430144
433902
430269
431387
429977
433991
431653
431854
432811
430698
431426
431379
432693
431411
431893
431535
431998
432620
431870
429847
429962
449154
443537
431071
432219
432380
430188
431350
431237
429983
431598
431214
433578
430107
432169
431714
430428
429319
430960
432512
431509
434769
431555
431173
454608
436966
428405
428307
428348
428249
428318
428236
428282
428493
428385
428496
428253
428467
428348
428499
428612
428514
428450
428411
428578
428529
428495
454490
437100
431969
431125
432474
430468
431823
428539
433440
430525
430705
432085
433816
431385
432372
430674
434531
433772
430052
429481
430964
430674
436055
457680
432488
431676
432841
431135
432610
434249
431513
432384
430854
431938
431734
430265
431911
431194
431730
431600
432497
432197
432006
433657
430741
440529
449631
430613
432902
430704
431893
429953
432021
429128
432105
431726
431665
429622
431972
429237
431074
429289
430983
430145
430020
431327
430988
431697
432354
431064
429975
431651
430379
431312
431153
429701
429812
429465
430881
430680
430956
430859
429503
429386
431643
431131
429211
432549
430566
431893
430760
434712
430022
431133
429499
431876
430038
430542
432337
430824
431250
430342
432930
430441
433158
431992
429479
429374
431303
431356
429323
428880
431092
430771
438396
432169
430097
430828
428970
429768
431960
430605
430022
432482
431389
430472
431465
430306
428888
430316
431038
429233
430294
431732
430036
429552
430382
435445
431506
431852
429484
430640
430265
430052
430639
429656
431305
429839
429864
429019
430824
431001
430926
430516
428450
431598
432958
428740
430322
438116
431115
430293
432179
431244
431389
428842
431058
431078
430467
432510
430466
432120
429307
429392
431724
430581
433410
431584
430922
429985
431686
432266
432526
430432
430846
430278
430854
429931
431422
428953
432754
429662
431114
430997
430028
430606
430444
430659
431547
431623
430864
429774
432189
430789
430119
432223
432837
432815
430979
430516
429339
429510
428988
430971
429339
434031
429284
433473
432344
430760
429728
429941
431284
430113
430007
430954
432151
430254
436865
429195
429459
432045
428579
429085
430302
429721
430619
430042
430550
430147
429869
429088
432185
429559
430182
429965
433113
430279
432752
431141
430789
433965
430362
431746
429325
429945
431466
430956
430036
429595
431640
432859
429205
428848
429140
429512
431219
430764
431850
429739
431584
430889
429593
433761
431437
430414
430389
431068
430531
428721
432042
432593
430625
429478
431452
431809
429435
430042
430493
429427
428408
429808
431273
430178
431432
431909
471756
601212
603230
605789
602563
609158
602775
601620
600444
599239
604384
603529
599975
608189
600367
607248
607372
615432
592236
602337
606359
596547
603063
603533
601404
605790
605007
606244
600293
599944
606013
598431
599838
518010
429677
430939
430334
430945
430042
432362
429737
428711
431057
430671
430091
430954
430440
429855
431958
431090
431998
429435
433280
429736
430133
430969
586048
598961
602086
607645
605122
603277
602111
598325
606706
607150
599136
598579
605306
600370
604938
598997
524211
430726
430860
430841
429908
431300
430759
430406
430944
429809
430735
431648
429788
430928
429593
431135
430844
429737
433959
431899
430367
429422
433127
430918
431525
430655
429027
432473
430484
432165
429784
431307
430275
430422
431470
432306
430648
431850
431141
430649
430777
430040
430381
433992
430361
454805
601376
604589
605308
601663
613227
598847
603229
598388
608370
605522
603117
605850
608540
603854
608203
602363
452612
430463
429812
431173
431714
431939
429377
430919
430578
430850
430298
430501
429518
430126
431076
430405
429597
430586
431261
431994
429325
429311
431590
432234
432896
430063
430899
430463
430877
432451
431330
430952
432095
429420
430318
430583
430696
430105
431702
431724
428913
430526
431285
429839
429819
504398
606769
606897
601774
608782
607212
601734
603822
599530
603738
603724
600120
604872
597377
600123
598457
580820
430405
429492
429361
430335
429723
429323
431732
432187
429343
430144
429126
432521
429805
430522
433004
430403
429964
430457
432776
430795
429660
429934
433621
429863
432770
431065
430410
432213
430398
432534
429368
430654
431600
431145
432122
430220
430304
431059
429567
429424
429467
430877
431254
429288
430434
433976
429067
430262
431050
430993
430643
430753
431493
429329
430358
430985
432030
431978
429987
430083
432291
430812
429412
430259
431523
429033
430972
433081
429469
430430
432612
432129
430932
432090
431356
430743
430529
431716
431923
430846
430499
432370
431092
431671
429989
431919
430731
431692
431984
431962
432717
428331
429508
431634
429758
430180
430422
429284
428969
429912
430755
430174
431095
430540
429575
429518
432648
431169
432165
429489
430365
431234
431500
429465
430430
430351
431240
434482
430968
430058
430528
428334
429721
430702
429979
430465
429961
430339
429745
430219
430103
430497
430367
432318
430383
433412
429695
430455
429301
431161
429378
430042
429128
429759
430430
430428
429837
431072
430160
432693
431482
430457
432213
430627
430412
431456
429815
428462
433970
432141
432064
430034
431809
431456
429912
430895
430767
431893
433845
432329
429380
430138
431273
429770
430663
429199
430635
430908
431623
431201
434027
429607
430778
429676
430966
429301
430566
431103
430911
431577
430495
430964
429165
432026
431843
430903
430587
429447
430782
431328
431303
431762
430859
434001
430838
430864
432498
429969
431810
429600
432012
431297
431246
432354
430609
432146
430609
431121
429041
431785
430126
431531
428990
433987
430257
434718
452231
448642
447444
446497
429650
432020
441592
453728
442406
450236
434379
431025
430982
1037838
429831
430653
431843
430253
429792
432789
436837
451756
430001
429815
431011
431831
429581
430944
430440
430003
433219
430188
431049
432991
430753
432104
429420
431348
431192
430168
428701
430105
431056
454474
429321
430341
431291
429509
431513
429606
429121
431291
432476
430473
430481
430253
432098
431504
430150
429463
429728
430867
431501
431204
430686
438339
446601
428740
428759
428535
428488
428527
428455
428539
717586
610480
433459
430529
432943
430552
432617
431226
429920
431710
432447
430068
431405
454391
429022
429055
428924
428803
428764
435938
428793
428738
428805
428858
428779
428783
428815
428795
428848
428850
428844
429057
428891
428740
428884
437491
446353
429014
428865
428718
428760
428850
428864
428634
428837
428878
429012
428868
428853
428884
428679
428782
428722
428685
428884
428826
429000
428797
451693
428847
428652
428864
429177
429225
428763
428929
428728
428686
428952
428896
428738
428768
429061
428744
428900
428830
428868
428908
428896
428728
435827
450872
439926
431323
430040
430432
430621
432299
431472
430378
429128
430571
430735
430767
429993
431909
431508
431275
431161
431068
431070
431325
431145
456666
428443
428405
428484
428346
428531
428563
428453
428448
428553
428453
428441
428393
428214
428299
428392
428350
428295
428567
428265
428618
428378
430645
428635
428360
428378
428635
428429
428429
428376
428545
428265
428703
428362
428364
428643
428502
428467
428332
428322
428576
428450
428401
428423
428497
436196
430785
431393
429591
430956
430409
432906
432992
430572
430525
431654
429414
431336
429886
429833
430651
430264
431848
430426
431643
431565
430763
432979
431661
430253
432036
430265
429583
431011
431322
430468
431188
431787
432083
428681
431539
430270
429888
430873
429979
431092
430796
432143
430201
433930
436232
432707
430127
430511
430736
431466
429195
430997
430619
430613
433323
429806
431582
429910
429971
434846
431753
429826
432697
431095
429701
431409
433219
428435
428442
428634
428614
428475
428409
428602
428551
428456
428535
428472
428498
428651
428472
428535
428657
428403
428506
428521
428453
428367
428455
430976
429230
428502
428612
428431
428599
428529
428431
428522
428582
428356
428506
428515
428350
428423
428514
428584
428511
428514
428543
428541
428443
432626
430838
432543
430314
430761
431474
430310
429632
430112
431378
431359
431460
432418
431124
653042
440048
432173
429388
431064
432660
430653
431421
433501
428345
428458
428279
428322
428299
428316
428232
428439
428499
428234
428181
428453
428300
428372
428555
428322
428173
428275
428218
428346
428309
428528
431545
429795
429493
432262
430012
429835
429622
431232
430774
431281
430058
430578
429132
429991
432435
430176
430843
431322
430273
429598
431238
430824
434785
428441
429835
452294
429971
429975
429975
429804
429843
429895
429829
429917
430162
429818
429859
430115
430024
429808
429903
430048
429904
430030
432499
428829
428234
428327
428463
428346
428386
428460
428482
428274
428301
428503
428346
428308
428326
428369
428395
428311
428182
428398
428517
428261
428325
463530
430824
430471
431301
430465
430525
432354
431304
431026
430024
430444
432738
430774
433539
429449
431409
431163
430432
428959
431415
431584
430641
434389
430867
431029
431259
430091
430202
429744
429370
429605
432311
429366
429764
433126
430673
431868
431226
430619
430653
432669
429967
429829
429569
431087
428257
428732
428293
428399
428482
428399
428267
428524
428239
428411
428917
428584
428512
428289
428602
428362
428367
432092
432364
429729
433903
429895
432634
430574
432822
430741
431528
430835
432237
431007
430353
430331
430420
430904
430936
431834
431394
430690
430253
429648
430038
431872
432275
430359
442230
442643
432328
430201
433225
431169
430664
429979
430138
431608
429237
429765
431273
429138
432082
430560
430657
430651
432102
432716
431354
430673
435835
431476
431915
431945
430192
430808
431206
430475
429985
431775
430281
431940
429688
429457
429300
431039
430141
432435
429628
430489
431277
430725
430203
433684
430737
429392
430572
430615
429759
432195
430917
430491
431344
430027
429634
432021
430583
430848
430239
429853
430361
432118
429597
431092
432380
434084
430292
431003
430225
431042
432026
430688
430107
431381
429742
431047
432106
430272
431047
431041
429514
430599
431090
431675
430363
434828
430800
433973
429861
431336
428618
431612
430962
430263
431866
431514
430241
433347
431043
428445
430507
431625
434925
432221
432429
431023
430320
430560
432607
436597
432329
431186
431399
430960
430572
431905
429999
430870
430290
432522
432546
431824
431392
431035
430468
429134
429644
429116
430425
430077
429630
430663
435067
432787
432719
430859
430920
432165
431250
432713
432213
431257
433202
431671
431691
431107
432372
433004
430743
433008
430221
433774
431441
432131
435226
431041
431226
430157
429958
431121
432852
431246
431179
433191
432404
431856
430944
430114
431293
430608
430712
430989
431816
430154
430905
430176
446205
430909
430763
432372
429877
430474
430991
431582
430857
431576
433966
429532
432810
430014
431547
430199
432380
430582
432267
430323
430473
432020
436582
434714
430895
431111
430556
432567
430241
429433
430721
430038
432845
431242
429825
430028
433493
432051
430729
432841
431525
431323
429890
430968
433680
430720
430725
430254
430867
432132
430769
431175
429374
430026
431750
429776
429872
430540
431744
431583
433420
636736
430651
431421
430306
432067
437133
431665
432657
429339
433558
431590
429997
433304
432291
430113
429057
429807
430314
430294
429633
432524
430590
432794
431344
429981
431362
431290
435062
431417
430723
432213
429311
429877
429585
431569
432431
430422
430983
432040
430424
431539
430757
433270
432841
429834
431781
430143
429388
430422
430425
434403
430225
428789
430077
429354
430426
431020
431643
429514
431852
430476
431519
429234
432644
434137
431072
430704
429240
431470
430680
432768
429910
763996
840277
839383
839676
842339
840430
839020
839403
840683
839264
839743
772901
429681
429821
430871
430558
432224
431722
429762
430816
430475
429205
429628
432784
433713
431007
430155
431054
431072
430304
429629
431336
430648
430944
633825
607217
602926
602483
604268
605508
604494
603064
604169
609412
606917
597807
599538
603942
606166
591661
429904
429494
429634
430962
429583
430664
429471
430483
431830
431772
429122
430670
432299
432799
430145
431500
430042
429975
430551
431253
431407
431854
432508
428539
428553
428514
428618
428691
428334
428470
428509
428370
428639
428465
428638
428527
428431
428263
428360
428311
428409
428273
428415
428473
435429
431325
431307
429587
431778
429963
430767
432189
430115
430763
429754
432419
432353
430863
431621
431041
431537
430396
430349
431419
431947
431960
434092
428856
428687
428730
428917
429025
428953
428723
428962
428815
428844
428788
428990
428951
428866
428909
428720
428989
428972
429033
428967
428944
432149
430564
430837
431558
434563
431021
431643
431389
431318
431801
430443
431911
430511
431084
432577
431391
432041
430060
433883
431393
430912
431418
432971
428893
428974
428720
428830
428864
429077
429085
429031
428703
428891
428778
428848
428813
428937
429130
428926
428955
428864
429047
428973
428805
433966
432683
430832
432843
432698
429705
431167
432711
430830
432951
430938
430333
430150
430818
431875
433329
430904
431736
432276
429254
429242
431980
435527
454854
452101
450534
430654
432197
430811
430700
432130
431812
430796
432526
431750
433871
431460
433317
430631
430323
431300
431356
430619
430428
493274
838756
843948
843097
845077
844358
843389
842833
845799
844569
843816
841868
845735
529504
529009
529807
529460
529352
529603
529177
529517
605802
604063
602645
603765
597541
599481
606763
602312
447277
430223
430379
430166
430465
430883
431821
430995
430613
430192
429979
430739
429579
430314
432189
430997
428927
431631
429723
432088
430747
428748
433940
429652
431167
432858
430458
429424
431425
430587
432610
431270
430658
432644
430444
430826
432027
431031
432914
430341
429987
430794
430592
431289
433802
431732
429906
432323
432904
432344
433375
431021
431249
430399
431622
431777
430708
429819
433898
431440
430548
429754
430690
432642
433918
430944
432985
431185
432601
432327
430930
433916
431605
431198
433588
432750
431627
430206
432581
431366
429002
434639
434622
433059
430814
433000
431787
432106
435043
433991
429782
431446
431482
429175
431523
432738
432735
431371
430144
431188
432606
431976
433950
429988
432139
432264
433048
431559
433294
430497
433607
432815
430509
431946
431864
431432
432805
431960
430800
431193
430361
431242
429748
431740
431586
431726
432012
431474
429727
430403
430391
432465
431799
428559
433956
430950
431691
430481
432026
431511
432376
432278
433659
432648
429672
431222
431713
432092
431429
432555
431957
431496
430059
432697
617528
604488
610964
612962
615316
613576
614449
609944
612627
615615
607819
608375
613493
614985
611968
581345
430904
431034
430777
429853
431255
432523
431795
431106
430530
431894
432209
432165
431562
432770
432179
429575
431637
431038
431425
432920
429333
435868
429944
430501
431168
434166
429453
432823
431206
431986
432182
433921
431171
428578
434811
432638
431100
431604
434255
434405
433162
430371
430404
434187
432260
431203
429713
432782
432460
431809
433087
432386
431801
432657
429522
430045
431588
431207
433528
430870
430103
431054
432915
429770
432378
436278
428579
428671
428683
428606
431379
430339
434349
430121
431397
434088
431100
431720
432003
435705
432223
431524
432250
434584
433380
431761
430424
442415
432628
432648
432602
432254
431941
432481
433667
430127
429473
431114
432971
434860
432268
433665
431608
431253
434826
431340
433089
432246
439784
459757
428535
439918
431365
432469
431145
431193
432638
430430
431864
430127
431480
432688
430920
432101
430267
432355
430235
431935
431068
431951
432731
461600
430174
431047
429073
429449
429790
431540
433351
430997
431801
431702
428480
432228
429411
433001
432112
430152
430312
429826
431438
430625
435029
452956
430836
429582
432059
429626
432396
430745
431054
430482
429914
431319
430235
432562
430026
430749
429908
430489
431283
429796
430489
430533
439601
467652
430095
430844
429379
432410
431478
431251
431686
430239
433724
431139
432073
428458
430658
429234
431243
432006
431312
430761
429873
431348
432626
432236
433365
428901
431245
432413
431409
430879
430132
431541
431257
429894
431832
430383
431113
430006
431543
430418
432431
432674
430017
431633
433670
433905
429694
430905
428977
431527
429894
429968
432726
431063
430089
431689
430814
435823
431685
430639
429623
429587
431176
431643
432315
432565
433214
428632
428677
428647
428523
428730
428496
428537
428233
428405
428401
428671
428294
428525
428287
428446
428508
428598
428499
428516
428426
430649
434265
431728
433310
432806
433355
431734
431330
432213
431704
430645
431795
432990
431401
433375
431722
432043
432973
433103
431827
431033
429924
430842
438059
431616
431340
430741
432774
432747
430335
431620
432799
429862
430840
432620
431835
434458
429833
431277
430213
432317
429323
432734
433909
432904
456487
437182
431521
429896
432244
430399
429778
432638
431880
432432
433802
430392
431393
430054
432510
432910
432429
431017
430822
431665
432313
434040
431060
431722
433436
430580
430411
429979
430976
431228
429104
430984
434411
430471
431516
432291
432535
431054
432750
432228
431139
430643
432197
432971
431021
431104
431064
433586
432619
433170
432153
432536
431117
430633
434259
431015
430298
430320
432575
430298
432434
429457
430875
431597
431265
551058
604611
606578
604710
607199
607919
601565
604624
609651
602590
605359
604157
603883
597130
604721
603773
445498
431105
433056
431166
428937
430044
430820
429853
430146
430914
429522
429418
433158
430142
433028
430377
431846
433830
430800
431248
431793
434190
431565
432134
430422
429890
429569
431510
430836
431864
430720
429484
429508
430645
431550
430217
430145
430648
431510
430086
431527
430052
428655
434804
430154
430564
430904
431464
430396
431275
429260
432587
430952
429640
429702
431630
432167
434340
431667
432337
429154
429642
430274
430710
431117
434139
432081
430797
428531
431706
429685
430644
431362
430002
429685
429392
430615
431560
432782
433247
430657
431730
429316
433932
430991
429733
432285
433666
430453
430117
431694
430333
430432
432742
430676
432541
430060
430504
430963
432843
432076
430596
432778
429515
429944
429991
432433
430776
435527
429227
429179
428606
431230
431766
430196
430078
432663
430249
430548
431381
431748
430633
429941
429963
430251
430971
431030
430515
430247
432183
433808
429970
430257
431068
431066
431334
430209
431490
431088
431031
431147
429642
429944
433394
429615
430934
428667
431462
432204
429999
432581
432493
432863
428381
428275
428350
428496
430066
430682
430810
431360
430160
430103
431382
431285
431227
432871
430753
431192
430729
429244
432132
433753
433446
439517
430351
433767
432021
434064
431511
431124
430328
431947
431131
430887
433237
432471
430680
431972
431523
430572
431025
431368
430072
432409
436071
430586
430828
430722
430142
430375
430918
433438
430948
430546
430339
431683
429950
432085
431198
430367
430753
431303
430483
430905
431955
429418
443306
444876
429532
429199
429993
431616
431161
429979
430956
429936
431011
432053
433144
431842
430436
431133
430912
430361
431234
430241
430149
429506
434336
431563
431196
431301
429071
430781
433046
434732
429386
430659
432726
430595
430172
429650
431876
432902
430623
431923
432372
432463
431842
434819
432092
429977
433940
433130
431421
431980
431237
430975
431461
430724
430846
431612
432784
430753
430365
429904
433032
430355
433993
430229
431745
432978
432841
431551
431324
433032
431504
430499
433623
431805
431255
432207
431235
430619
430897
429743
431560
433724
431868
430255
432177
430781
431541
467858
434143
429346
428988
432092
433812
432229
430148
432790
431058
432209
430552
431770
431319
432242
431354
430640
433993
433320
431552
431476
435965
431799
429589
429615
432079
430911
431373
430610
429739
429394
430329
431692
428722
429804
429902
429181
431675
430647
429437
430280
430735
429608
432845
428311
428329
428476
428443
428323
428482
428326
428415
428295
428341
428448
428701
428462
428371
428429
428318
428324
428375
428447
428364
428476
430621
428463
428397
428405
428383
429839
431419
431608
431464
430655
429152
428872
430436
429711
432632
431283
429668
430349
430344
428358
428915
441450
917188
602292
600862
603968
602257
600511
599097
604319
600190
603062
606886
595983
603208
602032
610693
489547
431242
431827
430822
431309
571090
430511
430239
430125
429943
430342
430400
431202
430340
429920
429955
431655
431476
431111
431453
431960
433046
428265
838385
430733
431324
432731
429266
432809
431273
429556
429500
430400
432861
431162
431202
429583
432297
430512
432083
432451
431482
436763
431360
429924
428945
429351
431191
429898
429335
430260
431507
432049
430002
429865
431742
429374
429203
430197
429462
431750
431029
431858
435035
430018
431277
432356
429699
429142
431114
430765
430815
430961
432212
431480
430513
429028
431545
431791
428704
431443
431907
432881
429949
429782
436372
430436
430257
430747
432729
432610
430203
433317
430352
431867
430390
429600
430168
430406
430769
434118
430408
430158
430983
430074
432818
431722
436506
430134
431515
429300
430838
430548
431289
429470
430026
429570
430129
430891
431025
430095
429492
430396
430840
430186
432083
431648
431667
433166
429195
430714
433026
431929
430584
430759
434993
432138
432369
430263
429607
432748
432795
429679
430625
432177
431523
432104
432371
432077
429335
437418
430639
431468
429408
430420
429372
430858
433643
430371
430105
432501
431267
432849
432037
430172
432085
432854
433573
431980
431259
433107
432835
428499
428433
428435
428354
428301
428074
428319
428301
428313
428425
428346
428302
428344
428316
428466
428330
428389
428441
428317
428561
428551
500571
610953
611696
614815
614167
605731
431078
432812
429948
429983
429999
431174
433477
429760
431324
430038
431899
431503
428545
431867
428591
428675
428608
428695
428592
429825
433214
614797
616129
615461
611916
610092
611262
607455
617983
616408
609019
546313
430907
430599
430012
429585
431907
429665
431413
429833
431677
431263
430121
431039
432380
431445
432082
431959
431322
430840
430655
429512
436467
431220
430024
429593
432906
430765
430700
430424
431238
430860
431860
429411
429717
431248
433150
431015
433907
430705
430357
431508
430324
430220
462664
431080
432155
432439
431696
431166
429592
428855
431592
433172
430007
432061
428789
429841
431342
430771
429818
432067
429422
431086
431428
453765
458038
430783
450444
510632
544259
483855
824358
492044
531759
507795
507242
445557
429394
431275
432719
429867
431068
432728
442270
456986
433715
429343
430833
431883
432189
433345
431452
430243
429394
431770
430460
431570
429817
431514
430680
429852
432370
431707
430426
430889
454439
464033
462031
465319
430599
432141
430554
430907
431488
431832
431899
431533
430648
431750
431141
429847
429185
429863
431360
430597
431353
447413
443373
430830
430178
432256
432529
429585
431594
429709
429575
431417
431908
429890
429918
431358
432250
430668
430591
431047
429807
431350
434442
456068
432734
430424
431242
430639
431365
429151
429212
429335
429502
431435
430980
431941
429969
429569
429989
431303
431026
431117
429871
431346
435372
432487
431740
432833
429434
431577
429468
429331
431615
431131
431563
432577
432353
431789
431579
431568
432914
430975
430592
430574
433188
435396
428470
428312
428309
428358
428456
428283
428199
428413
428427
428567
428362
428431
428482
428385
428447
428639
428461
428409
428474
428555
428293
430692
428510
428463
428364
428491
428573
428486
428480
428316
428545
428266
428364
428610
428436
428400
431287
430678
432697
430172
430138
431718
437548
432918
430671
432122
431748
432297
431883
431145
431797
433142
430426
432128
431709
430722
431454
430468
430415
431327
433578
432565
432733
430730
435138
428568
428585
428470
428413
428638
428474
428508
428482
428650
428539
428536
428513
428811
428789
428818
428811
428803
530416
531038
530563
446038
429636
431484
431204
430981
431159
431511
430562
430911
430647
430288
432378
432754
429689
431604
430835
429935
429290
432552
430668
431714
446893
441309
431037
430300
430072
429668
431002
430928
431478
430256
431458
432586
430089
431687
430487
431448
429646
430305
429725
430215
429859
437211
431766
429353
429756
432096
429975
431285
433107
430176
429481
431273
431180
429697
433162
428494
428476
428468
428627
428465
428500
428551
428535
449903
436571
428610
428459
428543
428521
428440
428413
428604
428519
428487
428470
428514
428614
428517
428541
428545
428683
428530
428559
428638
431728
430724
431816
429952
431017
430663
430338
430388
430237
431131
430917
430984
430459
432309
432628
431781
430893
430231
430359
429358
429837
430413
879409
910274
914510
606531
606125
606169
602590
610135
604331
594835
602926
604167
596490
605966
501978
429918
430639
428980
430152
431474
430588
431415
432626
430302
431423
429886
430200
430597
431627
432475
431184
429628
430542
430609
430379
433694
432305
430682
432185
431162
432155
429077
430583
432979
434722
430426
429091
431720
431308
430022
429423
430286
430399
431094
429648
430995
430323
429497
433345
431244
432411
431072
430076
433579
429768
431651
430688
431478
434485
430737
430012
431216
429973
429599
430231
430261
429833
429295
433838
429780
430286
430038
431844
430411
431238
430849
430999
432347
431222
432070
431949
429995
430770
428791
431285
430174
430156
431210
429246
432589
430117
431405
430158
432329
430533
430986
434550
432810
430522
432101
433952
430189
431498
430263
429542
429908
429016
429733
430421
431035
432864
430560
431570
428505
429857
429803
430784
430651
431033
428543
428659
430619
430501
429465
429249
429124
430847
429502
430455
429217
432217
431277
432169
428708
440188
432275
432556
431015
431058
430639
431035
430757
431431
431785
431533
430404
430209
429175
430330
429648
431108
429857
429355
432938
431618
430826
430970
433393
429784
431360
430596
433395
431301
431192
434299
431119
429941
431545
431761
429895
430749
430721
430233
432495
432218
455124
431091
430930
430487
430545
430914
428815
429351
430709
430420
429696
431448
431791
428840
430739
431197
432263
432687
429658
429847
430079
619647
613255
616942
609619
614883
612767
614061
610847
608329
615893
605747
611079
610192
615243
608191
555479
436246
430424
431160
429464
430144
430852
431269
430877
429940
431672
430267
429175
429325
430091
429243
431445
431131
429814
433454
431641
443288
445167
430822
433365
432075
433367
430816
431470
431869
430263
431271
432627
430568
430514
431305
431263
433002
430363
431145
430308
431658
434700
435620
440020
438327
437314
435613
438451
439553
435238
434312
441319
434740
435041
436721
436185
437008
439686
438064
433055
436400
436969
440013
433326
433290
430162
430927
430467
428756
430180
430909
432501
431066
432540
431157
430615
431119
429575
429932
429251
429483
429733
430256
430151
433771
428545
428775
428835
428764
428677
428507
428378
428521
428665
428535
428545
428543
428718
428618
428310
428361
428624
428551
428563
428413
434550
430660
430391
430132
429512
432854
431811
429910
430532
431353
430816
428901
429975
431326
429364
432136
430923
430924
431421
432467
430442
434917
430256
430357
432110
430735
430936
431978
431414
431021
430461
430231
430599
429939
430154
430519
432900
432112
429719
432478
430944
431155
442739
610472
612253
610962
608337
609875
606038
608000
608110
609298
613050
617319
609725
609099
608331
615119
633425
604455
606427
600596
608158
602422
599676
609688
601010
609627
604659
601949
598776
598311
604981
578346
431259
429152
432688
430505
430666
430209
430997
431941
433133
430043
430769
431291
429086
431417
430635
429384
431224
429754
429939
430077
433715
838518
839036
839383
838585
838667
842160
839965
839107
838589
838433
839242
840468
428760
432108
430869
430409
431952
430196
430897
435215
430016
429575
430944
430355
430761
429719
429891
429534
429912
428415
431870
433566
428584
428433
428385
428397
428466
428370
428359
428488
428398
428456
428404
428549
428470
428466
428394
428565
428673
428614
428531
428679
428622
430861
428559
428791
431541
429579
430546
429701
431468
429449
430611
431949
430168
431476
431362
432944
433245
431921
429822
432363
431613
430168
433011
428466
428415
428265
428376
428344
428432
428364
428370
428473
428492
428529
428549
428438
428529
428371
428441
428399
428383
428411
428421
437489
456652
446409
431444
433925
447509
929089
443901
439965
443501
441960
438848
443393
450163
445455
448825
446189
445851
439956
446832
443838
431509
429926
430572
431828
431600
430418
431066
430284
431893
429321
430778
430749
431616
430426
431086
431756
430698
431285
429754
431063
435392
432503
429532
429965
429719
430745
429472
428461
429309
433965
431060
431415
431214
430244
430952
431563
431458
430936
429701
430231
429975
435854
669226
602322
431555
430363
432187
430954
430678
430192
431257
432205
431793
430422
430187
430460
431192
430088
429652
431395
428413
431616
428480
428520
428421
428375
428480
428501
428449
428468
428785
428567
428541
428628
428451
428539
428527
428510
428541
428466
428470
428968
428604
428498
428409
428518
428476
428549
428421
428555
428587
428385
428519
428245
428429
428525
428459
428523
428429
428462
428622
428635
428425
428474
430717
428659
428760
428435
428612
428465
428384
428577
428434
428504
428470
428398
428629
428470
428423
428354
428426
428203
428403
428285
428315
432126
431305
431095
431113
430686
430881
431480
429990
429558
430357
429788
430510
430895
430066
429650
431738
429867
431441
430856
431311
430881
432020
430199
431900
431520
430428
431975
429873
431348
430258
431219
429810
432949
429524
430727
433718
430895
431873
432260
429784
429421
431477
434669
430564
428606
431600
431342
430129
432926
430692
429617
432559
432979
430801
429435
430022
430501
429390
428892
431724
430735
429812
433871
433103
428400
428441
428419
428431
428354
428405
428588
428330
428425
428277
428297
428413
428281
428263
428319
428325
428423
428388
428281
428289
430826
431145
428890
429719
429689
430575
429160
430692
431830
429144
430416
429987
431163
429193
430144
431224
432116
431561
431495
432021
430812
430475
428710
428535
428537
428585
428519
428756
428654
428732
428677
428608
428646
428558
428740
428533
428734
428753
428793
428706
428569
428732
428539
433384
430227
429439
430093
432246
430177
429122
430284
431470
431606
428715
430101
431927
431057
430598
431617
430258
431003
431230
429617
431450
433619
430604
431474
432715
429756
431724
430428
433082
430204
431506
431267
430836
432012
430055
431052
430247
432325
431785
431706
430311
431464
433302
428455
428616
630961
438535
436168
434836
436751
435265
437358
435892
437060
439045
435104
438784
437686
437481
436693
440210
437657
438094
428344
428352
428273
428387
428459
428549
428484
428465
428474
428472
428586
428380
428361
428470
428258
428366
428305
428352
428307
428435
435045
456887
439853
448861
447440
449050
446794
446780
448015
446806
447822
443733
447289
443442
445494
441309
446123
443575
443063
441230
445049
437458
429897
430036
429831
429971
430029
429796
429818
429847
429741
429851
429924
429935
429733
429964
429756
429965
429789
429640
429607
429788
433510
434665
433989
438553
435116
435392
438782
437614
438736
437265
437759
441514
435063
438050
437901
435902
436416
436509
435250
436717
439843
431939
430072
430629
432469
431994
429365
432561
431797
429577
431631
433217
429589
431009
430231
430672
431084
430582
430191
431744
431992
432461
430111
431710
430733
430506
429932
430518
428854
429134
431222
430279
429496
430704
429394
431868
432286
430375
431299
430009
431354
429798
432411
428649
428339
428415
428342
428415
428325
428281
428341
428543
428329
428352
428370
428421
428466
428403
428713
428657
428636
428516
428529
428409
428646
603196
603488
607663
601059
605004
598926
604640
604851
602188
605270
607720
600697
602510
604386
562407
430578
432630
429657
430683
431316
430131
431026
430406
429713
429947
430896
430924
429565
432579
431625
429755
431373
430717
428960
430958
446207
439270
428421
428661
428531
428665
428392
428589
428604
428624
428680
428474
428615
428602
428397
428456
428486
428647
428462
428501
428608
433310
429565
431648
430270
430229
430717
429450
430340
430587
429826
429358
429589
428977
430768
430096
431606
430343
432699
431537
430392
430879
431608
429049
428746
428788
428522
428606
428533
428807
428557
428474
428702
428633
428760
428565
428600
428421
428501
428644
428697
428521
428429
431773
430907
429536
433256
433402
429091
431372
430747
429595
430860
430306
431978
434347
432914
431702
429926
429901
429973
430005
430911
430954
499683
603295
623715
623435
619848
620360
621441
626070
626243
625056
623912
625751
624790
624184
621424
545127
430314
429450
430190
430558
430170
431550
433426
432597
429565
432157
430698
430346
430587
431880
431254
431418
431858
429224
430123
431539
436171
431108
430859
429251
431370
432518
430713
430587
430241
429313
430617
430093
431409
430280
430452
432611
430826
429191
431663
431671
430185
433576
429038
428243
428322
428275
428338
428340
428478
428531
428503
428584
428537
428533
428397
428411
428411
428366
428384
428494
428460
428439
437446
430424
431334
430418
431453
431297
429669
431615
429705
430791
432467
430602
430369
431206
430136
430152
431019
432090
431515
430889
430928
610931
615050
610428
615386
606475
609219
613746
605498
606846
617370
605954
610685
607366
616176
609241
490740
431707
430562
429410
431669
431571
430618
430828
430659
432183
430749
431295
431551
430722
429034
432221
430519
431226
430220
429862
430702
436875
431912
431336
431503
429738
431074
430474
431040
430826
431417
430463
433415
430751
430560
429108
433833
430465
434458
433184
431072
433641
428643
428706
428340
428328
428399
428525
428626
428594
428439
428805
428803
428633
428523
428634
428594
428397
428610
428567
428541
428626
431805
430800
432063
430463
430514
429644
430779
433404
431147
431517
429992
432057
429829
430485
430253
431348
431951
430527
431966
430002
432965
433734
429304
429171
428567
428683
428456
428533
428545
428675
428813
428598
428533
428574
428818
428716
428584
428754
428776
428833
428583
428689
430743
428376
428411
428519
428492
430987
430641
429981
431267
430415
433971
430123
433867
432301
429473
432648
429914
432403
432902
430253
429756
434084
429872
430229
431161
430595
430968
431578
430571
432510
428297
431043
432327
431206
431988
430306
430316
433212
433298
430422
432754
430855
439920
431598
429686
432090
428488
431314
429916
431254
430111
429390
430434
431967
432673
432323
435106
430211
432862
430810
432215
429605
431387
428476
428602
428537
428614
428718
428541
428694
428633
428779
428908
428732
428387
428486
437915
431041
430533
432449
430442
432705
429455
433347
428827
428503
428490
428689
428545
428598
428398
428411
428630
428316
428506
428415
428474
428748
429613
430908
431094
430751
432951
430690
436743
430665
431433
432124
431086
430960
431858
430422
430526
429997
430902
430560
431421
430860
430308
431143
430792
430840
430501
432001
432006
434799
428472
428329
428334
428492
428653
429770
429305
431549
429786
429727
431303
431017
431995
430121
428516
431949
430538
430922
430869
431580
436727
430465
431216
431338
429764
428549
432577
429895
430401
432406
430849
433881
433118
431933
433038
431956
430231
434103
431374
430611
429693
432364
428509
428677
428393
428297
428344
428368
428316
428453
428521
428370
428381
428399
428460
428429
428513
428707
428781
428629
428563
430760
428683
428565
428782
428696
428612
428766
447444
436885
431145
432429
430369
432491
430017
431437
429049
431521
430739
430019
429965
431748
436080
428409
428287
432860
429556
431565
431457
433156
430772
433243
433117
431390
433428
431815
431537
432013
432270
433741
431704
429460
429106
433208
428614
428644
428555
428468
428439
428521
428610
428438
428568
428497
428460
428586
428586
428641
428622
428527
428492
428553
428449
428449
431088
430929
431229
431183
428515
430279
431348
432196
430145
430044
429782
430654
429534
429533
430247
429270
431698
430741
430396
430245
431704
431507
429211
431728
429746
429843
430647
432104
428902
429262
429983
430639
429879
429577
430820
430357
432085
431206
429299
430700
431009
433820
431184
430849
429597
429878
430631
429419
430288
430692
430231
431464
431439
431829
429305
430516
430893
429703
430867
429790
429463
431184
432114
428447
431289
431139
431129
429546
431701
431375
432009
431781
430751
430692
432216
431723
432037
431096
429497
429927
431525
430802
430196
434905
431441
433061
431154
429370
429604
430601
431460
429358
430470
431029
431162
431261
430444
430422
429853
430994
429623
430048
429268
436300
431695
431553
431368
431225
431454
430720
430361
429806
430060
433576
432114
429317
430808
430600
431657
430029
432665
431699
429575
430083
433115
435577
431766
434665
431925
432794
431119
431938
433097
431120
430436
430489
431781
433262
430724
431420
431204
431210
433668
431506
433804
565991
602529
602790
605062
601683
605008
604730
600435
603755
600101
610195
606834
604993
603724
603378
524507
429814
431553
430385
432862
429971
429179
429819
430436
433562
430048
430016
431110
429128
431570
429886
428884
430746
431358
431454
430046
429648
433054
430712
431560
433649
431204
429268
430273
432183
431285
431634
429673
431208
430736
431361
430979
430066
430462
429942
432571
434928
430568
430463
431752
431316
429386
431206
429335
430191
430962
429504
429069
429251
430291
430331
428655
430852
429613
432019
430351
428628
432532
429731
430873
431090
431576
432857
429682
430639
431791
430448
432622
433904
429632
434003
432327
431494
431072
432197
430859
432579
430706
430653
431275
433278
430517
429518
432346
429241
433631
430446
428831
431562
431267
432295
430779
429975
430637
429876
430696
430787
430720
433172
430217
430564
431773
429252
430934
429941
429812
433891
429784
432367
429713
429406
431174
430432
431269
430912
432677
430744
431289
430497
434810
432814
431333
431104
430367
430314
431479
430093
430728
430042
431584
431673
430076
430444
430568
432174
430505
431943
428782
431868
435722
446507
457836
431042
430552
432612
429887
432075
431074
434049
429323
429403
428720
430637
429208
432195
429433
433854
431935
430586
431968
521026
602684
606348
606606
606354
595558
606755
597222
603086
594581
601082
601035
604921
604860
607976
433213
430302
429551
429394
430670
431702
430574
430714
433414
430783
430446
430218
430690
431592
428955
429640
431132
430416
430818
431637
431423
431737
428579
428454
428391
428445
428386
428421
428363
428445
428406
428753
428470
428651
428626
428428
428455
428545
428539
428563
428643
428442
433879
430966
429778
432018
431490
431579
430430
432268
432071
430322
429894
429585
431214
429010
431188
430536
430719
429016
429988
430509
434695
429382
429829
430885
432400
431204
431399
428987
431723
431074
430743
430792
431580
429863
429922
430024
430858
430852
430818
430824
431751
433905
428642
428697
428537
428445
428486
428453
428698
428577
430218
430213
431200
433827
432435
430916
433057
432687
431172
431029
431177
435424
432979
430855
434003
430529
431175
431846
432865
432677
431608
432396
432155
431440
431670
433467
430848
429203
430719
431476
433745
430802
436865
431502
430666
434507
430168
431358
431163
432939
430272
428971
432313
429997
433881
430814
431547
433221
429508
431194
434056
434147
435165
431202
430369
432571
431159
429341
429703
428909
428955
430992
430718
431149
430273
430799
431905
429746
429551
432055
431435
433593
431253
432045
428424
428545
428352
428393
428554
428553
428444
428517
428383
428445
428443
428449
428269
428409
428547
428584
428362
428324
428468
428352
429721
432743
430558
432776
429270
430426
431950
432735
429770
432480
431466
430828
432122
430538
430461
434289
432201
431614
429565
432271
430741
428509
431474
432482
429875
429628
430556
430616
432428
430296
429615
431423
430905
431192
432353
431979
431840
431791
429687
430452
433467
428240
431828
434766
431994
433212
432161
430850
430458
431840
430491
431174
430936
432155
431630
431181
431576
435202
433578
431068
430713
432628
428728
429622
431611
432866
432412
429378
431385
431978
431874
432863
431171
429685
430393
430387
430847
431684
430627
431903
430978
434492
428273
428298
428220
428324
428283
428478
430584
432351
431714
431817
430909
431832
432431
429624
429652
429749
430853
430290
430052
432284
431468
428243
428318
428220
428179
428296
428338
428248
428348
428307
428381
428279
428326
428281
428447
428364
428308
428301
428358
428353
428291
430590
428262
430777
429766
431482
432105
432417
432162
431224
432794
429640
432230
430651
431292
431179
431445
430143
428720
430611
431508
435835
431889
433024
431584
431291
431595
433160
431210
433280
432244
432995
432238
432158
432412
430950
431216
430588
430530
430332
432433
430732
428590
428460
428354
428535
428596
428600
428519
428575
428537
428354
428409
428478
428450
428596
428665
428833
428466
428501
428573
428551
431490
434577
433217
430360
432359
431698
432519
432778
432811
431872
430028
432274
432254
432662
432390
432337
431927
431302
431235
430499
433574
428669
428715
428407
428467
428572
428505
428545
428472
428587
428395
428464
428638
428825
428578
428780
428537
428594
428468
428579
428426
447842
430578
431795
430635
430986
433604
431156
431791
429592
433250
433485
434409
431127
433288
430452
432366
432324
432603
430073
433111
435940
451315
431479
429024
431692
429723
434704
433022
431659
430789
431458
430479
433536
431080
429602
431519
430850
430170
430574
432719
432995
459103
430649
431326
429238
430660
430663
432153
430473
430651
431286
433069
431088
430793
430344
431644
430915
431876
430054
430503
431543
443772
440771
431247
431943
430625
430991
429404
431657
432254
431622
431342
430142
430261
429545
429857
430059
431623
434212
430902
430149
428915
428423
428493
428778
428775
428713
428641
428772
428704
428553
428572
428771
428868
428610
428752
428956
428797
428579
428642
428732
428878
498921
612367
614582
612684
608800
610295
606519
606283
612424
610996
606316
606679
612755
612836
606076
529354
431566
431372
430255
432160
430840
431084
430253
431608
429995
430418
431181
431544
431600
433698
431523
430164
432504
432977
430355
432983
428232
428300
428164
428319
428181
428335
428568
428384
428297
428344
428378
428374
428441
428455
428326
428402
428415
428332
428336
428364
446060
428380
428328
428368
428401
428580
428425
428287
428415
428486
428509
428255
428251
428472
428571
428352
616576
602225
601934
532045
430599
429812
431522
434218
429993
430329
430050
429384
431137
431112
430172
432000
429944
430690
431857
429747
430343
430834
429239
433020
428293
428322
428316
428354
428281
428403
428279
428437
428362
428374
428500
428271
428352
428344
428318
428315
428326
428350
428405
428362
430489
428478
428478
428283
428488
428698
428505
428247
428248
428381
428444
428411
428462
428425
428426
428444
428580
428527
428381
428435
431035
431807
429699
430393
431373
430203
431439
432508
430816
430848
431179
429918
429843
432644
429800
430890
430665
429772
429524
429951
431482
430803
432439
431667
431291
431685
430521
430006
430467
433142
432876
430396
430936
432274
430891
432278
431143
435240
434066
433615
432549
530250
616923
616917
608775
611863
608114
611867
609282
612012
608593
613412
612658
610996
611508
610556
489076
430528
430824
429849
430414
430205
432065
429671
429591
430990
430975
432264
430980
431743
429606
429717
432112
431935
431515
429754
441449
440165
429944
430152
429472
431681
432590
432013
430786
430637
431433
430140
432914
430058
430710
431768
431007
430397
431267
429155
452374
613107
598457
429756
430635
430804
431529
430962
430968
429852
430878
429457
430843
431249
430779
433609
429368
431226
430115
429039
435094
431565
431689
430526
432530
430432
430188
431078
432187
431917
428895
431358
429859
429802
429697
429095
429412
431637
429758
430599
438307
430403
430258
431136
430671
429971
430159
431640
432023
428819
429264
430968
430579
430982
433326
431459
430264
429995
431507
431017
430901
430034
429687
432497
431783
432518
430164
430971
432664
431313
431490
430974
430530
430473
429715
428868
431939
432567
430850
429998
430164
434296
432405
429861
431656
430891
430101
430141
429493
430011
433808
431643
433678
429474
430767
429735
429583
429891
431428
433272
430925
670706
909856
918231
607344
597951
602991
600246
603933
601876
604352
597182
604358
602507
602972
516069
430790
430927
432483
430381
431078
429057
431413
429751
431992
429479
429918
430771
429313
430901
431005
432951
431454
432051
432385
433185
430111
431631
428807
430903
429686
431846
431092
429609
431096
430755
431655
431553
430270
429709
432201
430347
430617
430770
431509
431858
430980
429996
430198
430250
429479
431318
431054
429339
431510
430757
431600
431161
429975
429993
431909
429512
430621
430664
432197
430846
433093
431243
431504
430475
431586
431774
430369
431367
431521
429997
431691
433148
429869
431295
430662
429241
430016
429719
430423
432868
432738
428511
428561
428531
428352
428539
428484
428675
428569
428476
428584
428719
428505
428511
428449
428912
428675
428562
428555
428402
432937
430838
429049
431052
430562
430280
431041
433146
429136
429813
430109
430499
429879
429953
430024
432242
430310
429205
429372
430908
436852
615544
606210
599867
602185
602652
601236
605697
602097
600177
598473
605713
606891
596659
602075
602826
613063
616182
609513
611106
615979
618109
619267
609397
611085
617101
615822
611833
614961
618570
576796
437003
435719
440084
436148
434816
436846
439865
437149
438754
437676
435314
435065
435713
436731
435143
433846
438287
436402
438825
438846
430980
431330
430263
430703
431411
429758
430605
432144
432240
430144
431819
430621
430225
432429
429035
430845
431640
431301
429609
434525
429493
431011
430454
429959
431208
429786
431232
431240
431178
430802
430972
431035
431046
432193
428904
429666
431455
431947
430003
429664
429863
432292
430481
430649
430527
430517
429987
431259
430694
430188
429868
431815
431562
431661
428748
430909
430747
432221
429973
431006
437893
430808
429414
433003
430382
431805
431563
430578
430428
430653
433385
430680
430243
431907
430397
430142
431256
432341
430450
432207
439276
450720
429022
431424
430746
430220
429804
429481
434234
433198
431525
431084
430579
432185
431815
430613
431243
430466
429922
431644
435563
431428
430204
431120
430960
430517
431257
430863
432201
432894
431119
431730
430379
431665
431405
429323
433280
428328
431604
429929
435026
430282
430270
431171
431544
432156
430678
431962
431325
431825
431119
431632
430365
429821
432416
429856
432532
431048
603326
610868
431720
432390
429709
431232
431033
430589
429740
430950
430826
432602
431364
429169
429682
430956
432439
430732
430887
430860
430008
431157
654113
430665
429116
430444
429183
431452
431730
430670
431470
429530
429425
428734
430105
430246
430042
429788
431732
430663
430025
441385
600902
602512
608770
603127
605248
603722
605296
608207
594342
602447
602495
602650
602162
598562
588396
429829
431862
430866
430050
429303
430219
431572
430985
430749
430417
430015
429661
431901
430688
429802
430987
430050
430426
431397
430639
428427
428519
428480
428630
428667
428671
428531
428517
428659
428533
428516
428657
428474
428574
428492
428613
428584
428521
428569
428592
555053
594655
583868
589083
593001
581786
590811
584157
593164
584783
587986
721892
838563
839418
842424
841724
841066
840052
839668
840135
839497
839467
838183
840038
843016
840730
840570
839960
841207
838500
838957
839224
838738
840176
842111
838553
843158
838852
838023
840080
842455
528921
529236
529390
529179
528844
529214
529406
529417
529120
528113
430786
430198
430192
431352
431336
431407
431020
430542
430991
432295
431013
430258
430836
431216
430328
431486
432016
430383
432882
434103
430893
430540
431348
430200
430772
431066
430257
430024
431271
430580
428810
431354
429989
430288
430310
429681
431978
432642
430702
432569
430755
431906
431401
431395
432388
433168
431990
431945
431275
434401
430763
435376
430796
432999
431935
434389
431428
430286
430143
435947
432473
432935
435219
432070
431553
431375
429998
432401
432283
431812
430495
429299
432037
431322
432848
431120
430416
433236
430988
432640
432101
430076
436107
431066
430300
434095
431919
430443
432859
429538
431360
432774
431269
431216
431063
431318
430194
431862
429958
432254
428505
428584
428675
428657
428344
428596
428623
428340
428586
428497
428575
428539
428493
428365
428647
428519
428681
428679
428482
428769
433598
429787
430377
431742
431521
430250
430133
430710
433567
430773
433507
432022
432280
431202
430344
432047
432427
431517
431815
433091
433512
428626
428484
428488
428378
428565
428474
428568
428488
428346
428642
428344
428561
428490
428660
428392
428505
428586
428510
428239
430664
428545
428657
428456
428390
428454
428464
428368
428675
428429
428409
428510
428528
428461
428553
428636
428400
428403
428261
428391
431048
428401
428675
428561
428435
428596
428456
428622
428624
428466
428376
428563
428462
428513
428539
428493
428411
428487
428543
428293
433023
430952
429471
431630
431220
433313
429353
431388
430192
432000
430852
432924
435143
431445
430148
434367
433081
432421
431196
430091
435126
432502
432297
432028
431507
431324
430893
431903
431291
429397
430556
431529
431704
430348
432412
432539
431580
433678
431189
432262
494109
617114
618563
611388
612799
612523
614333
609417
609362
613316
610535
612080
610241
610155
610094
492458
432070
430920
429711
430420
430078
430560
432128
431330
431650
430085
430773
429871
431460
434752
430117
430769
431468
430093
429987
436654
431104
430316
612143
458167
430851
430355
432449
430554
431884
430633
430455
430522
430249
430080
432317
431931
430134
430184
433339
428695
428604
428569
428510
428348
428466
428184
428485
428480
428433
428541
428330
428373
428356
428480
428560
428383
428482
428620
439488
431220
431551
430694
432081
428164
431466
431182
431261
431383
430306
430061
433637
429252
432577
430306
432449
429648
778164
559183
431103
430220
429812
431415
431222
431687
431254
431139
431684
430123
432236
432689
433332
436855
429859
430359
431281
431328
431153
434844
428785
428367
428443
428413
428457
428352
428305
428448
428376
428332
428474
428374
428381
428450
428555
428533
429875
432429
430832
433820
431156
430454
431720
432851
431907
431134
432323
431220
429757
428914
431338
430721
431681
430235
431540
430244
431417
432443
431600
433873
432648
430097
431285
430992
430465
431030
430881
430457
430584
430700
432445
430414
432518
431244
431130
430643
429176
429648
433637
431638
428404
428275
428216
428230
428344
428340
428275
428320
428419
428451
428240
428517
428466
428527
428425
428301
428559
428457
428289
431768
431856
433797
431029
602260
614741
608834
596568
603564
603974
607214
601341
603494
607258
604171
600572
465272
432695
431454
431553
432799
429615
429288
430038
430133
430241
430670
429676
431514
432531
431482
430253
431604
431716
430396
430284
454195
428506
428547
428524
428368
428407
428373
428443
428434
428411
428596
428524
428517
428543
428547
428379
428465
428407
428513
428468
428470
432979
431820
430704
431612
429558
430932
431220
430249
431234
430861
431543
429658
431773
430678
432406
431864
432337
431115
430355
428346
428314
428354
428405
431273
432051
432937
431373
429654
431647
431435
433052
430698
433771
428673
431913
431057
432823
433684
437580
431092
432000
432695
430394
434533
429116
432420
432282
431647
430576
431678
432646
431422
431917
429579
431212
431141
431320
430861
439976
432164
431257
431070
434491
429135
430924
432920
430972
430052
431348
429134
431840
431095
430261
432573
432486
432024
432447
431405
652411
432715
430672
432114
430678
431782
429345
430715
430814
431245
431358
430597
429640
428748
431070
431523
430690
430351
428856
433318
429778
429713
429721
428255
432163
431875
430591
432035
429800
429930
432126
429963
430798
430448
430412
429120
432195
430737
431645
432774
428379
428451
428242
428394
428267
428303
428212
428354
428344
428390
428492
450503
433544
432556
432093
430673
428703
430688
431255
434688
430516
430054
430792
431301
430653
429623
430117
431046
431686
429991
430133
430300
431200
432295
429784
432447
429965
431060
430885
435660
432221
430731
430127
431143
430820
432540
430314
431092
430766
432636
431233
429731
432566
432091
431685
431620
431226
429530
430046
435242
432348
431297
430178
430745
432627
430749
429575
430736
429902
429745
430170
433542
433117
430928
430286
430759
432590
430499
431279
442638
429243
430585
431781
430627
431558
431060
431389
430304
432382
432862
432343
431250
428878
429912
431385
432699
430101
430074
432370
432719
431659
431021
430347
430458
430751
431478
431092
430544
430355
430629
431695
431216
430794
431234
430741
429146
430735
430221
430515
431121
430515
432774
429971
431202
430834
429829
432269
429232
431844
430549
432260
429979
431781
433843
432143
432079
432394
428947
507239
838137
839479
839826
840566
839322
840995
838654
840718
842279
838035
743180
431590
430749
430430
433461
431040
430131
432418
431805
430184
431102
431470
431420
430906
430395
433497
433452
431295
432776
431072
441429
446544
429795
430562
430300
431344
431927
432336
430676
430401
430116
430337
431210
430205
430365
430278
431884
430038
429138
431184
435557
432374
430511
430789
430755
429305
430745
430592
429546
430415
443792
431533
431485
430607
430832
432595
430271
430540
431640
433871
428435
430391
429506
431307
430229
432112
431551
430566
431771
428912
430032
429682
430710
430251
431418
430266
430930
429941
431172
439743
428511
428579
428521
428368
448159
475247
436565
429597
432344
512342
431813
430143
433014
431304
429386
430790
431129
430155
431411
439816
428711
428887
429000
428849
428476
428655
428600
428568
428563
428535
428658
428401
428432
428563
428482
428658
428594
428559
428594
435269
432273
430281
432563
432085
431173
432441
430895
432160
430615
430418
431295
432908
431001
431830
430436
888530
430836
429921
458660
430812
433402
430634
428630
429926
431755
430438
431147
430272
431368
429917
428640
432110
430154
430876
431808
430538
432999
434557
430778
429776
433268
431738
431385
430014
430861
432883
429753
431243
431609
432610
431944
430889
430983
430757
432532
430351
433230
517365
608301
606757
597845
604908
605524
604902
605834
603062
600908
598847
599294
598946
605926
603117
604643
602567
601547
603710
604196
607123
603373
603858
600638
599006
603044
600996
607295
600490
601959
429024
429425
430095
431086
430451
431909
432034
431252
428679
433337
430651
430465
429619
431123
430889
430652
430065
429400
429228
433780
431772
431791
431381
430162
432038
431387
430284
430550
428726
431683
432149
430119
429289
430832
430526
431675
430682
431283
431647
481483
431395
432025
430505
431598
433300
432144
430604
432447
434314
431391
430418
430062
431366
432059
431007
429900
432457
431921
432367
431346
431925
432528
430714
430894
431379
431923
430014
431476
429910
430946
430354
430605
430507
432467
431771
431188
432666
430350
433390
431874
431289
432168
430176
430223
432563
433166
431598
431019
431238
430868
429406
430388
430371
432116
430708
431916
429770
430914
434998
428522
428604
428612
428590
428675
428647
428486
428425
428385
428405
428435
428389
428429
428494
428420
428324
428275
428498
428651
434399
430371
429987
431151
431033
432031
430985
432392
429826
433108
432728
430741
430048
432586
430107
431649
432299
429626
431480
434328
432256
430040
432786
430960
430261
431364
430715
432471
430265
430064
432112
431395
429831
431033
431444
432914
431685
433926
433005
433868
431975
431948
433087
431683
570743
431698
430258
430958
430546
429734
431654
431257
429096
430014
432238
429595
431515
429969
430199
428837
428712
428535
428640
428740
428937
428878
428793
428775
428732
428728
428606
428667
428490
428610
428778
428799
428522
428765
431177
428549
428295
428329
428376
428391
428599
428559
428587
428516
428547
428392
428488
428656
428480
428821
428760
428573
428610
428686
433718
430617
429461
429914
432550
430556
430938
431527
432098
430989
429758
431436
430670
432342
429681
431196
429221
433272
430266
431846
433959
428734
428706
428497
428778
428577
428584
428446
428508
428642
428614
428813
428785
428460
428545
428569
428480
428426
428448
431517
430266
430033
430597
432065
429141
432124
430323
432211
432343
429406
428933
430779
431571
430700
430338
430684
430071
431326
431711
455865
442610
431468
430054
432276
431886
432875
429627
430302
430195
430800
431314
431705
432250
431291
429807
433063
433221
431658
429788
436424
840479
840710
842187
839093
840698
839495
840014
840688
842081
839713
598051
435800
432329
432615
431031
432552
431041
431925
432344
429786
433379
431463
432138
431498
433968
430520
432000
433154
432331
432605
428602
428784
428501
428535
428586
428585
428697
428677
428464
428673
428683
428456
428689
428789
428496
428639
428944
428771
429025
439176
444393
430048
429226
431177
430582
431895
431464
431228
429128
430985
433908
432601
430942
431395
431519
429717
431921
430349
431594
432376
429013
428630
428751
428624
428767
428573
428751
428474
428612
428395
428555
428507
428775
428366
428692
428443
428488
428668
431488
451453
428590
428612
428768
428585
428374
428840
428862
428853
428649
428569
428616
428734
428567
428596
428541
428776
428614
428774
433907
430944
431338
432061
429498
431182
430170
431584
431907
431377
431560
431305
429581
430530
429594
431210
431190
431271
432530
431283
460377
430899
432600
430704
433483
431153
431129
430511
430748
431492
430883
429526
431328
431056
432144
432301
431210
430542
431789
433546
432559
432913
430554
432488
431087
432672
431153
432449
433913
430658
432861
431017
430458
431025
429502
431205
431157
429908
430786
458257
432305
429565
430213
429628
429027
430119
430479
431852
429248
431096
430509
432615
430677
429197
431422
430655
431959
431793
431834
428409
428366
428314
428297
427995
428444
428263
428429
428339
428337
428168
428320
428206
428476
428212
428413
428301
428388
428330
444582
435010
428374
428505
428480
428504
428476
428443
428465
428564
428429
428488
428498
428567
428421
428659
428529
430768
432463
431546
428492
428383
428354
428355
428447
428295
428346
428342
428466
428329
428415
428273
428389
428176
428314
428193
428389
428293
428417
436014
443883
428364
428323
428247
428283
428237
428260
428374
428480
428315
428236
428362
428360
428498
428165
428298
428289
428474
428271
437752
429181
431508
432857
430973
429780
432394
431711
431127
434921
432047
432402
430981
432420
430434
431368
431495
431984
431210
434427
428471
428496
428604
428192
428308
428296
428268
428338
428318
428389
428405
428358
428289
428443
428350
428397
428314
428356
428264
432205
432354
431507
431035
431050
432415
431005
431793
431378
431818
430485
430275
433335
432474
431273
430525
430700
432453
430336
432292
428210
428370
428350
428230
428356
428362
428177
428325
428210
428356
428133
428333
428235
428283
428224
428344
428240
428250
428176
430865
431216
431443
431133
431033
430233
431047
432224
431803
431385
431064
431383
434010
433170
432554
432782
432120
431779
430170
432492
430517
430578
430415
430749
429762
433470
430054
428661
430867
430479
429178
433453
428673
428807
428618
428565
428354
428429
428307
431821
432715
428746
428606
428700
428640
428651
428673
428701
428633
428501
428440
428963
428626
428372
428482
428403
428567
428449
428474
432252
431300
429556
431129
430338
430449
431005
433525
430589
429560
430545
430594
430164
430306
429287
429793
431927
430599
429802
439946
444879
432101
430798
429879
431340
432132
429694
430745
432807
431409
431050
430765
432435
431009
429800
433353
431381
430914
432804
443101
432045
430640
429536
430442
429823
430497
429607
431604
430454
431269
430418
433268
432114
432218
433566
431747
431537
431685
447986
439830
431184
428870
429392
431439
431058
430320
430007
429935
430724
432547
430548
432195
430501
431336
430744
429682
433030
430212
429758
430955
430970
429970
431671
431801
429236
431714
432439
429512
432566
431226
429362
433147
433172
430752
431850
429843
431700
432721
428263
428250
428276
428287
428212
428163
428379
428309
428237
428280
428423
428273
428230
428255
428260
428251
428322
428399
428344
428301
428382
428309
428283
428360
428262
428301
428387
428248
428409
428307
428407
428316
428530
428220
428364
428352
428419
428240
431434
432259
429818
430194
432368
430824
431549
429687
431165
431580
431342
432583
431355
429412
432610
430148
432203
431100
430105
430168
618060
607593
528017
429218
430048
430975
431885
429619
431324
431659
429776
432159
431641
430316
431623
430920
430962
431517
434944
430503
429881
432408
433568
431571
434844
430101
430172
433314
431620
431720
432187
430761
434135
658184
431119
430014
430836
451000
432670
432552
431413
435799
431509
431086
431116
430631
431508
430050
429808
431254
430571
432602
431401
431080
432659
432904
435778
450490
428651
428984
431464
433073
430438
431789
429367
431451
431745
430562
429434
429536
429796
429433
429227
432067
430930
430294
461309
431218
428591
430054
432077
430468
430243
431852
433113
432403
432470
431363
431724
430485
430928
431889
430391
432825
430558
443024
442260
433069
431112
431117
430708
430936
433400
432624
433814
432120
432597
433448
432993
431653
430830
432246
431691
432309
433830
430759
431452
433483
434161
431893
432551
431342
432010
431838
431902
433292
431579
431036
431775
433615
430266
429879
433127
431348
434261
431440
431291
429764
430793
435210
429046
429564
431287
433137
430398
430275
431239
431842
434222
430586
430929
431643
432384
437076
432416
433081
433727
430073
432958
432818
433225
429461
431691
431655
433144
431261
430791
429539
430501
430820
430562
430239
431090
429008
430568
431013
430270
429368
429868
429640
431697
431161
429740
430803
428931
431383
430633
429642
429489
432484
431188
431397
458232
442085
449766
443292
442885
442597
445488
442512
448100
443664
446345
444635
446518
447763
445433
447013
448396
446355
444421
550890
593817
589258
587373
587795
593760
594069
587295
593101
589997
593276
595717
587423
595083
591715
432459
429658
431543
431413
430497
431307
431444
431500
433066
430515
429782
430625
431573
431980
429805
431667
431470
431746
430394
433572
430253
430327
430109
430201
429772
431679
433529
431789
433325
430781
430851
432579
430336
433286
429465
432721
431190
431411
437192
430464
430590
432263
431334
431488
432819
431270
432896
431994
431222
430594
432524
432254
430233
433454
429797
431710
431433
431570
428537
428245
428590
428401
428616
428628
428413
428675
428492
428630
428492
428390
428409
428482
428631
428545
428596
428626
428641
431385
429979
428620
428281
428455
428512
428498
428706
428573
428566
428521
428570
428575
428498
428818
428794
428463
428642
428545
431393
443306
443948
448214
442759
450292
440675
448084
448520
444230
444570
442480
448173
447479
443497
446528
448214
443804
448683
446795
428614
428850
428724
428586
428508
428490
428519
428464
428580
428388
428582
428484
428657
428551
428521
428523
428421
428594
428421
428537
432368
429756
431925
433464
431488
432437
432794
430192
430450
433201
431956
432811
432309
431577
431712
429662
432240
430450
433575
431593
430365
430141
430304
432407
431082
431805
431218
431748
432788
430174
430379
429347
429991
431484
433211
430700
432518
433911
430964
430341
429825
430919
430522
431513
430943
430459
429499
430834
429930
430208
431049
428981
432205
430686
429938
429327
431957
430371
430219
429837
431732
431374
431596
429752
432717
431397
432209
431872
431560
430292
432401
430918
429695
431763
429874
431133
432803
428275
428297
428343
428320
428405
428431
428405
428703
428525
428624
428526
428432
428413
428362
428346
428541
428230
428328
432415
429750
431099
432364
433233
430142
430129
431263
430190
430960
432219
430188
429904
431196
430266
430572
430596
430759
430310
431605
429934
430471
431627
429969
429721
431375
430745
429396
430664
428884
430936
430178
429173
431921
429739
431257
431789
431430
429949
455516
428377
428463
428429
428594
428486
428563
428643
428472
428553
428486
428415
428468
428394
428354
428458
428490
428517
428502
431713
430363
430093
430753
430665
429922
430771
432401
431107
431782
431637
430098
431549
431194
430457
430520
432097
430566
431131
432947
834652
840202
839177
839107
840103
838650
837909
430426
429173
430322
430168
432017
429975
433032
428685
428037
428220
428300
428277
428311
428173
428345
428395
428454
428405
428330
428401
428237
428307
428411
428259
428370
430588
428244
428234
428265
428289
428378
428295
428507
428260
428303
428366
428206
428318
428390
428356
428248
428250
428290
428436
428244
430483
429114
428460
428417
428199
428389
428464
428370
428527
428294
428259
428269
428076
428314
428157
428320
428309
428334
428295
432650
430324
432209
434864
431565
431275
430286
433863
431385
431949
432059
432248
431679
432433
433514
429849
429934
430227
431698
436219
429813
431761
431586
431653
432081
430509
429809
431598
430403
430422
432559
432691
431202
431082
432465
445652
460397
462438
469700
437488
431179
433703
429538
433320
430024
431622
431490
431738
431986
430539
430584
431117
431918
431834
430904
432918
430936
433317
455315
430365
429682
429440
430118
432931
430778
429065
429277
433347
430964
433908
430974
431053
431460
430822
430938
428838
431281
462353
430993
431835
431815
432209
431909
429937
430367
430272
432435
430777
429258
430829
429477
430132
429750
430741
431326
430552
456196
428894
428569
428494
428590
428441
428509
428663
428576
428667
428679
428493
428457
428488
428650
428567
428266
428628
428409
432148
431412
432106
429821
428677
430125
429463
431381
432031
429695
430491
431862
429681
431592
432069
431738
430714
431021
431399
435257
430257
430507
429883
430547
431121
432831
429478
432283
430438
431787
429678
431854
430466
430281
430950
431836
431163
431649
432776
428374
428321
428399
428311
428348
428279
429953
431523
429991
431269
431486
432928
429849
432795
432240
430327
431390
430095
431009
428419
428249
428264
428318
428317
428242
428261
428194
428136
428381
428204
428186
428346
428397
428376
428293
428386
428423
428413
445473
430736
432900
430767
432234
430806
429908
430089
432065
431054
430993
431937
430010
430783
430811
429499
430432
429638
429798
435120
430824
431573
430690
432953
430931
431355
430956
431687
431655
433672
430804
430034
431537
430836
432820
433239
430403
430690
433397
429670
429792
434661
431863
428856
431184
431848
429548
429798
429442
429757
431893
430946
431224
430517
429715
430981
433309
433763
837611
839197
841505
839558
839008
839189
840134
840331
839496
839351
691342
429959
431005
428576
433200
431602
431086
430312
430505
431643
431563
430217
431098
429644
430063
429459
430517
429979
430400
435411
430024
430168
433333
431950
430855
431403
433259
432729
429276
431103
431969
430221
430058
429329
432126
432427
431381
429652
433223
430958
431486
430708
428874
429368
430415
432102
432288
429937
432786
431348
430465
430068
433027
431521
430528
430322
431643
430276
430389
430342
430254
431242
431297
430495
429735
429699
431121
430442
431037
432110
432023
430113
429378
429938
432731
430300
433254
433076
432071
429329
430174
429917
431166
430753
432382
431512
430180
430512
430961
430471
430034
431624
430397
430974
616310
620362
614806
611677
619696
613492
619322
614441
614108
615601
617439
611299
612491
615131
615070
598916
431100
430844
430944
430133
430934
429996
431604
430840
429120
432837
430615
430495
431301
429896
430005
430803
430461
429622
433353
430867
430324
430216
431795
430593
429892
430351
431628
429707
430473
432079
431995
429882
430980
429693
430926
431660
