4388
5132
4346
4007
3964
4205
3773
4161
3846
3850
3978
3757
3777
4026
4518
3766
4205
4085
4505
4503
4454
4166
4342
4652
4326
4388
4052
4073
4243
4319
4387
4273
4467
4144
4130
4303
4177
4503
4149
4735
4206
4136
4505
4200
3990
4621
3930
3847
3859
3925
4869
3872
3969
3870
3994
3871
3900
4214
4707
4006
3958
3938
3946
3980
3902
4079
4163
4155
4041
3851
3908
3915
3847
3964
3996
3857
3992
3941
4184
4795
5595
3924
3901
3883
4121
3994
3972
4053
4174
4156
4454
4706
4061
3905
4756
5480
4585
4456
3945
4991
5213
3973
3889
3929
3863
3895
3879
4359
3952
4069
4044
4163
4181
4309
5788
4159
4190
4594
5060
4198
4188
4172
4151
4124
4204
4104
3973
3932
3991
4186
4186
4141
4116
4113
4044
4206
3770
4567
3756
3987
4020
3867
3760
3772
3851
3977
3786
3942
3900
4001
3975
3778
3837
3976
3839
3900
4026
3841
4519
3827
3831
3929
3860
3843
4260
3921
4585
3792
3903
3966
4127
4463
4839
3922
3897
3862
3886
3899
4330
3965
4036
4024
3835
3858
4392
6744
6771
4211
4584
4912
4077
4014
4152
4057
4050
4004
4030
4016
4007
4218
3787
3889
3961
3889
3901
3880
3818
3791
3869
3884
3892
3975
5086
3756
3759
3744
3758
3784
3873
3840
5182
3727
3725
3725
3742
5019
3832
3846
3792
3989
3882
3749
4791
4132
3898
3803
4298
4793
4014
4028
3839
3771
3758
3843
4072
3761
3759
3732
4913
3754
3748
3826
3846
3871
3742
3747
3810
3896
4002
4690
4040
4024
5566
7427
6532
6943
7270
7219
6493
7137
6488
7070
7153
7096
7213
7507
6882
6945
6304
4125
4020
5896
9094
5137
4055
3990
3804
3852
3857
3807
3899
3906
3851
4664
3961
4148
4002
4136
4008
4026
3845
3777
3775
3830
3911
4060
3789
3956
3934
3805
4330
4073
3926
3859
3861
3899
4119
5124
4201
4243
4193
4096
4018
4169
4303
4046
4197
4134
4040
4134
4065
4033
4072
3989
3758
3755
3768
4875
4961
3752
3778
3806
3812
4107
3814
3944
3765
3766
3818
3781
3746
3765
3758
3769
3764
3845
3799
3765
4667
4304
3747
3768
4049
4195
4096
4266
4206
4266
4123
4045
4453
3965
3895
4072
3825
3845
3821
3761
3837
3814
3791
3845
4310
3748
3830
3847
3802
3887
3878
3771
3912
3860
3913
4069
3766
3799
3852
3758
3815
3968
4107
4051
7464
5468
3969
3772
3797
3747
3772
3775
3782
3826
3743
3767
3779
3786
3796
3861
3761
3772
3784
3777
3759
3765
3757
3852
3758
3802
3865
3770
5111
3759
4104
4023
4022
3936
3758
3919
3902
3873
3892
3903
3893
3905
3891
3867
3861
3836
3797
3769
3785
3770
3797
3977
3776
3796
3765
3754
3747
3735
3789
3843
3879
3797
3913
3781
3897
3778
3902
3758
3749
3734
3728
3729
3724
4990
3755
3806
3752
3847
4342
3779
3761
3751
3742
3837
3746
3911
3727
3751
3740
3731
3729
3729
3728
3729
5241
3752
5344
3743
4473
4267
3761
3800
3810
3765
3794
3747
3788
3808
3908
3818
3825
3844
3817
3926
3881
4019
3828
3782
3799
3808
3793
