19184
22002
19420
19899
19594
19684
19820
20092
19821
20099
20717
20494
20526
20813
20067
20392
20501
20289
20029
19885
20644
19187
20128
19040
19682
20302
19622
20701
20054
19907
19717
19662
19727
20792
19978
20466
19852
20009
20168
19653
19572
19910
19104
20975
19054
18999
21503
22612
22650
22194
22802
24175
22731
22976
22833
22193
22396
22682
22444
22527
23691
23484
22385
22754
22597
23768
23295
23283
22454
22111
23293
22393
23273
22211
19670
20752
19096
21700
19747
19519
19736
19431
19713
19812
19356
20038
22083
19667
19506
19587
20023
21045
19734
21122
20026
19136
21196
19504
20553
20260
20128
19780
20827
20016
20544
19835
20272
19832
19796
19628
20444
20130
20808
20343
19485
19958
19035
19864
18866
18863
19290
19124
18866
19197
18830
19328
19513
18844
19092
21697
18934
18838
19352
19276
18759
19372
19592
18804
20749
20442
18686
19412
18880
19211
19326
19113
19350
19151
21706
18795
19187
19881
18795
19432
19267
19758
19122
19623
19204
19094
19835
19179
20293
19584
21903
19693
19920
21195
19133
19511
19285
19116
19285
20044
22323
22535
22382
22579
23017
22813
22313
23262
22738
23989
22402
22465
22535
24032
22648
22607
22577
22485
22524
24564
22512
22712
22677
22416
22474
23711
22761
22446
22604
22963
22626
22416
24118
22261
24289
22534
22451
19869
19218
21189
19338
20367
19507
20283
20886
19581
19406
19616
20221
19621
19477
19361
19505
19259
19242
19700
19119
20317
19370
19042
20820
20420
22680
18907
18918
18866
20743
19351
19901
19268
19905
19900
20304
19976
20411
19849
20166
19816
19440
