36592252
39629942
35089332
35740774
39918976
35675270
40711846
37066983
35603258
40179272
36391269
39320602
36694399
35053614
35085903
35100786
35098736
39533213
38942761
36840094
45421104
35182828
35504923
36090701
38419897
36299243
35960899
35036536
38716480
35866492
44702632
35593289
35361562
35701073
35343047
37945442
36946102
39058140
41213755
37908522
36605562
39743722
39381905
38983089
39845615
41217311
39783100
38331002
37710991
41352056
40792702
37680000
39337376
38441136
36962670
41562854
37506544
39503154
41579915
36135108
40947843
40446291
45570167
65474136
38284971
35028311
35640237
37099772
35051183
36207043
35036968
37742814
38035296
35811776
36368397
35616851
35008728
37209552
35111842
35312223
35766065
37138513
37793900
37363848
35811758
35072025
35249610
37037573
38424768
36760086
35546987
36271054
35395265
35037769
35117778
36855252
36177454
35121182
36212753
37276623
49888731
35050848
36450017
35963544
40924193
37813417
35346015
35051091
35141431
35085810
36090612
35029987
35743721
35119793
38536940
35090615
40647624
35321418
35058739
37630020
36140670
35372330
35089506
35349909
37808262
35697896
35069030
35051961
39468075
38064490
38160896
45726474
35717626
35387178
35459885
38739663
36734248
37255935
36824565
36705641
36003979
39394197
37888305
38410054
38682069
38142065
40700254
39027862
35426923
41437651
37113371
36766847
39374467
36850854
36247108
39287394
36636641
39725688
35354408
37441267
40765853
36499038
36338947
37570073
40268802
40512751
35339848
40793208
39601717
39092078
40135556
37735845
37701199
38570935
36596594
36633994
38050608
37962308
36827078
36835260
37572967
40522005
36271788
36964027
40263098
38775759
35090118
36197639
37419167
37022107
37172041
37427114
36365771
38147887
38685454
36957022
35737688
36669665
37295196
38257272
36598142
37459898
36300555
37122932
40714163
37324087
35065873
36099858
36569847
35123987
35043903
45638893
35146010
35154196
35546034
37757549
38882961
40263460
42202692
36296172
35215952
39038803
35398313
37584506
35024210
35919552
35166302
35583673
37544421
35667753
36605534
35476124
37289219
35064792
35065404
35658523
36949963
35250820
35078430
35091250
53241140
37605136
35067093
36151737
37602900
38364045
35680864
37931847
37028810
35011470
37308011
36770222
42955085
35724024
35095073
35108739
37389772
35904464
35053084
35288096
35408500
37303350
38035702
37271690
36100451
36180279
36196127
35069710
36577315
37357265
40391095
34996782
38374027
41466660
35915053
35120349
36314998
40648920
39198739
35987549
35101663
38713874
43665653
40557847
40652286
40370740
39846083
37492239
38548640
38529426
39218028
38167758
37842364
38100002
39426512
40045964
36068579
35469534
39241295
35920028
43608494
35596686
39900051
35046497
36562112
37046641
35396477
38992523
35863098
38123473
39661625
39260942
37671420
35336214
35118880
37107943
36748010
35056230
35537763
45303980
35289069
36498318
35725038
37936470
38573425
37079687
38950718
38910932
38790241
35121431
35044691
35128842
35084447
37237555
35023493
35082278
35153038
39333247
36010065
42021155
45042199
38681382
38120440
39248499
40392422
36058431
35957630
35084788
35502474
35037210
37330885
35054492
35069844
39372425
36833763
37960558
35129512
35116323
35323732
35207616
36760528
35173308
37273523
35102805
35159174
35087900
46143825
35079911
40463930
45400099
38586999
53239353
43467940
35856851
35065699
35592456
37335190
37140584
35140280
35084745
35877292
35171288
35555831
35079427
35085131
37465405
35072072
41551517
35031997
35054702
36034759
35144242
36783151
35155952
36073102
41897414
35544562
35123312
35062948
35908280
36080653
35351889
37556216
35141172
35780454
35017686
37168940
39162527
39401419
41626467
39890490
44915606
45275634
38839328
36052672
43028192
40982325
38885253
40502628
38506962
37725320
35135175
36158553
36768353
36577253
35084865
36065100
35076961
35188715
37320552
35454738
36097652
35860077
40177798
39861248
39526898
36461484
36457092
37107076
38932514
35114256
35988130
36037675
38547226
39222688
41270013
41677892
36411943
44281004
35222230
35389425
40591137
36021936
35381068
35097459
40218923
35096608
37933159
37740290
37711792
42280792
37499548
38185791
39240814
39685065
36082735
39989473
39855107
42660317
36881740
36602940
40348238
40214509
40181061
39703198
39053631
37052702
35078099
36690929
39534531
37772530
38880290
40810299
39862507
35190121
38840671
39188193
42510179
38297867
36757790
37817508
36656073
37236493
35879947
39546071
36580978
37669596
35142906
38063679
36844387
41311169
37527325
35132647
58216096
35452605
37965671
35199826
35088371
45644507
35032624
40149448
37924296
36811375
35761349
40077537
37351442
39348526
38525719
41077550
39269340
39831853
37304853
40299923
37755703
37812968
35172936
36462282
37086107
50625691
37056771
38379882
48180132
35419364
38097918
38459890
39199211
37010623
36557653
41530937
39930800
37138097
37673437
38852962
36508175
38437763
42354154
37185580
39395023
36927106
37275932
37538787
37864304
35123006
36238739
39030767
38490264
40029671
37304022
40245191
35520406
37921451
37685655
39274199
38893605
39020326
38947427
37886584
38166505
35508036
36594570
36430780
38175950
37700203
35183444
38996376
38945737
36785509
41581008
36347373
37074662
35229764
37341588
35080764
36740816
36953896
37010649
35396408
36242652
37636714
38313082
37193800
36824316
36524765
37111872
39343450
38473508
38494916
41329326
37551889
39745091
37394683
39022796
37306016
36929646
35531746
35931558
35126303
38878153
36932109
40121268
36478019
37630936
37286396
35559190
35047876
36880492
36136504
36913719
37597267
36971762
38890174
38687352
36694815
40232737
37018567
36353414
35648733
37040307
38067927
36930690
37229341
36938293
35253199
35081711
35072680
37537638
38552384
37528619
40807526
35497910
38288069
42849466
41494087
39700714
38160318
39191277
40763935
36387527
38198237
40069532
38188203
35539162
38520571
37025416
38741056
37190023
35479210
36710984
37953035
39264261
37132206
38087674
38813151
41140224
35687907
36593623
37397505
35740918
42691809
35491322
35055922
41140486
36462398
37348937
38673682
42093442
40776958
41738672
38729489
37810985
35389965
38866976
41014064
39424087
39159506
39647249
39490301
39134304
41763070
37476769
35866653
35023253
36877230
37562326
40348397
37460296
36053607
35030777
54145510
40565479
35677873
35021275
36544708
36126496
40262276
42043046
37373495
41017448
36635473
36852112
37001910
35083848
35118397
36807773
35047990
36664201
35037137
37850038
35060623
37260148
41409429
38974587
37247325
39674533
36879044
36869261
38470222
40186672
36565743
41943151
36733304
40775804
38665085
39945744
37649836
38369528
38696062
36799553
36505352
36888251
39871951
36619828
35601964
37519560
39554628
38642410
37551022
56355912
35155904
36235765
35055461
36014800
35096161
35100813
35076405
39227079
37912428
39343289
36277844
40405974
37488797
41728178
37175769
40200926
39479130
38504602
40802304
37278191
35278543
44009554
39168000
42773565
35022333
35697395
37712439
40375504
36211739
42771960
39233981
36853032
39987224
37063284
35961646
35986675
36726580
40887659
38010119
42338711
45618973
36086521
35364792
35221371
35264571
35063576
35056161
38491243
39972467
38655318
37719104
38754356
35330809
38285398
36784574
35323738
35090622
37160619
38184376
40372908
55764578
36035068
38862938
39987000
37608197
39589653
35049763
40238102
36704275
39487534
36971557
36589501
38683117
37126484
35718540
35090875
37566328
35065200
38943807
40474821
35073604
37643006
38953647
38881117
38591512
42833700
36322644
37104990
39253868
39435594
35095956
38511549
35672852
41037858
36738669
36718571
36189062
42099066
35082517
37711050
38077054
36868855
39044119
39674135
35025812
37194775
39073012
41015279
38864711
36303368
37731980
38852107
38845761
35441376
41153564
37402913
38678116
36946587
35464506
35388988
39651443
35667692
38548288
40646098
41023283
38585942
37024950
37663718
37515983
39959976
36832551
40830824
37974262
40079953
37064976
42611924
40294008
38027766
35612163
37890930
38173550
35402437
36924197
39598601
38680769
38142563
37285674
37982525
40420857
36725386
38518866
39382657
40276679
36894237
37152725
36489056
35119845
37881507
37639043
40772992
39767266
37556710
38696101
43496133
35250132
44132983
35360108
35131239
35204804
36246091
35478574
36485831
38974613
36441966
42677854
39798696
37556417
38928309
36835857
36509466
39253037
36813447
36715295
37404772
43253164
38624926
41883898
36997738
37060784
41930237
48031348
38298906
40593002
41156845
37983057
40568742
41960845
36053368
35604806
35517336
37537693
37426529
35092937
42865225
36372753
37856398
36915342
35037958
36357724
40705005
35114673
35287116
40188476
35595357
35168707
34997798
35604833
36351841
36317720
37009769
39529673
35081576
35105751
35332980
37011067
35064644
36084844
38491687
35081879
36463787
35057595
36782176
35036183
35360560
36808323
35081089
35060228
35731180
35450236
37178669
38862852
37659804
39146439
38717364
35112283
35484762
37009857
38370761
42199333
41572417
44183903
35066933
35915189
39927434
47744017
35166223
35307265
38983853
43586840
36575129
35914574
36602965
37633818
35902345
37848600
35041882
48782780
35046521
39406177
35433539
36441954
36342408
41957045
40313845
35111008
37981133
39150404
39796086
39391653
35032018
37627190
35955877
39569258
35082600
40510933
39826337
40135463
39697391
36809541
36540304
35830821
42596524
35443608
38012713
35039997
44568112
37042769
35023182
35951613
40482889
35400367
40813187
35901387
37122138
35060872
35614731
35050783
36539750
35234128
35058697
35105753
35365834
35301667
35285053
42083153
35103277
35139807
35331030
35687188
37877303
40376777
40213576
35135620
35021537
38372362
35039004
37784413
38977409
36649362
35700842
35624347
35620037
35139705
36754173
38612100
36185988
35132226
35094498
37416188
35084940
36427579
35098923
37135463
35420775
35038374
35069367
38570263
35932973
35128370
35628499
35040822
46736707
42303712
40075522
38687523
41179637
45277491
36246123
36192630
35063813
35952481
36863393
35257710
36858427
37938755
35255959
35332198
35123258
36955533
35022656
35187798
36163115
36163686
40944601
35000010
37423610
35125023
36301479
35709899
36560653
36851139
35152555
35284076
35104475
35470945
38258484
35043941
37467988
35063196
35040145
38169007
40201096
36683286
35345824
36039154
36122318
35136038
36384121
35828526
35148258
37200814
35149232
42001617
36604504
38187205
39210718
39644345
40021186
35109339
39093931
36169736
36201205
38336965
35088871
36191551
35067374
35086242
37473397
35739517
35310716
39617236
37572649
35096842
35274444
36300985
35053287
66542253
35557712
35039794
38229518
37605900
45570362
37034268
35090835
35140378
40243945
49668575
35108570
35187730
35105552
35046580
36774914
46061730
35568489
35024368
38185699
35144135
35056356
36257942
40881192
38412892
35560432
36907765
35065725
35495005
36566754
36048699
36741351
38983957
40083786
38565721
39144131
41551556
36495804
36015817
35104727
35166042
36953847
35649458
35742667
38367720
36290924
35526107
36394747
35088879
35114942
36980471
41104816
39920003
38710167
40252586
38806442
40160869
40162291
39700217
39890451
35121385
36136206
35873910
37214395
40923167
35097181
46947913
36714448
36013985
35124011
35013816
35734325
35715369
42301108
35081672
36792551
37526895
35207951
36818616
38883274
38750660
35096459
36109885
37038515
35018261
42660842
35057258
45738280
35088038
35110038
35809101
36485481
35894883
35331689
40301901
39825205
39140350
38879450
38242791
41786538
40689381
39118972
39880313
37300105
35103693
35542928
35285473
35602812
35090744
35245734
35970917
35416782
36306934
36039140
35508288
37492104
35076881
36182128
35562168
37080970
35877999
35666915
36370876
35086153
41339046
38880575
35462717
39034391
35057733
38714305
35034327
35143327
36759523
35201658
35449478
35046742
35938853
36414083
35130246
37092250
35128696
35685660
35112998
35192149
38114938
35058811
46643949
35061674
35061451
38907083
35100232
35695900
36605963
35447917
35496388
35068684
43308746
37015623
35603155
39805364
41078377
35071700
37461443
38307220
35055729
37488897
35088134
36178389
35528653
35090753
38653481
35317786
37231098
38858310
40083760
35098588
35027177
36011601
35055257
38552971
38815811
38523243
40164619
39727515
38031555
35678878
35150517
35803316
36433045
37097559
37969122
38817362
41118344
41202430
35596543
36773139
35231334
46438582
35006479
35352251
35063919
35134155
36996102
40168450
35679137
35668226
35127377
37937674
35076448
46431466
35138268
35817750
38297255
35061057
36701888
35078061
35173324
35486241
37029466
38704717
35046362
35125626
35416690
37187491
38475586
35178805
35365564
35032227
36255363
38244194
37638088
38634891
37950829
40053681
39245151
35843699
37247801
35609615
37875425
35104128
38407041
62529545
37021914
35123031
35733616
36235244
35950998
35141041
35118003
38926123
39914954
40377834
38884910
35448965
35149487
46076477
36980535
35081495
38170549
35133634
35889265
36589158
35729574
36397329
35160818
35016700
41036621
35067413
37318106
35213217
37689484
39021814
39506120
35144848
35165892
39397664
35064163
41492029
43254431
37028697
35111283
39701435
35564663
40662619
36958238
41733476
35475816
35018006
37539690
39265760
35109271
36626233
35553122
36711023
37911786
35044391
37936705
38788613
37740588
41636560
38268120
35485829
35054902
36208770
36768656
35156934
35609998
35061955
35120727
35411664
35142150
37380496
38892598
38864348
38908825
38503823
35222175
35019291
40040094
35388629
35411062
40359670
35992647
35080021
35093678
36394957
35048795
41722412
35068861
35093900
36069948
35087333
36800875
35096918
43146579
35071487
35109190
36653130
40239820
36350697
40167885
35393528
39016489
36856382
36114776
36281747
35037135
36723952
35425418
36854708
35605361
36911310
39335987
37930092
41029398
39737718
35042788
36390240
38403595
35074447
36707450
35110412
35066619
37805276
35092403
35011881
36306447
35556298
35072357
36704419
38576127
53179081
36249777
35065061
36209814
35043428
35519410
36513459
35059674
35737140
35057242
35119502
36414520
35101792
36250292
35111619
35088568
36560000
35264832
36053260
35142341
36271585
35865851
38444634
39774569
38934836
38445438
35091585
35065648
36693390
35027099
37151796
35145557
41790478
37016661
35141602
47916704
35531441
38351076
35114603
35043007
36663628
35028303
37522367
35074073
35217380
39548334
35108363
36984364
37316974
35090738
39683347
36009581
36139299
36327449
37520842
39438170
38935644
38632437
35022576
36814598
35239708
37109282
35505330
37843857
37112835
35245050
35128013
35057272
39577614
35073500
36582506
35045802
35451851
38567742
35101643
40235427
40595689
36566656
36894193
35043133
49397871
35109920
36067263
35020462
38558116
39491423
41563336
37416368
35054193
35937766
35161407
36366255
36917341
36621061
35088688
35034868
36616474
35452121
35047025
35204031
35300685
43345382
38062166
38698478
39810282
38798447
36463369
38437502
38315725
38885005
38126156
36836920
35170070
35662039
35980969
35003816
36381034
36154783
35484637
36533246
35047521
35087849
35146530
39334427
35565622
35068029
36774526
37272420
37117028
41595316
35485355
35742850
37152137
36641069
36467350
39242564
35147056
35546306
39414417
38281293
40962421
39786533
37632272
35182077
36788284
35102163
35658880
35106615
36537626
35131834
36773433
46398834
38456848
39942262
38218249
35539479
35028264
35478231
36408180
40235845
35599184
35044600
36230923
36696158
35137444
35948953
35064376
35027190
36634110
35024344
37501287
35082878
35085552
38313141
36934771
35598302
35035630
40385806
36523224
35964741
38361269
38014253
35106335
36373293
35210945
35439192
35064610
37249824
46257266
39531505
35027202
38209974
35239165
35084823
37119465
35107954
37956724
37973112
35067884
35331241
37048083
37120856
35189113
36187978
35142678
35069001
38755454
35112432
35020296
35085282
35113597
35000207
35080066
35025935
37999221
35112244
35165611
35012907
35173891
40518711
39542510
40304824
40632674
38483954
38207788
46527788
35037877
35106337
38091296
37329395
36605188
36490232
35067873
35037699
35710094
35121680
37117450
35063622
35011275
39674928
35288382
36584294
35552780
35049633
35121052
35094674
36452956
35104440
45881416
35118970
35047496
37747153
35390687
36313000
35131739
35024663
43586157
41008206
37651272
38382750
40817593
35015614
35325469
35099699
35129254
44517352
35758442
36200400
35058434
35405416
36866883
37196518
38558302
39057620
35702786
35051315
35077597
36095101
36071865
40905225
37754628
40254997
37805073
35114512
35119221
35536924
36021927
35174785
35068325
42760250
35091102
37226647
35106427
36963721
37781286
35070413
37608058
35073267
40598685
35093859
36029010
35039065
35101933
39588048
40997011
37255756
35123701
35042215
38195871
37710573
39753476
41394728
35478808
35078095
35987075
36712843
36610537
41826747
35040304
36854157
36298442
35162942
36432366
35054900
35357859
38180265
35083728
39426244
40400056
36749007
35061689
35140919
36423107
37496028
39081604
35110030
37559921
35147708
36541883
38080026
35338502
35475869
44730638
36140124
36035723
35059038
37647476
35102651
35272860
35152018
39538533
39487417
40575726
38391903
36887329
39216507
35033659
35426084
40784687
35343713
37237153
35306101
35913798
35380515
38047630
35010934
41606612
37540998
35112204
35655195
35153471
35032642
36477860
39722282
37085216
36281300
35055193
36379075
35070514
37628065
36622052
35081942
36219672
35336440
36263880
35052491
35125822
36426319
37404990
35227104
41619970
40712870
36392287
37249450
37811800
35059188
37391679
35117711
38605684
36468872
39420322
35072828
35145837
35343736
35068244
36884614
35011736
36436022
35834528
35076699
36327852
35295388
35107991
35997812
35559529
36621553
35092708
35230297
36378818
35063111
35910024
40662870
40848385
36631883
35339480
40286411
35638017
36475674
35490181
35849342
35353699
35019792
36240110
36173765
36893864
35050439
36814489
37603825
35037496
36435062
35186288
35084475
35795263
35102371
35784253
43308127
36060134
35038796
34996985
36505768
35122630
35706743
35668504
35365630
39014087
35590617
37501673
36292791
37531843
35075487
35155408
37313850
35699520
35076030
35329344
36847684
35083563
35810730
35808943
36179469
35036942
35174112
36440936
36103769
40147833
38521728
35430580
37506459
35020828
35985018
35046481
36407125
36317909
35280310
35519917
42228552
35854967
37675997
35128331
40460759
35154062
35382845
35237294
44131238
36867539
35315286
37526184
35848481
35634516
36872286
35222739
37586010
38281768
38177553
35750026
36621339
35100700
35757360
36437388
35054817
35106860
37852370
35138116
35181231
35090931
36337191
35052907
37099180
37061725
35111068
35455544
35046651
35362653
35910351
38767420
36845099
35077945
35359052
37594422
36585214
36105668
35480181
36098771
35527548
35075625
39168246
35081430
39559411
35070976
35712095
35060982
35074494
43647130
35421868
36117701
35072024
35795592
36024265
35656672
35821642
35039680
34992004
36726566
35527310
36120279
48676118
38954822
35090169
35675051
37010326
36675258
35090892
39572759
36546610
35276276
35139906
36514969
35752483
36412267
35023479
35874249
36209810
35389084
35109563
35309357
36329704
54647848
35640186
35094235
36586645
36654181
35108669
36471275
35118287
36781779
36446148
35058700
35588473
35040773
35986066
37260168
35079109
37692670
35628594
46509763
39986730
40411365
40054261
41034744
38624418
35133491
35076535
36663892
42211693
37201871
38409679
35018981
36774841
35984222
35096228
36297639
35076194
35314936
35031531
36705195
35227197
37043391
40373796
35341266
36249964
35364851
35071081
35105597
35101998
35360987
36580265
35750828
35209328
36801674
36242066
35185045
36571648
35733410
34980753
35219694
35088465
40260568
39476665
37907877
38083831
35194780
35431646
35156371
36169480
35497304
35120134
35206886
38238869
37545641
35096803
35109183
36063018
36688927
36486115
35081355
35042282
36422096
36183111
35108895
36358997
36689717
35049574
35353495
36369090
35497670
36562575
35076642
35715325
38027541
35109118
35410239
35037084
35053993
36400997
35885418
35986963
35616108
35202889
35920058
35105420
36097131
35079017
35087638
49580679
36413441
36709566
35189625
35407652
35044664
36652175
37307489
35098389
36612812
35885399
45778821
35054689
36248286
36599038
35071741
35344045
35084287
36282870
36977632
41201879
35965183
36121099
35269100
37620738
35076671
38854284
35026014
35731264
35452136
40130551
36322185
38553794
39291005
38230155
40739995
39128060
36985912
35861093
35479221
35259024
35259695
35079297
35107997
36673733
35480240
37623763
35054998
56974160
37235766
35089544
35272884
42178658
39407739
35058006
35066389
35073269
35159389
35939282
40676945
40570075
39734726
39829449
38984522
37365555
35345160
36637469
35122242
35914881
36704537
37633275
36693552
40264736
35635354
39104632
38228050
39797314
40845149
39833995
40218998
39587218
35928565
35216785
35615041
39414885
35087264
36989507
36949202
35848802
35852348
39624404
36857886
38788972
35140983
36592022
40143372
36235678
40268690
36039437
35061646
36128199
40176372
38479052
39746773
38828709
39145789
39221015
36117861
41477447
42939689
37540752
35735369
36976816
36969099
35064276
35332065
46374764
37259606
35013505
35376788
44565777
40590243
35806361
35102145
37335797
35007285
37254987
35349058
38413988
35149768
36402555
41151971
35117627
47964914
35100740
36612245
35079941
35086588
36200885
38014407
36811109
35092968
35048013
35517082
38160218
36110646
35096756
36085845
48987534
40166807
52102614
36640321
35065184
35096502
37348332
39526946
39445482
38559059
38522516
35460689
35274759
34986218
35332560
36219137
35057336
37664423
35093567
40687006
39100061
37358596
36276915
35184963
37153187
35020414
35617422
37917074
35165565
35004612
35206962
35454287
37404108
35286135
36658391
35490621
38070189
39213340
38926089
39660481
35084056
35125271
35074626
36020197
39603943
35054876
36989469
35577354
38332495
45200270
39743139
39132076
40312394
39534164
40431281
39308701
39428129
39574706
40584253
39170769
39954606
39262568
39332870
38771480
39929437
42705392
39884057
35055215
36376671
35057778
40299811
35055337
35103269
36378791
35015181
36391093
45016339
35116857
37512195
35117882
35108275
35081203
38172514
35008653
35167703
35096983
35568176
36933390
40832122
38529975
38616345
39158914
37536539
35040072
35668943
36259939
35054794
35671064
41334408
35041236
40529143
35080014
39454732
36593738
35202102
36782448
35092176
36277832
35054465
35848776
36407763
38244740
38417768
39312964
39466938
37340597
39106316
39870565
39158852
39313731
44449362
41259910
38795760
39675065
38452949
38684047
35247190
35267958
35582953
36858661
37562393
35418488
36122328
35009839
37035218
36530311
35115755
47861946
35024139
37576150
35041488
35052927
36371400
35105671
39547192
35084067
35011415
36517162
35099277
37920360
36100602
35336529
38698860
35147365
36223188
35054358
35095806
36130513
37055281
35960779
36436536
35074483
35165849
35314138
36679917
35091732
37197625
37549743
36199338
35193974
36903197
48341501
37635188
35161186
35131044
35584662
35393330
35014781
36469391
37744275
38640774
35826631
35038670
40375215
37914376
36941265
35074089
35726699
35125334
35091408
42471526
35762464
36107217
35070504
35093053
35771806
35029909
38193742
35316592
36423034
38747962
36587561
38018515
39067354
38250538
37443204
36680319
35216352
36012846
35221304
35546434
42571632
42187765
36773226
36559752
36371662
35101521
35470169
35275983
35025419
37519064
40210190
49109375
35091769
35139205
37708217
38222907
35844240
35091273
35705761
35973173
36993117
36357567
40103242
35783089
35113577
39766592
41070106
39216962
40143478
39632257
38166164
35097313
36679610
39610257
38552851
40574842
47267861
38879888
35252555
35080693
36566451
39657229
40166439
39882757
39335230
38312694
39923731
39994277
41668537
39987239
38781145
39118180
39982948
37179635
35084002
35095955
36117141
43423673
36179409
35126179
36139730
35344426
36327724
35160580
35047608
37105217
36293098
36331183
35396260
37716484
36732378
35068682
37225919
35016859
35618216
36683439
35426805
35064262
37920346
35515143
36698191
35088097
36609616
35075341
35177413
36548265
35077896
40950856
45666703
35079144
36606176
35049093
35093387
35188386
35836907
35029288
35081418
36635065
43532535
41094020
35096705
36444509
39624545
35902789
35015461
35149812
35058112
38270462
35506175
35090540
36337159
38715259
35054821
36145675
40174802
36476602
35092908
37397927
35092984
35271317
40851330
40094885
40666768
38864248
36761242
35066883
36032748
35063662
35087904
37875397
35308747
35950256
35078207
35814555
36581583
37155786
35773160
35140178
35014510
36883356
35094605
38652270
35025542
35078381
42344926
35601808
38167824
35087146
36268036
38127952
36352810
36526397
36115971
36654874
35047868
35100572
37657023
35156651
39291202
35042860
38037840
39941710
41443910
40144093
35134261
40068929
36137485
38822168
35131118
39481536
35097756
35682581
36981210
38422946
36278100
35075698
35127003
42264920
35306411
38117714
36001816
35249191
35044159
37155306
36946800
35101379
41994001
40420271
35891121
35544822
35718515
36139799
37778597
37026119
35082137
37827020
35011677
35088414
36689841
39140276
40359036
38394456
40171420
41092411
39161320
37296645
35119860
35110124
35698553
36543245
46168477
36078703
39456424
36074206
35055300
40168438
38968238
35135507
37169001
35099096
36713426
35143658
35278374
38079576
35907836
36190934
35093685
40737478
36307172
35037419
39705823
35517662
35197337
36332685
37565763
40507161
35110867
35542432
35254389
36898691
36410430
36198062
39613834
39769838
40514553
40359278
40473501
40453570
37005461
37343166
36004936
38292720
35190628
35620122
52665969
37791285
39392307
39380221
40782812
41988729
40224795
39193071
37726053
35077482
36177308
35073539
39537899
36680341
35152187
36860371
35079019
36279289
35027608
35345989
36251048
36976313
44631101
37640088
35067589
35068217
35753023
37355284
35111979
36365755
35104439
38506987
36587268
35348467
35109547
36590239
36135932
37672677
35131775
54650432
38602905
35045806
35650890
35136749
40129176
37553795
37750614
37578450
35230827
37494279
35076000
35072698
37206478
36152253
36285571
36460015
35082899
39382182
35069208
36032307
37304067
35986533
36045129
37224716
36541475
37782312
37253145
35178260
35115561
38935914
40460635
44711378
39483755
40893011
37889849
38918283
34993829
37022903
36101896
35086086
36416134
41506412
36503192
36085863
36596662
50575867
35032981
35947428
35106922
42204611
36582455
37263359
38907507
36744417
35118578
35085261
35093230
38556686
35123764
38015678
36262678
35236279
35518237
36442215
35187823
35211408
35090033
35416343
39610405
39653742
39872334
36070710
36098207
36754260
36659287
35137470
36589225
36916542
57238969
35086771
37936456
36159110
36428755
36356968
55700318
35977287
35684691
35901157
35242884
37168731
37630144
36737277
35147401
35072586
35097211
37548739
40184751
36681391
37398537
36807504
35041502
36192910
36303822
39646331
36980999
35093367
36184178
35300058
37837087
36457212
35074498
37426279
35953933
46094346
35094434
35156696
38513282
48938372
36409289
35106473
35856245
37988021
35079649
36069885
35864408
36428683
35540739
35702529
35092322
40076761
35973251
36680046
36428768
35165333
35092158
36569497
35123540
36153004
35070374
35033056
36806575
35347412
44646426
36848955
36899919
36068122
35095434
36939630
35261605
35193364
35112635
35069952
36159132
37543868
36562341
35067315
35043643
36135472
36463081
36465477
36333589
36580956
35076535
35243514
39571222
37781853
37215584
35086590
35061006
35089237
35873867
37881615
35139402
36160127
35648011
35072396
36422841
35459354
36108946
41138134
36141650
37091456
35082937
36940645
35034888
35124387
37844130
35056576
36277958
35158313
35970063
35056013
35134962
36754376
53549921
37418333
35039988
35944884
35075991
35083103
36566502
43899223
37093489
35070831
35130487
37055080
37563065
35060776
35917018
36746294
35067764
36469076
36180308
35022864
41088761
39200277
39287938
38847328
35131706
37499135
37809574
36979199
35054190
47187546
38184739
35797312
48717238
38306048
35098734
37138061
35074367
35917511
39648418
39591185
40706622
38599129
36583866
38480412
35342387
36969416
35032993
35115240
36779161
35142749
35942081
35020367
36760380
35294283
35097197
36215148
35101962
37722774
35032362
35803680
36904524
35063697
37078206
35086509
36201234
37898473
39707944
36204348
35020166
36208631
38947261
35638347
36315697
50258357
35972085
39216892
36714744
35028584
35678360
36272247
35034021
35087551
35344510
35758409
37160498
38306525
38683485
39825048
40491496
35111454
36589640
35125589
35045117
35726237
35831404
35933353
38040694
35523138
37022765
35250700
37423631
35054014
37101049
35844514
35285792
41721928
40213867
37967674
38385462
35920828
37121959
35085290
36792679
35486077
35122631
35649000
34980577
36415447
36685405
35031657
38128545
35084916
36958460
35069247
36220133
38664423
35114580
36834980
35086427
35217680
35025870
35095735
36256216
35044663
36458362
35677527
37877265
38083096
40117551
38446133
50157798
36473385
35334596
35099177
35103021
35954712
38816028
40129858
41028128
35125817
39009951
35092029
38297344
35106963
37204704
36125330
35494529
38318014
35144811
35397346
40099500
36180895
35239766
36020881
35067878
35998829
46554473
38470900
35171504
36410073
35304404
35048237
36460913
36919847
36733481
36947743
34986398
35635202
36597123
35123465
37413153
35122185
35040929
38419868
36123051
38182885
35112332
52749391
39490230
40180802
41071121
38949565
39931150
38830133
41449738
36129909
35146219
36182230
36710007
35971490
38983352
35105542
35182601
38245245
38970998
43585395
35550288
36057570
35067510
35334678
35087503
35078819
36830568
36934958
35689251
35092152
41920504
36400577
36438598
35882779
35036426
35085956
36618081
38401324
35085659
41560277
36070087
35117934
35052412
36097285
40547699
36692441
35123620
36124518
35059235
35087276
35105531
35593285
36753540
35517088
35684524
35796814
35258397
41361475
35895224
37713286
35034019
47168142
35280006
35047850
37635207
35086820
36278261
35145756
40445377
37617972
35063813
38296739
35287337
42092728
35076592
37172407
37439279
35732661
40254506
35391306
37757760
37137218
35025480
35671811
36341181
42696891
35030291
37052202
36303709
35072259
36677958
40138347
35370841
35411108
35067269
37234483
35103345
41548252
38163408
35079570
37161278
35058497
36400676
35107001
40870079
35059064
40647400
35966804
35272979
36148584
35114517
36742108
37730757
35893299
40837437
35166936
36515465
35532434
44231324
39349306
39544599
36639726
35169996
40045862
35185156
35488850
42426355
35672618
35783124
39955898
37472396
40755857
38754149
36062932
36456140
37952744
35401428
35106805
36056844
37240180
35027275
37861543
36211321
37535668
35403263
35435953
35300945
35088459
35041153
36017016
36277629
35759315
35030078
36153832
35305493
40007890
35764369
35665890
35035646
35225418
36302788
35539037
35078842
35052424
37315915
35552908
35115031
35571039
35692038
35113926
35097372
36607819
35012419
35174911
37271536
35188899
35924298
35723797
35104700
39401705
35688353
35088003
36327181
35464475
36904471
37267949
35136235
35903089
35082259
35305291
35056852
35164795
35433915
36387952
35127861
35135583
37322017
35549605
35106096
35131565
35126687
35098318
40820747
35065690
35210809
35080466
35120036
37534388
35132691
35105551
36661703
35065912
35539244
35719481
35069485
52359399
35573129
41308136
41007994
36094047
37900088
35724047
44626640
46984972
36031166
41654983
40179079
35387516
37059376
35243049
35042559
35556475
35296789
35518368
38869188
36479613
35018760
35692766
35019109
35736267
35100289
40473454
36489970
35418175
36614941
35499021
50590492
48455531
37057733
41353536
35047144
35071630
35977898
36675708
35088875
35252457
35893033
37412271
35138264
35208390
35430649
38307423
35085521
35458339
45632444
35334435
35069499
35004052
35053066
36635535
35285894
36357921
35896463
36106936
38073866
37122183
38792309
37748165
35677584
38928451
40508536
45524138
35111706
35090465
35545684
36802480
35872858
39507144
35029355
35134850
37428901
35149343
35070825
35128386
35112610
38696920
35114253
35055062
35079465
37540307
35026075
38320976
36083424
42846231
38136343
35098152
35024494
37229721
37466803
37404496
35749943
36157993
50243134
35813209
38285390
35041323
38100358
35155102
35035837
35620367
35037181
35079046
35478354
36142967
41375949
35174378
35077683
35904586
35453450
35085194
35559871
35105779
35400757
35073785
38168580
36628861
35096825
36865609
35036757
40269474
36009392
35204053
48867179
35146115
36493354
36612454
40630651
38353406
36500986
36965533
35553321
35327021
35015709
36700842
36945232
35417588
37170451
35023745
35110047
36423217
35336279
35451912
35554965
35111617
36382267
45155762
37199298
35108783
35313099
35298831
37029200
36868607
35204539
36761179
44973454
37053082
35660089
35072893
36095178
35135313
36865853
35094900
36530698
35089588
45810310
35366325
35744556
40775528
35288152
35680891
35054922
35141939
38927803
35069859
37017171
38456573
38452738
38337971
37863046
38382317
35048689
36002826
35609732
37989951
41689247
36513327
36576049
35017909
35043212
35503674
35078834
41721538
35216382
35066317
35367877
35635582
36464551
36290692
35869304
35299064
35069056
36247936
35041616
35456200
37108713
36317026
39688393
38418087
39310895
37352623
36193314
35038150
35198646
38150281
35964451
35292067
35075853
35201498
37841609
35738680
38497733
35053086
60499026
35101302
35052670
35989101
46263797
35753501
35056612
36788928
36748221
42899714
38878182
37878922
35570043
36688941
37235685
35454044
37898498
35077492
35070330
36172455
35186627
37043754
35091198
35971298
36270348
35237383
36304854
35039118
35071731
35377316
37011053
35408506
35026093
37591511
35116226
35054680
35253424
35081769
37301428
35070047
36335349
35417074
35088247
36623956
35136476
38252364
35029721
35626001
35058038
35415106
36850076
35083809
37440479
35145012
36851807
35105951
50942337
36171563
36105463
36033629
39961017
36187639
35349783
36499100
36424095
35436421
35029507
35250542
35052513
37375948
36123216
41174412
35451106
47941617
35085826
35078897
36208143
35095915
35703619
35547121
40901506
39983348
38347814
35032707
42003055
40246980
35122935
35894528
35182841
39279100
35095261
36281428
35031494
37545542
37028570
35213658
42738882
36428444
35624240
36275389
35105773
37001925
35080346
36014832
35125792
35433883
37049776
35913471
35473563
35032250
37212581
42404440
35358044
36168531
35814953
42151935
35414127
35085664
36836619
35315611
34972933
35901641
35067328
42275580
35094593
35180975
38184996
39375729
39281999
39734778
36851091
35062019
35121214
36822220
35106774
46182407
35066300
36200234
35220600
39777957
36449014
35093459
36407377
35016177
36535489
35850230
35078085
37042048
35685869
35080405
35185568
46275940
39821620
39510164
35285929
37922698
36040400
35144419
35450494
35003444
36529866
36526784
35047707
35127637
35087991
44119528
36694410
35154679
41921685
37083945
36367589
35067445
38648700
37529239
36797804
39120349
35065349
35741936
35929634
35059048
37546281
35117692
40348720
39318577
39864309
38640983
36535869
35200114
35719988
40475630
40542964
38409912
38258476
37065370
36120579
37183876
35548466
50704148
35020014
36372657
35156902
35959485
37660596
40762603
40360117
35134282
35040265
36058431
36158881
38263654
40779273
35249819
50849210
35047584
36522107
36432896
39237171
37797727
39980450
37736436
35188794
35059373
35546800
36348558
38789878
41785674
35036241
35840197
35746425
35092094
36051841
37668969
37965615
35062576
35616257
36130157
36562920
36807871
35083529
35762880
35110760
35534460
35943616
35416492
53178543
35449691
35314141
40131772
37346958
35501840
35824500
37476973
35075747
38858006
42002362
35911499
35070012
37011898
40624773
35048177
38273455
37428353
39985950
40121463
39991325
35631204
35999187
35066750
35129764
37979721
35522311
35010659
35005309
35810909
36294017
36357435
37305793
35769124
37058121
60937927
36353374
35057000
41508442
36763759
35039639
35625573
35084012
35918452
36204894
36972091
36706717
36358556
35047519
36336710
35102591
36808460
35440040
36034436
36674160
35054344
36291905
36073196
35643713
36867907
35896471
43110104
35109285
36726284
35785526
35001806
39562286
35103427
36421342
35147818
35064283
36620795
35080441
41937348
35004748
40491271
35298571
35060888
36897142
36020226
35047909
39888463
39863214
40729453
36278075
39008302
35052093
35239248
36391244
35068719
35909982
35007627
36790146
37050565
36674211
37134248
40638331
36288509
36690697
44649808
35111503
35078298
36144621
36355424
36274763
35130856
35453354
35737457
38838355
37705949
35304441
36292525
36562295
38845097
35122021
38353183
39643411
35085537
35195434
35074836
36897916
35145530
35983606
35905514
38324182
49194309
37342524
36319309
35094762
35275329
35735812
53851263
35740346
35076354
35369776
40538972
37588884
38686738
35072078
35466584
36010587
35670786
35014988
35399303
42862515
35129178
36839595
35048387
36734833
44227020
35948439
36410449
35074339
36582115
35398439
42181663
37553249
35359303
36200909
35042242
37570932
35097938
39259364
36612897
36045169
35603001
35084646
36856365
35080569
35855257
42750596
35036199
36384617
35199816
51417569
35053891
37146413
38816488
35033239
37319886
35090977
36175689
40297207
40204320
39178110
40121272
36401119
35082383
40100482
46967369
36353931
41034437
35104979
39290247
35162213
36320099
35188286
36135519
35086775
35879781
36271757
39430048
39640615
35058707
35676707
35279368
35048059
38505498
35295973
36164633
37221284
38506720
37560736
35017093
35175585
35041010
36394024
35019559
35111537
36316976
35111721
36820071
49718657
35431307
37581159
35071199
39520416
36241818
35985515
35097913
40500040
36352802
35425187
41268066
35606801
35088757
35043336
35751976
36656013
35109354
39209150
39146357
40783726
42576733
37821504
36185911
40225979
35171256
35834794
36608553
37403052
35076094
35107479
37639741
35132061
37062564
35202091
38285382
35775031
37973222
36209869
35068824
35207252
35079610
36167606
37810849
35094035
41073602
36025114
36993058
38137563
36067153
37061994
35070232
36750279
36196351
35074920
36998085
36785607
38982580
35032480
35845179
36241666
35618725
37007274
35099592
35510438
35818894
35094574
36719916
36117072
36174574
35699101
37294190
49232844
36509913
40977056
35110197
38349253
36767588
35013879
46116184
35749978
36193550
35113183
36378544
42580204
37356041
41189405
40495787
38046891
37003407
36954289
35072706
35163635
36748645
35344522
38914819
39205032
35073263
35139684
35089709
37072244
35020785
36058571
35037550
35327923
36701104
37105904
36301616
35057728
37358833
39253890
35062617
35915539
35069289
39697619
36675734
35148673
36909015
35084192
35060039
37321558
35043814
35057831
36068015
36184354
45797566
36346677
35283854
36106773
38183433
35061108
36441834
38873961
35629447
38628251
35123134
38299347
35417271
35705412
35051425
35675693
36504592
35050962
37318610
35098391
38465294
35174149
35183405
38836444
36868677
35180245
36660408
36543101
35021935
35170862
35881664
36195418
35808053
35043031
35666814
35951172
36799319
37327521
36789599
39419382
35664767
35138037
38517794
35123432
36075107
35113699
37520092
36267482
35950618
40649721
37332841
35526689
36467044
37805869
35424949
37953565
38322321
38369839
37763382
35353591
35624919
35778423
35048254
36606219
35231629
36130949
35583516
35045357
37465340
36962655
38207172
35115675
35891507
37155961
36491348
36487831
38955522
35390152
43595550
38877630
38952467
41298064
38714551
38430060
38154720
37266647
37499607
49261468
36128277
35332420
35073060
40900893
36805728
36655805
36202490
42076351
36485950
35098607
35009079
35370274
35447008
44485990
38217646
39828754
39502913
36735855
41451859
37644236
38436521
38889124
38149317
36716655
35473321
35854183
36046337
37950160
36507581
35058689
35202680
36051527
39860293
37450483
35131200
36412424
36056242
37084170
35031781
35131015
38609537
35048463
35869862
36908769
35032823
36341719
35543052
47463772
39985473
40641600
40037473
35135406
36734299
36327710
36126369
36900879
35098680
42372675
40542180
39925695
39327880
39961339
35063399
37981294
35354592
35046426
35176352
36173055
40791560
37512079
37348667
36529429
36944865
39894958
35107217
36701452
35078306
35173441
37241996
36825807
37515737
35098801
36666856
37714570
35426611
37542480
37503050
36353700
40205523
35311368
35263530
35173789
36265048
36430900
35135274
36825269
35086844
35058949
38766795
35088832
35574038
35079294
35094664
37723396
35094379
35892659
40301168
36019195
36291692
37419988
45601262
36086454
40951747
35029291
38357326
38407283
38929345
38005888
40998793
39454151
35093567
36053385
35047862
35037346
40137350
40923181
39538788
40028062
36552001
35076986
37786494
35066667
35539681
35157546
35553345
39125214
35614223
35125234
35657947
52452053
36353060
41748153
35695368
35697080
37768973
35128568
35458266
36855575
35350137
40862591
35037972
36836388
38254673
38486656
35093762
37961330
35578223
35068587
36076390
38697329
35546359
49248686
37934715
35037851
35082155
37317128
42741494
45189307
35167216
37936326
35144928
37289318
35119567
35891145
36466826
35137698
37348616
36666681
35132045
36835697
35048510
36582942
36334440
35837842
35107173
35070127
35729208
38239752
41005851
35156467
35651896
35243725
37009375
37570967
35102740
35780674
35041687
35430630
42869950
35100639
35678001
37488086
37387247
35070535
40169962
39672273
35126305
36692083
35087472
35082030
39191390
35129250
39433948
35065066
35219982
35217878
38901176
35328997
35917068
35042761
35112249
38216378
38435753
36629885
40246433
39560782
35907289
36980178
37584015
35377838
37056982
35732873
36828129
36637473
35074229
36361095
35043905
35573363
36460035
35082284
36288186
35039607
35117205
35865820
36572531
36734927
35415267
36188580
38632891
40039050
36384686
35759161
36465441
50356473
36070722
35278537
37545875
37471269
35086799
35882513
35085014
40601817
39061555
36011978
35913843
35452469
35081158
35599334
35165090
36166570
35184349
37667213
36424105
36423595
37986805
35096956
35236521
35099291
35114145
36962469
35028247
35041825
36652679
35201940
35339567
35095346
35982460
35058406
35727315
38493837
36875231
36379344
35769762
35204780
35059712
38360536
37815753
35069277
36043825
35193795
35562152
35171454
40842957
37904795
35011640
35155232
51382069
35047602
36135905
35396179
36973264
35104452
35342570
36528279
35040889
36984134
35766296
46011343
36967594
35090699
36933880
35024295
40356852
35065514
35453519
36926092
35055546
36497973
35147333
37659625
38955716
39736070
38816029
35163062
38276365
35242112
35776819
35038049
35856953
35673215
35286247
37071034
35201871
35121754
36163061
35544111
36292098
39186910
35180336
35053098
35074788
35535423
36122952
36223937
35042920
37390303
35036038
40357349
36824759
38761186
36145933
35103252
38133107
36864230
37942873
35009642
37847678
35028052
35120001
35630368
35457648
37275353
36335274
36128444
35678124
35531522
36769647
39504779
35053590
36997752
38030959
36827068
36082117
37152895
35096139
35771342
36462945
40204204
35682380
35525852
35950176
35245982
35066750
37475998
35025797
36714511
38165948
48061926
49284913
35117666
36315031
39177336
37562783
35080394
38290655
40083802
39524747
38889679
35072645
35004743
39406142
37047930
40237976
35501157
35871854
35114341
37241341
35135500
35620451
35214851
35090627
36777556
35118365
36066207
36376323
38967358
44735125
40260007
39252013
35066092
36098071
35106437
40846903
41788377
35139827
36541706
35088765
35112199
37870714
36857588
37143342
35751418
36993757
35025792
35156830
37424350
38710149
37577808
35808354
35342960
36358963
35142095
36669126
41179838
37716293
35386414
42452010
35354178
35959863
37849663
39581628
36571159
38122543
36471823
35091542
37327864
37365090
36889164
36120888
35067903
36087328
36538076
35103886
36071677
35019487
35083483
36970544
35116695
36252379
35047289
35336181
36100638
35087024
38084302
35492010
36927265
35093448
40276691
37108213
36796263
35934155
35096703
34994692
36348331
35112525
37308294
35376555
35307066
38499268
35043578
38199856
35086068
36563979
35074404
35134700
36410272
35418353
35035835
40280000
45587981
35173295
35022998
36775641
35037844
36598874
36314572
35131258
37739190
37559749
48805581
35084242
35999948
36651604
35420255
37370922
35378840
36035715
35090664
37315818
35164310
36554826
35117865
35085470
35219204
35756917
40913868
42876440
37173100
35132548
35999187
36565522
35395244
37521081
35127729
37601298
36422630
37641784
35468144
35146556
36829284
35030381
36126453
36709744
35409324
36975626
35107867
35141106
37866383
39336048
36874114
35149194
36745756
35470520
35089315
35958343
35115457
36501278
35120869
35098084
39179048
37117523
37657717
46673500
36273051
56395651
36351223
35066722
35921815
36799370
35062320
39307981
35071096
35828977
36023812
35267320
37279933
35211825
35093904
37319713
35317570
37188255
39876825
40587017
37230464
35067916
35166566
35367737
40007068
37426994
35699503
37624076
35115482
37416344
37410975
38738509
35079482
35044380
35085497
45125422
42300899
35108797
38739706
35115013
35947086
36787296
35087953
36757145
35263193
43332916
35234930
40278822
36364132
35712246
36832522
35155066
37045765
35137842
39016219
37912278
40331133
36633563
35194829
35105483
36671526
36745922
36027436
42194149
37568610
35166530
36135068
35905586
35452282
35826379
35046241
36491827
35107148
36295838
36915031
35058010
35728087
35115302
35210380
37160719
35681897
37416380
35122752
35497002
36989166
35221964
36705607
35684547
35706346
35958954
37447463
42453078
35129075
35108759
38319368
35950962
37623795
35045798
36498449
35086181
36564613
35004410
39193572
38538500
35105872
35714132
35282664
35146621
42922116
35053774
38776983
35427183
47534941
36032920
35554848
36337190
35035680
36844360
35117172
35049993
35131106
35060815
37989020
35125608
42340397
35169069
42447043
38106317
35103112
36600773
37441641
35765054
36236218
35063994
36579280
36429661
40404935
37563485
35112593
38001535
35095245
35116669
35747502
36137897
36382999
35127684
38636847
35061727
35084637
37799044
35779587
36733148
35113601
36582520
37660533
35161760
58216992
35738067
36168076
35042215
36736729
38760961
35045790
35158934
35059680
37195287
35026073
47925316
35218328
35894847
36570129
39011442
37318978
35037633
40667558
37185659
35062131
36463710
35181971
38548240
35067496
38221216
36894805
37268719
35458361
35021279
36494112
38987684
35755760
36492388
35049928
35373560
35082527
36921863
36298687
35342498
37463776
35071392
41259869
40964040
35049521
36089428
35185152
37172895
35135782
35131893
36112343
35314141
38599267
37285742
39118024
35129951
41644689
39178500
35036981
42503907
45279687
36545196
35056448
36669447
35814222
35186700
35190256
35049143
36978285
35579143
37126988
36235569
37711903
36337747
35052416
35290356
35815760
35204188
36710576
36800827
35101597
36963279
35041498
36670286
35107461
38291579
35030930
35125687
36822273
35083122
43153128
35040952
35090978
36751977
35119457
41345550
52199633
36232554
35357004
37241027
35036076
35634914
35904678
35115409
36359097
35003106
35105671
37011246
36264040
36407026
35109776
35575979
36138923
35068250
36546940
35106870
35930428
35104576
35089863
36679941
39245692
48511184
35050637
37986055
35057027
35350159
37048021
37630373
35416392
35090000
37028225
38264555
35208627
37033958
36142808
35029667
36850013
36951618
37118021
35589558
38480569
40622428
35169684
35063492
36068057
41812977
35125718
43409925
35134529
41194382
35184279
35032156
36940506
35051804
39159437
35095980
35689236
35491260
41695369
40574257
35030803
35270367
37351893
39079466
35472503
35513606
36461443
35922676
37784475
35325474
35077588
36859473
35208915
35077277
36893305
35086987
37507366
40448670
38401399
35070971
36397550
35442520
35027933
35469171
35115198
38884306
35160659
34999552
35417844
36913748
36597194
38351227
35735690
35043949
35166186
37734891
37515605
36627760
37543552
36629147
35246853
36654209
40948456
40252076
39165043
38603516
40512501
39425579
38695527
35067233
37378559
35084179
35692270
36328333
36106917
36194899
35098659
35169217
37420535
40596457
36393565
35082950
35476148
36504652
35000895
40027607
35652796
35075975
36938204
35201851
36637202
35231566
35093260
35278511
35142396
36065668
36410185
36385797
35029672
35057226
35088655
40182732
35004866
36314903
36589936
35028051
35062688
38960610
35505096
37455322
35036946
35325463
35467665
35024959
35733748
35061442
35957803
36078567
37251108
37977160
40197491
41744913
35064660
39353062
35698483
39046965
39616570
36155275
47534740
35057896
35113877
35192826
35586312
37356824
35044080
35044498
39018812
36696150
35033174
36182161
38046144
36039380
36470496
35054847
35062936
35053768
38119573
35030528
35016311
36171759
35052223
35450976
37106806
35557663
36800656
35080961
35155366
36388771
36564594
42062553
35834734
35168944
35314833
35053021
38254877
35097897
36878676
35063844
35108493
35121830
35015047
36706873
35234250
36252830
35059707
35633796
42481875
38040586
35363053
35105870
38042394
35101995
36168147
35112413
35308421
38508251
35570842
35434585
36043946
35234259
36094500
35058386
35113782
35105964
35396067
37903836
35616194
38107309
35143042
37084588
36571486
37780811
37273380
35009483
35508760
36780175
35143574
37375646
35080435
38611745
40108014
35051110
37654516
36052108
36536854
35795746
35118433
36978548
35084918
36359663
35031559
35963088
36074415
35362494
36527165
35102206
36261639
35673330
40160226
36978577
35885189
35935043
53889107
37668388
38850305
35248885
41234909
35059345
37804032
35248897
39368258
39417003
39134848
38464652
35023514
38177646
35113987
35470116
35108135
40596441
36607324
37006253
36767185
35067632
36087732
39262393
41303640
36892635
35902719
35199045
35157414
35139776
39293256
38897060
38757613
39933400
37007269
35032125
38385901
35024679
35149102
35786290
36418408
35766348
35317972
35027718
37197971
36044661
48078798
37781557
36278393
51621391
38155173
35731546
37091358
36485896
37113724
38107737
35854264
41600656
35093672
36249062
36396399
35121945
36438203
35057132
35727049
35075510
36923663
36710713
35583346
36255982
35029845
34999726
40949610
35889305
36663693
35095432
35130997
37280463
35037982
36494326
35055546
35599111
43736140
36316057
36552717
35194223
35343969
35072345
35158567
37035509
36458823
36264077
35044579
35322893
36416084
35517335
35074880
37041923
35088221
36769362
35017488
36787926
35064262
35358996
36651341
35418349
35288079
35320421
35081690
36353702
35120775
36106574
35117290
36050145
36559447
35094997
35252833
37824893
35051112
36445738
41034585
36831176
35117913
35093683
35238383
35075925
37389093
36904487
42990153
37297065
38021197
35089493
36072215
38210969
35044597
37789633
39176796
37358774
35068223
38714705
36547784
38320109
35939901
35101278
42098326
35048170
35363374
37314451
39431869
36523258
35550202
35494459
35267282
50018729
35103238
37564382
37485047
35120452
35488767
41434656
36952299
37104710
36069682
36744604
36715150
35138937
38073994
36212345
37795604
35087107
35089204
35035999
35011518
37992334
40146734
39006896
35026312
35008211
35231887
40243139
35098543
35089084
37780684
35019026
35925406
40053205
38843644
36327051
36120386
37394553
35105490
35050393
35904414
35937246
36316239
51585721
35604398
35076533
36123555
36002918
36380179
38519704
35142244
49086785
35053616
35836507
35016644
35099935
36789923
35191201
35649737
35061654
38577850
39180180
35190671
36081320
35428399
35098676
35823779
36618184
42040101
34999870
35562026
45318116
35037643
36214273
41353508
39510538
35123042
35777840
35076655
40864909
39451516
36616326
35477272
35272176
36096505
35143591
36185598
36282716
36091644
35673174
35021472
36298281
37039031
35251876
40448844
35148900
35020064
36454541
35130924
37337544
51239794
35734134
35241304
37172088
35098265
45093505
35038963
35069722
41848452
35605728
39107687
35944277
35067981
38913386
36726585
35797635
37898012
36812466
35042481
36039242
36670203
35478783
36829950
35046763
35141722
35119892
46472328
38263517
35166615
36855843
35129185
35007266
43789412
35097158
36992945
35053946
35761731
35032733
35077764
36359718
35039711
41148788
41921102
43816070
35170984
36034192
38765726
35026095
35926721
35108190
37325608
35598093
35071684
35993720
35371544
36237556
35107893
36021720
36495960
36403825
40157022
35365763
35967748
35093421
36068591
37861746
37061090
36025531
35281833
35454494
38837088
35054553
37528042
35103713
35079667
37637480
36145237
36209398
35061120
36385146
41002260
35074341
35989931
35054081
37500946
36378749
35758387
37913106
40401438
35150797
34990271
35200346
39426335
39906761
39205562
35013347
36297627
35015735
36408205
35030866
35091150
39028511
35910150
37555761
35081772
39367175
35146610
35060299
38105835
39019553
38913251
39224472
38186130
35488549
40430737
37835743
35069710
38266845
35116837
35092156
35087856
37600282
35008421
36623186
35067688
35061595
37510297
35021301
35219614
35286404
35346758
35034443
36939104
35230106
35386522
43361955
45189190
36343407
36133738
35190232
36348166
35888690
35950685
35044066
38958209
38629167
35941995
36310219
36699950
35042248
37045727
35456580
36071336
35420125
36865480
35084243
39614866
35083344
35076675
36767851
35104700
36146900
40128751
35094578
37687475
35234512
36703188
35121741
35146475
37318582
35183081
36118020
35085133
37686369
35567265
35157322
38410570
40664996
37883576
35103276
37101569
47057515
35059988
35348696
42580594
35455087
35759695
51910851
43606416
35135190
37736471
35072184
35168201
36263474
35082792
35824504
35042057
35126988
36408850
46186421
40367803
35044561
35396349
36127727
35775726
35916867
35081456
36821675
37838353
35076535
37096885
35763638
35036611
37626709
36848758
36511040
36087843
35059958
35614628
35831067
36961263
35926048
35008883
36168899
36203316
43802696
36373256
46295358
35061105
51130099
35036080
36486734
38906134
35393060
43878850
35240230
36304526
35442058
35081907
35234872
37168024
36220474
35057301
35076145
38338046
35077953
35237087
35056358
35036873
37419191
35152749
38723165
35231834
35357603
35155766
35119697
36160657
35112781
36457751
35080896
55981024
35064664
35046042
36000837
35562670
37780600
35368044
35095300
36465197
35322995
35040239
35148183
35019432
35478517
35065701
38301354
35224808
35075162
35107784
43341927
36556323
35068636
35927813
35070330
35182247
37733662
35325345
37962068
36884526
35094826
37923728
35760859
36589633
35096429
36080779
35120284
35510065
36906198
35414919
35036845
36022931
35203555
38164425
35081335
35303622
35712246
36595725
37761928
35441480
36010910
35122931
35137045
36411839
35619622
39549939
50968383
36643080
35023887
35818360
42893494
39090151
40296579
42696275
35392546
42973954
36546785
37895213
37695281
39434074
39373096
39692301
41699856
36502521
35135029
35195014
36488359
35098643
36206731
36005403
35150320
41138192
35823787
36664642
35098909
35078668
36318627
35759781
37393365
36423469
37102333
38643208
35118373
36488425
36559541
35663132
35142477
35101192
36396998
35039782
45307561
35087024
42070186
35076957
36133441
36743842
35108495
37699789
35005681
35264259
36182358
35885123
36196337
35021866
38839050
35965893
37032850
41931403
36416333
36071650
35082503
35041492
38152424
35915797
35530252
35037210
35060437
37263141
35067065
37410699
35043545
35039229
37862886
35016495
36449095
35285652
35072452
39499437
35195923
36214321
35092166
35162642
38667060
35751832
36403776
35069271
35065710
49430454
35663991
38985198
37101320
36229568
36346290
36821736
35112039
35902927
36418813
35070228
35224583
52276959
37022639
35095016
35103291
35077126
36503879
36685328
35079838
35020237
35488761
37250843
41539660
35078464
35235878
35161451
35106464
36586881
35105850
35856657
35055473
35052103
37054958
35052369
36119436
35004612
35588317
38263365
35828715
35928415
35084046
35116303
37055899
35076147
35413694
36559175
35947609
35223338
34995592
36612225
35076441
37452283
35014890
35008660
35548863
39391265
36416433
35338143
35116920
35309320
35053385
36377195
35954157
36338248
36678643
35472880
36339377
38246709
36830292
35027431
36568092
38371366
35119222
36554117
35004509
35160365
36667368
35081520
38520893
35030781
35023621
37180443
38238316
41486733
35086876
35105225
37448777
35621160
36520393
35038280
35472607
36068714
35141684
36948773
37662647
38133253
36603826
38947222
39585004
40017870
39646141
35228840
36156591
35073265
36745560
35971156
35075416
37093887
35518913
36303458
35905927
38232102
35088137
35051568
35047951
36510691
35174723
37279750
35511692
42081574
35069814
35069751
37234178
35040380
39044576
35116223
38732230
35139105
35046062
36622666
35017125
40577739
35113927
35279066
36481849
35927661
35118401
39088236
36524118
50139210
35917235
35929181
35374369
35972954
43707743
36871667
35050086
36089194
36716774
39052959
36154093
38543606
55498948
35073618
38761767
35268023
36259769
35064461
36995323
36795856
35579730
37535668
35117512
35625446
35067433
35376707
36277203
35183563
35154454
35119821
52706052
35264077
35137170
38171951
35024206
35772135
36965348
35116435
37013492
35052652
35177125
35610711
35907473
39045512
39703181
39496647
38076113
39002495
39139454
39528954
36573540
35136212
37804251
35138090
35025219
37113345
35895333
36369856
35133715
35054299
37148144
35274740
37164796
35210291
40380655
35093599
35123345
38263000
35042786
35565221
35088186
35738548
37300697
35891711
43724390
35193067
35012733
35869133
35652936
35064216
38376841
36682134
36969055
35459800
35096561
40191299
36228245
35291187
37789818
35263570
35102824
35558575
35860796
39961417
35966090
35698550
37675962
35040451
37098580
35861694
37159627
35012319
40973107
35005082
35759588
36438545
35119742
36532771
35178571
35195568
36676055
35052822
37111842
36115227
35094465
36320775
35048514
35154362
45678681
35755443
35109326
35145843
37656806
37755958
35535961
35078565
36627667
35840354
35219820
36464876
35034758
38334463
37110412
35102902
40600460
35088887
36932338
37984498
35139981
37529371
35320608
36018198
35300901
35020938
37140849
35220130
35074682
36975896
35887463
38290850
38429339
35264475
35110540
35201303
39690408
35067038
35823369
35011187
35504077
35026005
35485580
38627779
35058792
35077096
37530545
35087175
36287296
35865899
35298262
35806765
35462155
43510508
35114061
35299676
35095210
35039522
36639902
35630781
35101948
35273145
35574459
35157950
35016264
36644125
35062403
35154080
38905416
36346684
36727994
35639685
36057198
42315601
35367902
35434362
35079824
35007456
37280768
36304157
46909875
37420860
40383315
43184442
39614295
38629611
39730962
35134050
36514429
35184563
36786988
35131761
35122600
38793176
40394709
36838045
35043763
38813616
40782790
38261096
35108381
38257218
35038977
35279971
37049056
35030565
36243638
36454307
37017470
42787842
39038458
39510341
39434931
39259904
37820382
39853103
40779282
39003607
40698599
39059006
38787035
35054949
35865032
35080014
35103936
39881747
35094361
35965310
35058866
35873350
36211777
35690043
36209256
35113752
35067112
35359371
44947736
35838906
38189452
39389449
35121033
35807462
35129021
36294345
40485998
35332267
36186111
35059942
35129396
35053950
35118763
36248175
36451143
36926900
35052798
37649162
35132350
35150448
39629568
35091091
43855414
35095901
35089740
41189698
36711208
37017260
35170066
37049228
35037611
35091021
38488099
45649206
36554263
35897142
35588331
35064941
39270412
36337025
35115939
36569043
36392493
35089825
35717884
36441533
36495050
35082467
37481388
35080860
35494006
36500886
35054047
35081731
35715442
36065854
38359500
35091180
40433928
35094936
41230122
48043950
35888582
40116040
36642976
38220948
35100873
38758831
35074686
35094308
39740921
39977702
38438410
38881725
36631500
35175404
36522960
36298933
36775556
38531405
39642730
39662602
40195218
38754641
35081828
35617617
35100065
52842406
35434996
42269796
36777394
36485274
36102934
35039990
38309140
39371444
40479182
38905801
36552516
35223006
36353462
36307038
35522145
35082276
36559108
38881460
37177290
35114925
40250323
35132220
35056204
38412939
40678935
39433925
39708310
35249626
35127159
35350435
35571801
36497208
36759939
35023981
35129293
36677779
36163810
36642231
35037190
36334257
37869341
35019506
38514645
36673857
36115440
35080128
43493663
36334817
35103438
36514493
43959659
37175057
35028852
35150125
40720416
35107307
35762017
35079651
40898400
40341059
35373294
35077339
35053218
36335564
35030199
35070019
35390156
36087474
37794043
35043202
35069287
35966340
35097272
36847850
35100491
35357459
37729235
35034505
35009499
35839799
35768631
35375996
36662178
38485632
35001881
35093551
40014394
35372801
35075818
35176539
36820154
35054496
35200534
38731861
35082111
35511462
37466032
35074243
40551083
37568786
35087091
35821768
38964926
35866163
36219152
35017291
35829083
36877373
35123577
37005891
35131876
35719856
51346545
35709048
35915871
35054654
36186248
35157417
35391048
35086131
35432910
37581387
35074490
35723990
35069633
35120769
36320734
35821234
36926096
35352404
35240319
37038669
35649835
36495345
35088944
36197675
36889269
35761688
40214795
35073350
44954613
35123859
35117944
40896166
35049123
37855246
35123906
37379166
35056322
35880056
36110415
35903473
36725943
36301982
38776638
35090204
36484171
36028249
35787683
36376799
39204514
35006937
35359041
35138812
36410569
35077941
35049160
37379389
35116541
36335238
35492375
36106959
35794518
35448907
37555356
36624094
35949345
35716785
35022201
36006171
35265148
36239862
35199576
36386065
38170202
35152997
38996515
35114182
39638405
38941982
35087851
35946995
35079435
35091904
35152792
35958117
36420522
35091441
37547744
35186953
35071979
35083896
35892675
35782150
35136144
36164196
35044321
35026830
42447761
35103737
37488685
36111375
35072199
37249824
35498280
36482907
35166889
46877939
35100524
35086239
35039724
36727793
38934778
35012691
40764706
35175954
35378671
35737093
35968125
36159159
36734257
35029533
37276202
43701403
36425333
36016967
36079306
35312495
35157586
39918825
35089931
36694838
41269114
38088207
39695969
38379485
35500378
35095511
35954594
35101050
36476915
41760347
40765561
35068389
35048841
35283458
35345651
36246285
40146558
37565716
35094036
35094596
36363312
35055696
37427955
35081022
35560265
36086676
35095761
39325000
35102494
36035113
35308364
35321947
35625834
35711098
40272052
36674759
37692231
35100959
35147363
35078794
40276409
35148622
35379134
36391487
35021188
35116989
37008081
35690769
38429867
38369825
41276950
38569233
42309696
36249131
37629533
39997525
39515703
38713841
36181277
36721185
35022071
35118484
36688891
37792936
35054281
35396694
41526611
35127554
36881494
35064815
38172859
35053393
36619180
35058209
35105998
35989525
35363950
40617580
38992598
35070582
36866560
35087782
36065510
35087051
35594333
37142826
35085777
38884615
35065020
35034188
37197885
35411051
35075341
36024007
35099453
35079283
35656821
37354686
34989076
35098958
35248200
35079267
37927863
35029609
36069132
35786459
36338906
36652805
35652240
35086295
39712262
38283637
35992767
35912094
36519527
35344969
35783055
37568991
35078540
37226554
46924449
41415258
35029658
35075379
38500095
36165781
36888075
35159755
35106465
35282159
36956881
36970978
47831556
37583048
35128255
41458763
40175224
35905561
36892379
35297537
36146978
35208471
35327536
35021122
37875650
37165489
50355955
36738731
35251680
37024715
35095419
35442936
35284771
35936682
37438966
35054122
37615855
35070931
35368349
36565403
35049722
36055900
50364121
35079302
36314419
35052016
35112486
37391439
35751113
35103376
37077830
39782600
41319708
36355087
43011930
36601035
35671563
35149872
38235746
36132527
38359504
35096852
42397798
36220846
35528245
38668707
35409857
36589199
35134509
35093951
35325806
35094895
37006367
35215990
35135394
35599084
36619328
49845197
35104832
46065354
35764432
36340720
35224818
35104215
37747521
37881700
36473733
35911795
39168163
35039912
35851016
37565346
37494126
36275513
49232192
37933069
35007885
35384679
37962128
35734079
36041413
35081560
35405059
37859889
36132789
36351287
36935892
43666509
35378937
35395898
36685752
35088329
36482800
35013264
35021080
36052646
62162065
35367753
51438341
40205752
44075127
35174437
35811346
36383332
35933649
35286897
35094156
36917719
35064983
37333867
39914859
45219840
38544992
35023375
35527375
39747770
35200807
37121384
35099161
37079087
35592885
39758649
35149357
35121113
36647540
35122056
35089590
37895181
42488671
37504456
35051214
36016969
35060797
38362299
36396067
35446318
42845181
37668278
35940677
35026428
35104857
36199463
35112697
36098294
35129307
44337494
62383904
35910617
35161608
34999965
39612107
46496886
36428598
35174667
36839788
35053272
35037921
37130227
35069753
41693677
35468056
38321485
35232173
35798572
35432143
38353766
35183875
35080884
37137420
37022530
35051502
36580262
37659302
36542626
35067307
35089512
35779187
36213409
36492054
38835483
38452489
35437534
35159510
37343332
35084837
37840341
36277122
37422507
35587165
35061630
37305844
36151170
36539247
35276290
36065665
38375970
38740920
35545429
35094949
36439204
35017990
35141962
40850875
52606609
35466817
36765676
35061086
47681390
36020170
35090041
37107103
35914422
36494298
35039629
40258869
36980605
35904635
37252197
35086953
35390442
39480362
36460113
37075382
35548928
35094282
40116992
38220024
35613896
35095096
36011875
35043901
36086556
36633027
35118765
35071268
35536469
46160363
35163000
35028228
37360070
36776998
37427132
39261369
39549151
40272243
39910876
35085753
35059087
35971681
35096352
35080108
35320809
36118559
35219753
35958994
43709681
35042168
38306098
35056099
36116754
35113323
35436269
36085252
35064244
35151785
35103156
35618543
38969283
35090518
37736934
35427340
35429739
36064472
35125017
35498661
35096202
36607632
35090347
36039547
35591235
35061591
36391402
35016157
35336061
35308130
35222856
36759050
35245017
35009414
36528023
35073017
35908955
36317663
37568647
35173576
35943019
35788828
35253301
37891772
35334839
35097857
36232046
37902150
37064633
35054437
35352838
35051597
35860788
36929874
34994387
35326452
35449393
36503657
47154400
36948823
35238153
35156877
36350286
35071441
35912855
37501586
37342427
35804490
39157870
37158309
35024266
34994332
37228740
35016786
41780245
35647550
36996337
35018094
35702264
36443522
34994216
41501220
40158988
35097037
44323973
37549352
35074041
35129486
38340682
35032656
38454748
35010231
35088562
36454864
35062410
35434536
35090065
35009679
37304387
35030148
36008350
35064470
35025031
36275850
35005494
35245628
40057709
41101456
35095578
53951834
35048335
35103167
45165845
35068906
35334090
35079334
35481084
36763626
36833873
36846696
35062969
35124554
35074244
35068926
36250016
35052636
35042479
37740324
37222451
36660366
35057531
36376838
35084056
36257632
36467742
35073618
35810549
41921188
35033739
36644504
35950653
36188788
37537657
37552427
35914903
40101772
35984266
35254614
50383871
35069428
37362489
35098296
35555427
35105320
35666035
35083369
49977606
36049333
37079427
35002841
35559942
35330784
35087088
35078938
36507752
35688841
34999282
35885358
35102131
37520860
35486500
43635995
35083339
35069808
36747541
35094424
45979212
39207821
42313936
35061551
36028415
35254331
35849902
36518117
35530239
39630823
38648264
38752413
40236331
36620234
37040021
35042410
37130508
38236100
35173145
43627361
35069177
35917282
35883683
38378908
39354569
43835025
40349723
35046304
35073248
35292120
36158747
40241385
36626115
35093662
35206896
36839321
37844889
35100995
38208875
35845188
36006334
36348628
35733386
36118531
36673394
35015542
35158403
36243610
35117741
37959817
36625688
35070768
40658932
35092415
36085398
37056870
36556512
35167547
35266463
44366480
35053919
37231454
36348644
35993328
35505661
37512085
39461238
35111235
35387690
35032632
42185148
38566372
37921305
39308526
38821926
35093217
59533354
41005337
35111106
36310483
35051108
35602145
36363484
35090528
36954383
35002090
35649493
35045557
35424297
36451977
35614517
37439625
35117414
39929303
36282547
38355109
37048600
35051206
36987476
37374070
38482365
36556417
37245402
35349943
38533905
46096050
35055720
45198951
35797679
35099633
37190002
36348175
54563685
37255073
36204232
35139642
40567334
39581031
39351297
38716238
39740616
39664523
35515557
37023897
38356475
39453243
45394723
38357295
35352304
35075637
38877337
35080955
37788818
35075306
35302987
36205756
35100443
37249629
35095872
35192257
41328369
35260857
37445322
35072928
35124854
37835054
35072949
46474509
35093859
37201127
35059489
36955722
38153154
38766969
38571744
38678729
38679668
35089608
36338802
35094044
35653361
35929520
35086025
45997404
35140391
37847509
37230623
35450197
37331970
35708508
35425993
35081916
35569422
36617508
35031514
35811793
37480529
36127242
36502446
37211393
35299387
40344114
35048991
36543193
35101385
35279299
35095771
35315343
36397623
35075727
35939119
35126987
37285235
35097587
35275425
37049890
35123615
36279216
35081185
35024972
40112280
35055243
37726351
35058069
39018757
36832989
35099360
35102535
35054730
40615675
35168169
36562821
35106545
35467063
37715864
46471350
36212361
35060813
36630660
36337946
36178667
36914757
35090530
36627451
35233979
38846468
38217415
35351853
35610687
36749513
37773239
35030027
44582959
35128159
35982665
38557235
47916985
38825711
35410633
35495421
35094100
35747532
38699897
35098980
35953131
35518059
37964469
35570696
36548393
37582094
35525632
35089610
36613070
35806092
36676016
35121655
41354308
35160401
35019142
35675591
35040338
37299510
40080020
35019859
35170364
35695055
45972235
35137716
35367058
35252305
42713149
39456223
35045887
36610269
35909636
35651293
35318658
35542178
35102096
35062741
35021289
36327594
35001007
36298825
36270351
40426795
35382362
41677062
36578047
35137426
36569908
37959118
35554106
36963934
41777013
35131736
37563882
35685010
37544428
35353392
40820721
35083727
35056871
35537742
38963071
39346485
37317479
36122623
35106938
36865452
37706919
42721334
46605550
35388237
35152148
40642227
35092106
36421718
36289836
36480848
35461558
35065456
35986808
36412722
36617720
35389327
36426008
35275142
40187832
36695027
35262010
38678414
35648972
35158022
37244661
36340517
40785597
35513415
36863562
35382301
35048755
35854572
35914781
41950121
35130209
37495451
35056748
35038699
40159728
39705904
38566574
39243809
35024923
35432461
35420560
37166584
35051108
36538075
35060630
36093551
41307988
35025467
36285172
35071053
35095458
37248500
36340538
36073339
35012892
35000206
36887014
35122787
36659019
39797308
36853793
35764337
35182220
36095069
35052339
35284535
36860407
37285136
35959278
35063824
35500239
39206667
35088639
38384587
36155954
36413865
35079244
37690063
35756331
35010038
35313679
35146475
36705738
44642794
35073669
37467404
35010700
39033692
37563171
35045540
36965380
35264562
46914703
35125082
36573763
37417612
35705032
35632892
35567499
37261705
35175305
35552081
36954651
35074646
37324798
35057069
35033226
36907981
36477316
36600687
36258611
35652087
35034007
37042456
41259459
39269435
38600786
35052836
35254677
35077002
36980753
38708687
35386226
35524647
35153600
35064940
35395069
36458561
36551405
35143803
36484553
35022659
35087658
35068303
35179868
37054678
35029314
37066555
36178151
35036156
37256446
37137735
39949443
35784145
35669642
56049827
40741769
35057423
35070094
36960259
35524653
36641465
35043076
47610881
36255495
35032254
37919582
35069155
35973728
35046028
47181942
35167090
40618807
38107400
38727267
42315644
35121513
58932307
35070565
35988716
35473470
35094984
36761761
35381643
35337663
36368778
40113676
38180222
35598455
35236607
35025713
35713407
35079450
38097688
35552184
36222960
35110231
38952932
41087060
40177712
36906903
35055377
39303219
36375857
35798281
36605093
35065093
35066671
39586418
36472168
36443520
35010964
36301440
40310995
35074879
35462503
37014787
37858143
42513837
36564779
36138543
36618969
40260986
35349976
35459907
35023312
36607364
36053030
35046227
35544359
35961494
46322959
35036363
36777711
46612968
35061770
35198129
35040170
37119341
35071169
37040335
35106157
35076303
36290619
35437234
36215182
35057981
40261012
35945581
34998610
37972872
35081642
46618902
38410330
35082341
35891369
35731571
35363557
35012271
35010651
41762748
36340431
38165699
36609148
40398134
35067218
40759584
40165026
39525460
38538809
35912284
36036694
36154166
39146258
35449530
35062645
37648429
35056783
35782662
35013257
37142203
36967200
35043655
35734117
35084958
35155555
36047641
39845874
40403529
41373530
36325642
35086056
36212250
35064814
35289497
36350448
35110743
36570211
35055804
35478572
41224315
35004624
36290036
40792014
36815725
35042416
35967726
40174538
39030325
37369863
39959353
38475702
38135673
39084431
36716168
35108624
36886346
35071485
37225127
35069348
35094673
37763232
35102604
36274605
40331023
35076318
36353037
36015974
38029120
35073736
35673322
38434039
35041435
37240363
50603585
36279699
35621891
35776699
36068264
35442890
37649802
35118870
36231260
35167031
34988872
36248499
37544238
36171860
35025642
35474223
38021450
36795878
36935273
35211162
35115393
35212088
35198295
40440750
35041850
35670743
35122969
37826055
38496990
35053342
36106888
35054926
37583004
35917686
36077123
36333103
35438400
36287950
39196917
36103917
35858437
35085684
47499908
35070208
35887715
35131525
36971606
35815896
36017699
39112406
35111558
35204730
35459350
35663580
38536824
35838315
35158059
35019341
36671444
60698312
35225769
35087138
35079590
37122160
35027190
35545596
35377052
35138561
36581127
36180609
37362258
40235449
35805437
41962574
35095860
52389522
35445821
35840777
37042360
36589453
35077362
35737412
35942826
44050168
36030496
36554544
36244776
35094083
50302086
35768767
35193395
36667016
36625898
35119132
35665320
48291187
35044341
35047331
38915246
35081018
36509647
35024582
36856591
36348825
35129553
36165769
35137941
36326601
36271274
39398696
36853843
35118864
36576910
36089115
35082029
36564750
38102474
35120853
36640987
35091235
37545690
35120016
38404931
35465297
35293899
37268351
40657712
39815803
41274281
39047755
40360492
38962219
38129114
40582782
40905920
40796676
43030155
37900578
38944642
37366603
35075755
36294850
36240579
36738224
35100011
36153287
36632995
35247481
42692247
35581683
35070683
36627297
35818333
36679274
35058534
53521412
35087306
35063972
35080563
35148348
35688132
35844581
36465875
36025961
36085034
36624861
35128279
37515958
35225200
35094194
36281131
35113148
36846296
35060660
35485836
37903259
36426252
37845387
35000568
37131378
36414471
35316653
36873622
35063602
37440719
35010434
35367495
38999206
36706046
37235888
35103331
36962035
35576566
35111363
36643978
35057905
35199676
36302123
39400260
36612438
35023201
35449044
37919397
36639557
36144085
35113918
35811393
37478403
35591607
41876441
35413574
37747139
35065865
34993914
36691545
35339322
35508929
35626151
35543969
35953920
35552713
36965784
35097296
35166063
35911632
35756455
36666545
35501237
35280517
39346759
35168102
36449469
35086937
35343331
35189332
36136364
36834531
36717351
36782106
37028288
35348950
37681260
35430947
36426149
35074027
35648070
36060647
35660495
35131923
35110429
35061354
35879898
36125840
35198796
35269309
35107960
37403474
35964658
35000093
35046479
36113068
37931954
35121659
35079612
35326066
36699444
37424162
35108503
41808335
36654758
35360638
39303714
35303219
39486846
35588798
35045268
36176445
40479331
35058764
35354551
36225995
35277464
35096990
36239337
35164357
42250652
35765877
36576422
35048329
36870409
36467267
35040970
36515852
35045093
39873759
36800686
35647883
36829496
36533152
35100130
36652801
35068371
36327162
35103171
37812351
35406953
35844439
38683792
35127545
36838401
35038334
35694722
36627362
36984943
35111544
35149932
35078850
36531348
36922102
44661628
37425633
36542878
36066055
36241424
35150836
34995250
39903047
39432200
38466027
35165443
38004718
35649500
43339869
41922150
37485953
36454354
35073893
36079032
35020381
36589014
36498251
35038301
36356048
35150667
35163469
37295025
35414722
35145360
35051161
35014391
36404984
37086478
35824110
35082467
36819603
40027753
35020751
36862242
35040428
35940525
38456371
36151338
36652458
35029513
35094542
36322193
35601904
37503605
35317549
44679952
35532590
35058711
35449182
35040554
37291252
35088709
43888721
39978094
37802562
36947513
34999524
35957157
35107891
35351310
37014274
34999615
37411692
63938205
38158120
35127097
34978624
36857346
35459722
35152924
36114049
35761658
35005237
41114035
36899927
42873200
35029443
35729157
36756468
35505202
35951079
35074828
36613600
37804593
39176674
36523524
35061392
36499168
37817493
35083192
38363746
45230023
35194595
36168210
35086888
38236782
35053114
35059714
35049005
37040969
35059364
35088333
36317407
34997988
36870256
35077317
35450338
35987597
37498390
36225247
35205272
50419434
36518061
35130233
36791385
35786963
36455847
35074637
35300722
37140071
35577381
37556964
35115198
35115405
36016399
37534467
36629753
35617016
35105488
35501840
35024935
36525991
35159628
39565634
35055591
35068771
36862154
35095862
36567440
35071570
35073994
39171521
38160854
35065879
35074333
36671451
35075564
35252244
37911396
35125841
35073194
35112673
35183220
36531966
35124666
36467519
40407244
35200255
36137977
35025809
36326906
35082876
56328925
35500981
36323499
35001870
35060041
35104909
35779809
36904063
38622634
39279085
35008145
36570631
36141972
35027299
45583162
35053598
35607187
35339881
35781223
36116490
41414528
42795915
35131167
36569258
41995838
36016679
36405580
35053114
36358534
35051354
35102255
35092472
37005599
35896406
35089673
36097438
35076371
35084351
36023924
35669416
36527774
35128407
37303185
46031088
35095676
39901173
35048737
37011246
35272258
35093498
37238324
35114762
37393521
35733248
35092574
36649687
39161232
37439444
35011035
35759543
34998346
35407253
38524048
35125360
36235217
37048992
41938933
39928923
42606026
39175161
41318755
38382937
35423467
35084467
35353924
37750192
35069077
35948283
35122766
35899620
40296858
44116995
37026265
36136642
35681342
35007005
35012545
37762286
35112990
36163617
35099350
35396987
38343140
36920134
37173884
42988256
39806924
38685168
38305562
35035995
35064730
35661293
35262524
36330677
39725878
43647979
35257600
36470712
35300196
40177483
38715081
39712233
35270067
38769766
40414130
40770756
36140111
37496263
36169798
35014324
35173025
36562295
35094817
36767942
35116057
36196196
36015145
35190846
37746613
35032812
35221493
36119779
36041687
35976927
35030917
35706288
36789033
45247757
35982308
35076352
35061179
36459278
35190015
37411828
35342196
38493822
35493562
35130603
36676443
36823320
35050742
35065578
35070159
35132439
35037295
37587010
35101259
35092060
35182040
35217272
36717196
35807210
36201299
35095691
41864715
35686926
37421550
38212233
36141548
37141041
35199391
35077555
36942723
35727383
35809473
35103341
36939331
35920761
52762953
35023023
35619597
36232470
35336960
38093164
35229945
35991631
35423379
38410430
35300456
35068603
36109080
35656119
38335268
39272470
41897350
39072442
38467900
37268824
35092835
37288463
38662524
37079778
35093830
35941235
37809112
35085172
35829111
36209279
36355881
35299881
35395760
36637623
35005472
36095483
37844532
35799274
35057701
36803071
36626820
36566376
35102186
36644151
35113398
37037431
35085125
40466835
35446892
35804553
35139307
35372135
35647340
35351873
40453804
35518023
35476303
36143139
36282659
35077274
35811496
49452045
36649949
37248256
35982438
37851023
35124202
35031299
39451976
36294564
37828743
37612022
35595601
36464629
35070862
35502364
35067913
35585073
35239962
35881490
35011176
35041798
37258193
35030068
35928128
35039999
35368708
35120767
36060452
36886245
35071955
36726718
36430378
35087149
36220734
35103691
35377491
35127099
35243885
36227885
35089243
35528139
40118538
35171512
38418465
35076293
43577970
35339238
35049042
37088019
41444877
37006036
34983505
35617008
35012157
36085429
35047634
36275883
36499560
35019229
35080253
36857935
36058964
35082625
42916825
36275064
36214344
35535681
36248674
35096774
36946351
40135885
35136412
36188866
36000719
41619871
35203527
36606708
37041995
40478647
39458717
37434690
36448480
46376611
40491628
35678681
36410534
37237026
45258655
36112210
35307610
35961932
39362621
38980864
41430637
39386616
36093375
35020604
37897976
34997804
35872887
37186533
44435702
38529221
35389729
35868217
35099171
35030049
36328811
36566294
36059768
35026848
35024608
38838802
35044498
36512056
35034568
35836923
38816946
36524914
35820148
35041533
35171418
35984248
35132743
36493835
35062985
37515625
37665725
35012399
35000822
35034992
35524355
41949925
35103098
36096106
35446639
35010842
35420613
36988030
39883362
35131478
37246980
36253733
36622227
39635012
38923929
35129684
40747911
36568425
38724314
40791603
38953564
40285304
38862824
35087311
36876851
35059840
36401242
35026010
37123056
54176220
35351913
35083494
35047361
37643067
35553038
43213024
35093705
35031920
39411194
35225381
36378278
35083504
35080398
37962377
45170068
38200884
35004992
37645973
35030550
35070943
36048919
35037364
35088670
36251833
35101001
35099780
39760894
35017813
40156927
36348766
35104398
36837407
35108145
35460299
36673225
35079176
37767291
35089706
35930037
37382928
35077810
39554111
45132436
37452376
35066811
35379813
36153745
36272078
35835609
36098762
36048344
42688143
46606781
35073985
38736429
40748734
35141817
36381967
35101483
35191768
37646901
35376959
37388179
35056612
36066716
37964956
35092324
50486530
35170556
41939352
40841523
35696304
35265687
36554542
35062686
39275034
36713124
40397707
36928941
35102212
40333032
35145814
35567878
37266576
40686712
36968724
36488624
35097524
35197486
35096935
38118143
35149967
35162569
42051726
35827529
36907430
37714137
37811028
35098768
37381579
35053767
35155510
35957931
35056025
36656571
35054366
35997392
36365152
35057516
40301095
35268302
35903798
35107670
35925293
36389958
35264775
35813962
36458640
35044870
36565078
36630890
35074904
35585611
37216340
35092360
36260369
40171438
35094719
36742666
42294681
37478947
35044947
36805384
35050381
36527493
35111306
35081707
37582003
36614603
36778572
35609572
35048411
39543459
35071420
36832136
35114967
35966815
36560968
35129559
36707625
37998319
35056229
36243462
35091932
37242648
35056371
36263340
37241389
35067848
37530054
35138963
35071223
37401386
37587564
35440136
37974439
36437501
35127690
35140824
35656948
35079407
46946585
40577369
36728851
37395211
35519963
35127537
35086192
36285937
35013471
41594164
35047025
35130012
38392413
35263550
35439075
35275074
35091519
38655555
39340649
39873737
39134542
35009654
35310482
36498509
37284008
45775791
36386996
35090997
36896307
40856853
40056601
39288325
37328506
36000356
35193456
37062327
35062737
39000617
36207992
35532335
35435077
35397643
36487541
35080705
35539835
38365654
35296204
36099824
35183119
35986287
37720937
35007697
35962559
38264740
41209366
38981215
38956549
39572347
37438933
36234002
35028894
37484554
35029889
36772905
35107309
35043692
37384180
35025581
37330332
36148116
36578390
36706422
34998759
35728969
36154671
35524239
36149132
35136396
35040705
38573456
35669974
35120883
35576206
36099726
35062201
35737591
37893631
35071047
52160795
35062145
35511162
35028051
40432177
40910051
37846202
37637805
39328337
38960870
40338335
40559362
39301680
39735920
38313698
40187014
39178059
39155542
37672475
35140235
36088112
35108164
37262081
35104574
35076150
35020111
35153230
36639088
35142321
35211398
36334954
37064580
38588273
41638449
36051836
39484161
35049637
36372235
35034630
35082629
71171340
37323229
36093360
36420780
35062440
35177407
37270756
35053088
36885169
35060228
36563627
41072972
35162556
36428032
35097971
35072603
41232713
38019397
39466249
35520200
35390808
45235811
35107495
37170189
35045753
37763594
35508828
35366072
36455569
35094725
52373004
49335630
37439405
35069184
36356497
34998982
35855320
35061365
38129494
44954193
37572862
38265951
37202124
35814411
35076094
36504138
38513810
35034486
36147110
35190185
35111987
37822297
35095068
36301078
35070421
35797488
36246250
35098385
35078544
35114805
43383462
35008464
36032080
35246482
35076405
37973459
35018285
37942135
35089041
35549062
37491250
35920637
36083810
35044023
35231406
40299315
35100944
39147536
36999566
35343250
35045770
35031368
37800777
35847942
37805954
35038183
36209196
36188929
38244551
35021870
36606032
35375259
35110006
35073606
35077155
35011384
36297028
35083626
37045354
35113896
38226597
35602889
36097555
35749149
41974158
39647479
38117899
36770488
35571999
51093458
35100201
35453367
38945132
35061491
36389757
35079789
35056627
36176232
35041307
35389915
42547371
35271852
35038547
35484461
36140914
35119901
41017903
37174953
35688625
36833694
35118196
38180011
35051004
36008952
35128630
35389667
36811553
35023952
35115628
36301177
35105682
36585614
35628292
35041788
35195127
35044553
36187681
35068455
37040380
36687950
35101645
37913015
35020211
35848398
35321550
36009685
36162268
35019483
36163703
36030524
35060062
36191313
35053915
35577976
35070888
35531297
35177094
36611506
37278538
35090498
37491199
35094899
37567691
36151544
35183734
40813316
35125358
35087901
38705917
36735231
35319556
37421093
35289509
35065747
35455262
38477390
35122389
35345070
35026899
38056925
36996647
35400224
35488530
54626469
40422178
40804719
35183157
36910863
36696798
36389665
35128648
35135037
38614577
35080148
35943913
36044156
35025282
36582004
35058841
46318312
35103659
38428766
36520189
35453809
35068146
35863258
35072182
35969872
36776301
35134247
35763237
38582710
35054092
37232408
36540585
39371556
39505292
38416645
37819267
35116786
40318950
39840643
39314333
39241248
37463091
35908787
35049345
36095012
35545319
36554255
35086009
42288699
35164177
35462381
35061540
35056019
35254526
40196057
36870665
35117330
35648074
35009965
36995708
39179798
36406795
35166034
35473842
35072095
35893918
35089578
35954537
36747049
38063636
35120231
37792526
36428816
35047399
35536320
35104154
37834162
37972276
35121466
35618886
35105119
35722747
37495803
36521014
35931346
35064459
35037189
36589315
35021610
35566178
35003250
35860517
36403586
38474650
36197432
35060533
56057136
35028076
37209801
35773441
35999295
36462422
35025290
35592137
36602991
35755771
37629010
35108064
38359091
35061463
35117640
36817850
37374311
36420258
36231684
35023339
38099366
35088543
40882949
38553499
38942924
35060175
35053689
37645106
35165926
36362680
35051690
35011501
35150755
35070106
36397761
35087032
35023576
36587454
35104844
36281731
35049211
38404315
38283795
35144961
37978334
35135504
36392740
35046627
36414948
37858228
35090971
39656483
35055193
35046696
37237186
35147561
36854832
51508787
40207014
35134919
35909173
35888038
35056804
37700888
35325831
36554759
35087697
35386067
42752291
35723488
36291964
35367085
40013161
35122632
40124330
37230936
35225328
36509823
55182893
38292308
35021246
45699808
38013877
35078172
36360685
35063765
37259824
36876227
40352327
35018106
35472183
38137659
35051869
36192707
35804915
42466791
35074912
35008730
37497237
35075873
35666599
35022538
35044792
36566215
35014616
35193344
35017113
42090310
37373278
35079349
35086338
36189373
40646748
35851023
35520709
37314584
35052497
35374544
38169406
35784005
35056578
35053854
35605261
45588319
36093220
37212823
35356480
35940013
38065724
35033021
35516577
39049341
37259657
35036915
35751818
35029601
36649556
46957129
38367605
38613070
40574072
37338088
35089356
35921742
35512033
36925848
35079766
36203650
36307015
35087567
37152745
35876074
35000340
35038165
35066728
36099523
36875304
37464316
50218029
36757108
35066474
35210742
35621475
36200020
42573393
35070593
35406936
35285091
35975282
35133282
35053515
35062475
35114285
35509069
35888883
35084185
37287677
35135324
35595393
36363665
36275873
36129529
35135401
36221997
37951231
35279087
37485628
35070008
35350987
37227422
35031067
36749472
35030768
40775428
41877266
36548060
35062907
36112741
38127974
37606044
36417105
35266894
47968848
35040028
36426104
37272601
35065780
36823507
39642909
41484162
35042900
35702034
35311202
38517399
35023383
36775466
36213603
35200086
37567993
35071315
35911726
36553318
35018304
34997137
36628597
42073221
36246760
35031693
35799504
35086332
49867476
50313199
35089346
36559632
36171512
36268405
35082622
36794975
35352718
35085787
36400017
35125573
35336868
37359491
35117103
38304797
35001415
35048727
35871903
35013592
37412706
46170844
41273111
40415584
41255297
36882284
35628066
35618784
35179727
36539372
53602927
43812364
39673254
40224019
37500259
35035308
35045540
40684436
36472424
37296909
35003558
35022928
36716820
35137042
36995104
35011258
35011988
36328421
37805919
41636282
35077139
44730293
38355517
41537852
40682839
39150176
41662128
37385371
35230774
37172643
43687979
35373164
41100213
35074752
37539750
35016255
35928614
35104532
35479172
38365334
35034129
35821453
34998244
38508756
39479580
38169891
39296292
35035898
35669713
35096301
36284313
36796738
35104251
36317779
35008470
42044399
36729615
40198275
35180170
50763793
40264524
35021104
40857483
36124205
38520663
34994115
35353210
37352766
36721529
36841648
35630071
36966365
36613052
35082840
37342026
36890548
39157755
35027757
35068650
37029704
36810373
35314458
35035788
35591159
38443452
35512413
38539049
35967609
36258349
36948746
37459455
36072278
35293263
36667343
35274996
35585660
35069655
35071969
35137895
35330501
36180042
36251901
35000351
38167220
40545075
39460302
40531185
38759486
39383776
41624284
39060373
35835841
36644538
36355815
41292997
36071799
35485917
46925582
37500789
55317350
36521168
41731499
35046478
36162595
35081154
36778147
35178264
42542177
35016337
35147385
36220927
35335688
36065760
37456729
35008862
37183470
35049654
37452003
35131652
36251682
36704677
35318483
47712221
36360856
35099462
36796655
35231475
34999155
35207900
36659675
35075633
35076019
35521307
35386026
37787228
36851695
35269299
35048403
37160548
35067739
35009134
39868553
35690989
35061656
37087787
35076084
37775278
35581986
45161888
35137928
37322438
39509689
37719807
48076379
35060329
36345540
35115411
44552469
38704355
40514441
39789003
35372391
37514025
36692565
36427965
35035029
36141154
37792207
35056166
