24633554
25056427
26411620
28259962
28286381
25460285
32475478
31953925
27712999
28503459
32685719
29233689
26002838
31563683
30222519
28958738
24464270
24612020
24785046
25155749
24677100
25160510
25502370
25843293
25350132
25650188
24790768
25707349
25631387
24506228
25520442
24661723
29052928
29317899
27085984
32926316
28555440
26192658
29366427
27155243
29893307
33184604
27596757
25584589
37223824
32034857
27620842
28717029
32259500
27901624
26775071
30956567
28155940
26274794
32685187
28274234
24549710
28145811
28648090
25445930
27605396
29057340
26492297
25879142
28553939
25275618
30089497
31156919
29395912
29200790
30393295
25856256
27053744
27839717
25360753
31308302
32410707
28151906
25038262
31622571
30759467
25993327
27802493
30486990
28184774
25744077
29091750
33847330
29283773
25738736
26328717
30076054
28465111
