985
1527
1511
975
941
941
941
954
941
941
941
955
941
941
942
971
942
941
941
950
1480
1475
1292
933
932
933
940
938
933
933
933
948
933
932
933
947
934
933
933
945
932
933
933
934
943
933
932
933
945
933
933
933
950
935
935
935
947
935
935
935
935
949
935
935
935
1710
2023
968
941
941
935
938
941
941
941
941
942
941
941
941
948
941
941
941
943
941
941
941
944
939
940
939
940
948
939
940
940
937
933
932
933
945
941
941
941
953
1461
1460
1460
1460
1461
1459
1456
1457
998
941
957
936
937
935
935
935
953
952
952
952
955
954
953
953
954
941
941
941
941
950
941
941
941
942
941
941
942
943
942
941
941
942
941
941
941
941
938
933
933
932
1249
1476
1475
1020
943
942
942
944
942
942
942
948
941
941
942
941
934
933
933
933
935
933
933
933
934
935
933
932
936
933
933
933
934
932
932
933
934
941
941
941
941
943
941
941
941
942
941
941
941
943
941
941
941
942
942
941
941
1395
942
941
942
941
943
1429
1435
1109
941
941
941
942
942
941
941
942
941
940
939
942
940
939
939
939
935
933
932
932
944
941
941
941
943
941
941
941
942
941
