541
543
548
518
539
518
518
529
518
518
518
525
529
518
518
518
528
529
556
574
607
528
745
518
518
518
518
519
518
518
532
518
538
541
618
538
898
523
517
651
971
749
534
525
518
518
518
518
518
518
556
595
549
521
818
1086
615
818
818
662
530
610
571
518
518
518
518
518
546
620
548
819
697
522
522
521
540
518
585
932
843
675
541
595
525
519
552
584
540
551
560
553
518
518
518
518
528
554
529
518
518
518
518
518
784
518
538
682
540
521
518
1006
919
933
912
565
572
566
557
547
518
518
540
609
886
962
550
619
594
549
757
560
556
598
562
983
1083
869
560
571
672
558
518
518
518
518
518
558
550
557
596
523
523
522
539
520
650
518
537
639
649
684
580
546
556
556
556
553
555
829
809
558
519
518
522
548
528
532
530
575
556
557
552
551
518
518
518
518
518
534
632
818
819
818
700
551
795
542
521
521
521
543
539
519
525
524
523
529
536
531
562
558
518
518
518
518
528
530
530
540
518
518
518
518
524
526
520
522
521
533
518
518
531
518
518
518
518
518
521
518
534
518
518
518
518
518
518
525
535
521
522
521
520
520
520
534
521
520
520
521
520
521
521
533
520
521
522
520
520
521
532
809
810
810
809
744
533
521
522
521
521
521
521
535
517
518
518
518
519
518
518
843
857
865
859
766
521
521
521
521
521
528
521
531
520
518
518
518
518
519
524
532
521
522
523
522
522
522
534
522
522
521
522
521
521
522
970
948
964
880
687
530
523
524
524
526
524
524
521
521
521
522
522
522
522
528
522
521
521
522
521
522
521
521
518
517
518
518
518
518
520
522
520
521
523
521
521
520
522
521
521
520
523
520
520
522
523
524
521
521
521
522
522
523
521
522
522
522
522
522
522
528
522
522
521
521
521
522
521
523
522
521
521
521
