8572
8838
8637
8589
8619
8568
8552
8574
8737
8979
8569
8562
8564
8671
8530
8578
8560
8619
10319
11162
8568
8563
8560
8640
8929
8552
8552
8577
8571
8583
8558
8540
8603
8554
8564
8716
11061
10756
8982
8834
8769
8679
8716
8682
8839
9149
9284
9073
8747
9284
8703
8616
8550
8547
8547
8571
8576
8540
8718
8559
8564
8595
8563
8566
8795
8572
8538
8542
8566
8582
8734
8582
8675
8839
8519
8814
8568
8581
8544
8541
8532
8506
8536
8521
8949
8575
8486
9004
8522
8530
8745
8834
8500
8882
8582
8632
8556
8650
8563
8676
8516
8611
8804
8632
8540
8969
8774
8749
8772
8586
8652
8665
8631
8611
8589
8609
8595
8749
8634
8632
9645
8588
8668
8638
8622
8549
9112
8701
8753
8782
8621
8694
8589
8614
8509
8571
8588
8645
8687
8612
8602
8901
9998
10694
8781
8667
8679
8851
8652
8980
8588
8582
8606
8706
12494
10157
9185
8756
8545
8877
8799
8633
12312
8580
8557
8588
8691
8781
8576
8585
8928
8645
8573
8549
8614
8623
8585
8580
8578
8613
17197
14720
8507
8519
8557
8564
8502
8550
8743
8518
11174
9633
12760
8525
8493
8497
8492
8527
8522
8525
8853
8512
8529
8478
8628
8611
8506
8530
8494
8491
8509
8519
8513
8515
9026
8537
11805
10515
8562
10408
8639
8497
8508
8517
8499
8502
8760
8502
8655
8511
8515
8571
8508
8696
8513
8531
8519
8532
8541
8573
8526
8537
8505
8514
8528
8513
8526
8517
8517
8521
8520
8596
8508
8507
8531
8534
8529
8518
8522
8661
8541
8593
8735
9775
8619
8667
8521
8520
8526
8520
8516
8511
8513
8599
8495
8587
9050
8774
8588
8532
8489
8493
8498
8507
8527
8530
8517
8504
8511
8506
8504
