38395652
40341137
43509310
42397956
40502838
50991515
42870760
50019230
41721089
49683524
47394825
51835253
40993365
38300953
47077862
45442870
49234340
39622838
50463388
41941562
47742396
41414606
46917956
42998657
44380824
45689550
46970609
48127677
45698388
51213100
48758856
44665597
40804567
46714880
43948486
43488940
39555778
48062087
41941550
50369416
40152250
51525932
44758524
45571699
45406587
38876297
47190428
39533955
53975273
49443302
50268981
44966951
45492143
49375595
49921144
41831471
46097535
42600533
46397698
47152574
49602840
43549167
53615427
40666246
49331916
45378945
48832402
44130141
51187439
42637932
51569812
44530077
50845305
43213997
47941538
43353830
