25328
23763
20038
20327
18384
20452
21734
20106
20052
22498
17605
17731
17495
17659
17430
17688
17535
17461
17701
17483
17699
17445
17694
17498
17513
17440
17682
17804
18147
17669
17422
17695
17529
17642
17479
17741
17503
17709
17479
17668
17522
17662
17442
17739
17754
20416
17491
17757
17487
17730
17443
17755
17522
17642
18271
17516
19874
17684
17435
17489
17696
17463
17668
17593
17729
18661
17692
17509
17672
32051
29207
25472
27556
23605
36394
32754
34523
35246
34840
28374
24570
30267
29311
17375
17535
17371
17772
17780
17454
17462
17668
17400
17771
17397
17621
17633
17713
23120
27239
29185
28732
30802
31669
34944
32628
31531
28736
33599
19980
17475
17424
17438
17438
17491
17595
17438
17503
17633
17530
17626
17490
19138
17487
17464
18558
17544
18354
18734
17377
17432
18280
17560
17718
18606
18590
17377
17489
17534
17550
17514
17469
19640
17558
17613
17601
18180
17491
17432
17581
17491
17481
17539
17491
17438
17533
17634
17457
17504
17581
18425
17414
18630
17540
17483
17566
17875
17648
17607
17455
17617
27036
24907
25009
32376
30519
31661
37537
36091
32489
34611
33364
29290
20887
17459
17487
17526
17470
17351
17393
17584
17459
17513
17410
17389
17904
18112
17374
17519
17426
17496
17343
17382
17466
17587
17424
17966
17555
17529
17650
18390
17459
17384
17523
17468
17432
17456
17491
18173
17840
18239
17471
18275
17717
17503
17522
17471
17659
17519
17548
17528
18291
17493
17572
17550
17462
17603
17619
17467
17531
17493
17556
17546
17639
17504
19221
17501
17475
17593
17631
17503
17873
17560
17301
17390
17503
17467
17458
17440
17410
18281
17386
17524
17474
17446
18235
17424
17452
17432
18389
17524
17483
17798
17390
17491
17466
17441
17572
17371
17422
17408
17408
17374
18092
17420
18092
17485
17640
17454
17485
17643
17501
17363
17751
17390
17461
17470
17455
18314
17383
17473
17418
17605
18273
17506
17519
17442
17517
17463
19226
17398
18015
17562
19190
17538
17447
17442
33908
34932
33880
33934
34208
33809
34249
33881
33869
33729
34273
35057
34387
34050
33946
33838
34131
33686
33779
33739
33930
33688
33733
33796
33552
33821
33700
33806
33849
33626
33720
33758
33812
33828
33680
33743
33639
33991
33751
33632
33828
33727
34102
33655
33688
33568
33576
33754
34400
35019
36213
33894
33579
33687
33469
33813
33955
33702
33708
33899
33519
34545
34019
33909
33779
33936
33871
33611
33725
33802
33902
33852
33585
33759
33880
33928
34271
34202
34247
35918
34338
34131
33651
34200
35685
34418
34001
33780
33404
33857
33915
33899
33773
33804
34090
33670
33772
33774
33660
33597
33819
34072
33726
33997
33823
33670
34017
33844
33961
33942
36200
33886
23304
12324
12285
12366
12392
12539
12738
12529
12391
13053
12976
12772
12385
12287
12297
12206
12207
12326
12234
12255
12230
12297
12335
12214
12226
12325
12365
12313
12244
12293
12216
12206
12291
12314
12139
12301
12350
12293
12287
12192
12302
12309
12321
12269
12267
12216
12248
12239
12457
13079
12496
12448
12271
12413
12490
12403
13605
12945
12482
12389
12445
12990
12364
12464
12425
12244
12318
12275
12384
12314
12293
12265
12322
12398
12278
12198
12325
12293
12336
12377
12230
12480
12270
12149
12307
12336
12291
12376
12236
12471
12381
12303
12240
12273
12360
12220
12216
12288
12279
12409
12319
12696
12315
12340
12251
12293
12289
12232
12235
12280
12340
12242
12277
12340
12389
12270
12232
12364
12267
12350
12240
12316
12468
12392
12218
12368
12289
12795
12293
12498
12269
12543
12907
13234
13227
13242
13236
15306
12231
12209
12393
12253
12275
12320
12348
12206
12272
12368
12180
12263
12306
12293
12500
12567
12287
12415
12624
13207
12387
12445
12364
12240
12252
12279
12610
12433
12442
12232
12332
12358
12346
12296
12368
12421
12462
12379
12393
12496
12330
12454
12728
12388
12390
12489
12705
12308
12214
12426
12330
12159
12181
12488
12222
12244
12230
12350
12302
12327
12193
12480
12468
12234
12242
12385
12299
12287
12425
13122
12313
12273
12261
12316
12293
12598
12399
12467
12315
12348
12391
12823
12307
12411
12726
12559
12261
12350
12524
12291
12255
12263
12303
12336
12206
12344
12500
12187
12951
12197
12214
12220
12494
12523
12292
12295
12494
12269
12319
12311
12197
12521
12565
12358
12252
12296
12392
12455
12401
12405
12308
12437
12421
12277
12681
12376
12255
12368
12296
12395
12312
12367
12427
12378
12448
12332
12425
12228
12275
12513
12488
12316
12295
7215
6599
6546
6577
7018
7044
6983
7186
7388
7406
7355
7402
7420
7414
7347
7393
7398
7339
7408
7424
7404
7434
7428
7397
7466
6845
6920
6894
6868
6821
7106
6370
6425
6408
6435
6435
6417
6421
6413
6462
6453
6326
6345
6375
6606
6327
6340
6374
6345
6645
6403
6344
6364
6374
6321
6390
6356
6344
6366
6500
6346
6352
6429
6350
6370
6334
6376
6348
6334
6362
6943
6332
6390
6423
6374
6362
6360
6395
6413
6445
6401
6342
6347
6346
6370
6342
6372
6341
6506
6360
6349
6325
6537
6336
6330
6331
6372
6349
6448
6374
6329
6683
6327
6652
6346
6669
6331
6360
6332
6336
6321
6394
6336
6415
6315
6332
6332
6343
6358
6327
6332
6325
6325
6346
6393
6340
6339
6392
6356
6360
6347
6372
6305
6328
6662
6364
6628
6329
6358
6364
6333
6354
6618
6382
6409
6403
6364
6357
6368
6328
6366
6362
6335
6316
6409
6305
6338
6330
6329
6350
6307
6364
6587
6334
6648
7031
6345
6406
12411
12496
12251
12325
12275
12358
12262
12344
12277
12340
12226
12307
12269
12220
12338
12222
12110
12354
12236
12291
12293
12365
12301
12316
12360
12228
12224
12177
12224
12307
12247
12249
12245
12287
12297
12297
12319
12300
12335
12336
12326
12155
12346
12291
12220
12409
12398
12383
12417
12338
12302
12348
12271
12281
12314
12309
12276
12332
12254
12279
12257
12320
12273
12437
12378
12291
12291
12337
12417
12523
12364
12147
12279
12283
12300
12265
12441
12259
12352
12421
12307
12214
12267
12299
12277
12289
12283
12301
12265
12263
12195
12329
12306
12218
12340
12303
12238
12257
12295
12334
12364
12253
12246
12244
12374
12311
12277
12200
12330
12452
12337
12242
12346
12377
12322
12220
12258
12279
12213
12269
12356
12224
12303
12356
12291
12375
12242
12281
12236
12265
12334
12482
12834
12352
12391
12334
12253
12287
12346
12403
12232
12362
12238
12264
12308
12364
12299
12247
12358
12385
12329
12076
12445
12277
12246
12239
12263
12331
12379
12285
12226
12279
12397
12381
12312
12310
12374
12382
12226
12350
12421
12238
12239
12240
12277
12301
12273
12507
12444
12561
12358
12405
12381
12287
12334
12330
12240
12315
12441
12346
12486
12316
12364
14420
12343
12246
12224
12267
12468
12190
12360
12332
12324
12382
12455
12324
12499
12561
12508
12276
12192
12363
12352
12255
12395
12247
12304
12356
12327
12281
12188
12216
12232
12362
12437
12348
12427
12549
12525
12874
12257
12251
12466
12448
12374
12253
12350
12311
12076
12297
12500
12393
12488
12339
12272
12536
12450
12306
12334
12336
12525
12494
12437
13360
12366
12240
12474
12521
12362
12316
12448
12403
12490
12271
12263
12766
12269
12506
12293
12323
12263
12467
12316
12380
12435
12271
12329
12502
12285
12986
12878
12283
12218
12392
12298
12360
12384
12293
12295
12521
12350
12374
12389
12336
12346
12298
12435
12427
12856
12447
12321
12275
12576
12400
12258
12358
12240
12350
12253
12333
12499
12344
12384
12321
12423
12249
12271
12807
12525
12395
12263
12460
12415
12443
12238
12182
12321
12350
12281
12262
12270
12385
12202
12360
12370
12275
12368
12762
12390
12242
12346
12197
12196
12454
12399
13284
13230
13193
13408
13398
13673
13199
13288
13347
13278
13274
13437
16076
12525
12440
12468
12419
12360
12316
12243
12348
12249
12263
12227
12474
12358
12348
12505
12312
12309
12454
12350
12262
12374
13067
12379
12346
12563
13162
12336
13018
12198
12405
12478
12738
12549
12532
12474
12382
12542
12310
12273
12452
12370
12338
12422
12309
12228
12417
12261
12324
12212
12389
12295
12358
12464
12480
12287
12574
12244
12646
12201
12261
12426
12279
12375
12344
12769
12330
12394
12383
12346
12310
12247
12340
12358
12324
12269
12271
12529
13039
12397
12199
12963
12927
12348
12352
12267
12447
12323
12521
12413
12490
12404
12275
12476
12557
12348
12446
12482
12453
12326
12468
12305
12331
12324
12411
12303
12369
12372
12492
12367
12428
12348
12407
12421
12443
12407
12297
12449
12256
12768
12340
12452
12318
12517
12316
12275
12368
12468
12563
12389
12280
12404
12313
12299
12726
12241
12334
12307
12267
12238
12695
12382
12559
12222
12242
12322
12274
12367
12210
12279
12518
12266
12269
12285
12352
12226
12281
12322
12537
12445
12397
12305
12341
12372
12277
12188
12432
12232
12197
12455
12338
12263
12327
12346
12401
12360
12314
12309
12295
12352
12230
12275
12368
12327
12301
12324
12205
12346
12293
12242
12285
12360
12304
12281
12320
12240
12252
12194
12260
12341
12377
12270
12344
12407
12334
12250
12373
12245
12326
12275
12246
12338
12306
12257
12283
12192
12319
12344
12334
12315
12295
12346
12202
12289
12362
12207
12368
12367
12269
12350
12396
12348
12340
12303
12313
12340
12303
12311
12273
12281
12338
12273
12344
12258
12260
12368
12342
12272
12285
12206
12308
12456
12279
12324
12283
12261
12311
12311
12287
12226
12323
12252
12263
12259
12210
12259
12224
12192
12270
12360
12245
12283
12447
12297
12253
12369
12266
12306
12297
12289
12261
12378
12259
12236
12334
12230
12304
12299
12228
12255
12327
12244
12251
12297
12263
12249
12322
12224
12277
12285
12275
12348
12263
12299
12287
12303
12267
12279
12258
12305
12342
12199
12272
12279
12253
12336
12336
12297
12281
12354
12283
12255
12506
12388
12271
12265
12271
12295
12309
12356
12246
12319
12253
12228
12301
12196
12377
12401
12299
12344
12252
12297
12259
12252
12252
12285
12218
12253
12291
12216
12324
12330
12236
12486
12303
12226
12275
12350
12344
12277
12342
12307
12274
12236
12305
12263
12344
12263
12204
12290
12195
12267
12378
12264
12336
12303
11793
6408
6455
6906
6888
6930
6858
6884
6904
6823
6850
6837
6839
6849
6835
6864
6955
8657
6433
6387
6388
6399
6386
6404
6385
6404
6385
6384
6491
6398
6364
6558
6399
6406
6404
6386
6419
6378
6408
6419
6419
6390
6415
6490
6433
6374
6459
6395
6363
6396
6657
6393
6681
6379
6394
6377
6395
6392
6386
6405
6643
6649
6392
6388
6417
6930
6393
6368
6409
6395
6368
6669
6458
6368
6413
6430
6431
6345
6401
6403
6660
6354
6419
6546
6366
6387
6397
6398
6392
6366
6417
6415
6423
6407
6404
6526
6393
6399
6421
6882
6395
6400
6329
6595
6521
6307
6319
6392
6405
6309
6311
6291
6410
6714
6360
6330
7166
9681
9866
10682
8889
10106
8385
10211
11816
12426
8618
13097
10934
13219
11881
13183
13592
12358
12468
12275
12362
12189
12254
12348
12341
12167
12226
12267
12524
12251
12926
13205
13238
12514
12279
12362
12234
12208
12228
12135
12244
12232
13220
13187
13126
13306
13218
13156
15082
12256
12129
12236
12230
12387
12317
12244
12344
12312
12344
12333
12364
12316
12334
12202
12320
12304
12345
12281
12268
12331
12302
12275
12283
12325
12266
12327
12454
12135
12311
12340
12239
12338
12309
12470
13242
13195
15510
12300
12243
12270
12208
12206
12309
13156
12342
13323
13175
12411
12551
13270
13413
13398
12220
13244
13242
12198
12248
12763
12240
12429
12494
12386
12144
12240
12364
12307
12576
12571
12319
12401
12512
12307
12216
12490
12281
12411
12287
12315
12323
12257
12330
12251
12269
12134
12240
12342
12334
12187
12330
12236
12291
12306
12291
12305
12312
12301
12200
12191
12153
12302
12283
12320
12407
12326
12417
12624
12510
12279
12243
12252
12340
12437
12466
12381
12210
12249
12266
12265
12218
12275
12289
12239
12309
12320
12226
12362
12331
12114
12401
12248
12309
12322
12301
12259
12285
12200
12238
12261
12322
12330
12383
12332
12214
12327
12257
12271
12322
12232
12268
12341
12301
12172
12314
12266
12317
12301
12238
12301
12352
12258
12289
12248
12272
12283
12323
12342
12218
12248
12362
12309
12263
12245
12275
12190
12375
12218
12269
12265
12382
12222
12368
12239
12258
12318
12263
12330
12250
12220
12272
12311
12270
12344
12295
12314
12268
12265
12254
12296
12233
12260
6456
6435
6811
6835
6998
6859
6776
6841
6748
6831
6744
6781
6831
6807
6766
6423
6388
6362
6348
6350
6276
6351
6590
6279
6364
6351
6592
6360
6352
6307
6335
6309
6301
6359
6318
6356
6337
6329
6321
6344
6303
6327
6596
6303
6348
6606
6319
6356
6333
6288
6359
6291
6348
6358
6305
6370
6327
6346
6401
6421
6358
6289
6348
6412
6425
6431
6414
6332
6425
6420
6408
6427
6350
6293
6333
6463
6410
6415
6427
6380
6356
6429
6331
6285
6382
6415
6715
6425
6405
6420
6305
6340
6313
6456
6350
6282
6374
6344
6372
6382
6364
6616
6606
6565
6583
6605
6594
6524
6508
6603
6602
6575
6602
6589
6603
6614
6767
6571
6603
6569
6599
6569
6589
6797
6484
6569
6621
6604
6587
6527
6525
6561
6545
6543
6573
6596
6607
6557
6591
6598
6533
6561
6579
6533
7004
13504
13673
13530
13516
13546
13392
13583
13680
13632
13516
13660
13660
13573
12313
12574
12340
12326
12399
12210
12336
12244
12299
12285
12190
12242
12268
12317
12352
12275
12431
12228
12295
12297
12241
12390
12195
12190
12301
12297
12259
12257
12397
12659
12305
12409
12319
12393
12240
12389
12486
12465
12549
12334
12395
12384
12297
12314
12276
12324
12240
12231
12340
12224
12394
12196
12293
12267
12196
12309
12265
12348
12299
12283
12279
12206
12401
12140
12273
12368
12279
12358
12242
12352
12265
12214
12311
12297
12252
