2740337
5447957
2744261
2722696
2722947
2809891
2721422
2722146
2720963
2896410
2823111
2721925
2860520
2724644
2727624
2722408
3016168
2721714
2725947
2719458
2898271
2723750
2720644
2860924
2727484
2723169
2722322
2831287
2726804
2720116
2832785
2726611
2722699
2723740
3180920
2728855
2724938
2782616
2720949
2722357
2723687
2901442
2723228
2720083
2721668
3075802
2723486
2720346
2880018
2720396
2721357
2721042
3031858
2722251
2721871
2819268
2722399
2720918
2722361
3068051
2723014
2721434
2719787
2842927
2723669
2723912
2784456
2721160
2729762
2718830
2964388
2723397
2720416
2767818
2721434
2722497
2720332
2856452
2724170
2721709
2720877
3010650
2721485
2723518
2832904
2725696
2726540
2723750
2993914
2723762
2724341
2735805
2720835
2722025
2723191
2770463
2720183
2721981
2720983
2724800
2721564
2721368
