11169
11310
11060
11029
11072
11038
11071
11027
11078
11016
11249
11009
11394
11032
11045
11003
11096
11013
11069
11076
11056
11046
11112
11127
11095
11052
11054
11032
11266
11280
11101
11300
11007
11285
11703
11240
11025
11142
11072
11021
12196
11071
11048
11113
11070
12700
11108
12364
11197
11751
11971
14097
20348
11010
11030
11183
11113
11222
11031
11249
11047
11036
11024
11028
11130
11063
11095
11437
11163
11036
11209
11026
11465
11091
11249
11021
11011
11118
11009
11039
11059
11039
11070
11028
11028
11022
11250
11737
11048
11033
14337
11125
11231
11331
11349
11084
11080
11040
11051
13813
11036
11028
11016
11059
11078
11003
11130
11058
11055
10996
11028
11074
11039
11111
11004
11026
11038
11067
10998
11020
11283
11347
11118
11023
11038
11129
11403
11065
11069
11056
11173
11024
11044
11154
11082
11186
11008
11093
11498
11122
11050
11074
11703
11099
12250
12173
11102
11091
11067
11071
11086
11070
11463
11069
11231
11171
11248
11135
11372
11103
11135
11325
11134
11043
11058
11310
11081
11879
11126
12391
11136
11098
11095
11100
11124
11049
12884
12629
11070
11072
11083
11465
11407
11121
11195
11091
11088
11090
11114
11141
11069
11149
11136
11317
12601
11518
11439
11381
11070
11086
11086
11073
11116
11364
11147
11318
11455
11105
11109
11138
13413
11132
11163
15417
11100
11133
11115
11102
11093
11123
11134
15109
11099
11473
11083
11125
11089
11113
11111
11351
11120
11092
11146
13199
11398
11251
11366
11947
11153
11159
11126
11140
11114
11215
11095
11129
11827
11293
11143
15142
11130
11388
11113
11149
11113
11116
11364
11109
11118
11292
11127
11124
11238
11256
11314
11170
11140
11216
