67
147
64
64
64
64
64
64
64
64
64
64
64
64
64
64
64
64
64
64
64
64
64
64
64
64
64
64
64
64
64
64
64
64
64
64
64
64
64
64
64
64
64
64
64
64
64
64
64
64
64
64
64
64
64
64
64
64
64
64
64
64
64
75
65
62
60
60
60
60
60
60
60
60
60
60
60
60
60
60
60
60
60
60
60
60
60
60
60
60
60
60
60
60
60
60
60
60
60
60
60
60
60
60
60
60
60
60
60
60
60
60
60
60
60
60
60
60
60
60
60
60
60
60
60
60
60
60
66
64
64
61
59
59
59
59
59
59
59
59
59
59
59
59
72
80
75
69
67
67
67
67
67
67
67
67
67
67
65
65
65
66
64
64
62
62
62
62
62
62
62
62
62
62
63
61
61
62
59
59
59
59
59
59
59
59
59
59
59
59
59
59
59
59
59
59
61
124
121
122
117
119
116
118
117
117
116
115
116
114
115
117
116
116
116
117
120
117
118
118
115
119
116
113
71
70
61
59
59
59
59
59
59
59
59
59
59
59
59
59
59
59
59
64
64
61
59
59
59
59
59
59
59
59
59
59
59
59
59
59
59
59
59
59
59
59
59
59
59
59
59
59
59
59
59
59
59
59
59
59
59
59
59
59
59
59
59
59
59
64
64
65
59
59
59
60
59
59
59
59
59
59
59
59
59
59
59
59
60
59
59
60
59
59
59
59
60
59
59
59
59
59
59
60
59
59
62
64
64
64
64
64
64
64
64
64
64
64
64
64
64
64
64
64
64
64
64
64
64
64
64
64
64
67
64
64
64
64
64
64
60
60
60
60
60
60
60
60
60
61
64
65
60
60
63
63
60
60
60
60
60
60
60
61
64
64
61
64
62
60
60
60
60
60
60
60
60
62
64
65
64
64
64
64
64
64
64
64
64
71
64
64
64
64
64
64
70
64
64
64
64
64
64
64
64
64
64
64
64
64
64
64
64
64
64
64
64
64
64
64
64
64
64
64
64
64
64
64
64
64
64
64
64
64
64
64
64
64
64
64
64
64
64
64
64
64
64
64
64
64
64
64
64
64
64
64
64
79
65
64
64
64
64
64
64
64
64
64
65
64
64
64
64
64
64
64
65
64
64
65
65
64
64
66
64
64
65
64
65
65
64
65
64
64
64
64
64
64
65
64
64
65
64
65
64
65
65
64
64
65
65
65
64
65
64
64
64
69
64
65
65
60
60
60
60
60
60
60
60
62
60
60
60
60
60
60
60
62
65
65
64
65
62
60
60
60
60
60
60
60
60
60
61
60
65
65
65
62
60
64
65
65
65
60
60
60
60
60
61
60
63
65
65
60
60
60
60
60
60
60
66
64
65
60
60
60
60
60
60
60
60
60
60
60
60
60
60
60
60
60
60
60
60
60
60
60
60
60
