7058
7933
8410
7026
8707
7019
6995
7059
7038
7033
8172
7054
7208
7013
7024
8202
7016
7018
6983
6963
7012
7265
6993
6988
7014
7160
8595
9229
7134
7424
7175
7210
7210
7092
7093
7927
7424
7219
7674
7160
7542
7250
7235
7326
7468
7423
7510
7174
7316
7050
6942
6945
6982
7175
7368
7238
7370
7176
7041
7511
8261
7281
7035
7313
7419
10183
6944
6980
7120
7601
7456
7140
6961
7486
7412
7020
7247
7458
7174
7055
7214
7263
7387
7264
8262
7558
7486
6986
7306
7296
7290
7264
7364
7728
7452
7143
7247
7030
7361
7036
7076
7204
7317
7197
7226
7150
7216
7431
7331
8105
7129
7452
7630
7311
7275
7465
7368
7308
6952
7445
7084
7016
7109
7197
7344
7343
7179
7250
7512
7521
7380
7238
7310
7484
7340
7379
7518
7410
7376
7026
7056
8027
7009
7235
7431
7447
7330
7243
7256
7328
7337
7410
7446
7716
7488
7162
7476
7456
7901
9272
7010
8503
7314
7443
7121
7116
7603
7605
7194
7181
7312
7199
7538
7341
7098
7282
7319
7311
7657
7545
7372
7527
7523
7386
7384
7835
7552
8038
7432
7541
7386
7757
7850
7856
7625
7121
7137
7064
7063
7061
7068
7431
7065
7036
7038
7047
7047
7033
7054
7056
7083
7089
7075
7056
7049
7062
9650
7263
7797
8752
8541
7201
7883
7834
7560
8064
7607
7842
7809
7625
7323
7066
7080
7191
7066
7081
7082
7108
7339
7095
7082
7097
7126
9316
7199
7002
9073
7035
7151
7143
7444
8278
7274
7014
7819
7246
7212
7393
7270
7942
7155
7171
7289
7385
9322
13451
13278
13217
10090
13606
18914
13280
9871
7615
7530
7597
7516
8106
7864
7606
10383
8612
9494
7953
7531
7563
7543
7554
7561
7033
7366
7541
7381
7081
7611
7570
7209
7100
7581
7390
7283
7087
7257
7251
7405
8246
7625
7148
7301
7342
7291
7096
7060
7095
7086
7194
7128
7256
7223
7358
7166
7041
7026
7088
7217
7005
7133
7229
7624
7059
7076
7305
7089
7583
7276
7111
7075
7086
7152
7162
7173
7296
7219
7232
7107
7241
7426
7487
7069
7082
7030
7109
10918
7220
7068
7295
7200
7122
7965
9174
7202
10197
8207
8183
8168
8282
8530
8111
8299
8260
8299
8311
8272
8092
7810
8189
8055
8206
8255
7974
8131
8267
8179
8177
8012
8596
8304
8068
8200
8342
8454
9114
9027
8245
8158
7767
8360
8368
8248
8445
7748
7043
7093
7605
7041
8083
7036
7036
7161
7553
7895
7831
7892
7004
9285
7126
8563
7202
8217
6992
7003
6999
7093
7064
7040
7068
7059
7046
7059
7060
7054
7054
7066
7061
8541
7186
7091
7100
7090
7149
7226
7135
7102
7216
7288
7415
7194
7444
7184
7353
7318
7265
7323
7560
7243
7390
7291
7226
7346
7398
7387
7374
7427
7317
7441
7677
7329
7437
7471
7298
7367
7325
7400
7463
7569
