1486
1616
1444
1470
1496
1794
1603
1444
1518
1506
1439
1512
1551
1537
1533
1523
1575
1438
1446
1507
1607
1493
1491
1526
1558
1454
1455
2196
1444
1441
1737
2362
1910
1444
1486
1540
1509
1551
1613
1540
1560
1548
1592
1546
1549
1825
2337
2298
2433
1554
1577
1592
1549
1581
1553
1540
1705
1561
1806
1554
1883
1554
1547
1555
1731
1614
1493
1439
1458
1485
1474
1851
1618
1576
1520
1452
1460
1451
1956
1741
1561
1460
1444
1444
1477
1594
1564
1543
1438
1460
1461
1440
1447
1611
1556
1512
1444
1466
1439
1439
1573
1615
1505
1444
1444
1460
1451
1529
1598
1475
1525
1445
1446
1453
1441
1596
1570
1464
1569
2302
1772
1507
1534
1460
1599
1443
1486
1480
1480
1600
1650
1605
1444
1454
1484
1481
1724
1566
1434
2393
1578
1482
1457
1664
1470
1478
1486
1443
1443
1454
1514
1512
1548
1441
1459
1477
1445
1945
1500
1772
1478
1434
1449
1435
1444
1828
1459
1479
1443
1444
1488
1473
1474
1474
1443
1454
1469
1508
1992
2618
1472
1449
1441
1433
1444
1495
1469
1446
1467
2191
1507
1455
1458
1479
1446
1488
1441
1441
1450
1442
1492
1493
1442
1455
1452
1438
1499
1438
1473
1510
1835
1467
1482
1498
1561
1495
2318
1566
1466
1507
1566
1480
1482
1466
1466
1505
1483
1538
1471
1514
1539
1531
1549
1492
1504
1552
1608
1574
1536
1467
1521
1768
1513
1536
1499
1530
1513
1493
1512
1518
1545
1502
1466
1488
2106
1928
1502
1487
1499
1484
1495
1500
1485
1545
1542
1546
1581
1574
1635
2210
2088
1548
1591
1509
1459
1495
1530
1573
1602
1578
1574
1598
1572
1480
1571
1570
1517
1516
1482
1483
1466
1677
1602
1577
1485
1478
1505
1548
1580
1550
1574
1578
1543
