14142
14048
13926
13926
13939
14558
14470
13927
13997
13936
13880
13897
13974
14349
15509
13964
13955
13954
13943
13966
13890
14127
14317
14118
14045
14155
14287
14632
14096
14050
14066
16382
14103
14233
14065
14059
14056
14183
14695
14375
14224
14130
14075
14257
14271
14213
14313
14061
14606
14257
14131
14096
14053
14121
14309
14068
14363
14050
14060
14414
14020
14059
16560
14076
14083
14508
14080
14040
14261
15424
14036
14070
14270
14141
14072
14036
14379
14060
14034
14091
14153
14034
14044
14102
14059
14221
13981
13889
14090
13879
14463
13935
13940
13971
13904
15192
14172
13996
13909
14045
13895
13856
13946
14735
13889
13913
13946
13929
14130
14150
14033
14117
13906
14099
13866
13913
13904
14372
13959
13866
13905
14155
13905
19957
13908
13910
13920
13887
13864
13887
13932
13879
13906
15121
13883
13889
13899
14040
13890
13892
13868
14128
13924
13897
14193
13893
13922
13874
14053
14062
14042
14071
14086
14020
14065
14192
14107
13998
14032
14018
13992
14028
14042
14036
18465
14487
14658
14038
14015
14007
14018
14025
14008
14020
14059
14014
13998
14003
14059
14118
14920
14040
14136
14205
14019
14023
14020
14868
14529
14469
14020
15254
14030
14000
14030
14011
14009
14015
14272
14007
14204
14061
14246
14061
14130
14085
14033
14052
14746
14067
14014
14433
14008
14025
14050
18069
13997
14006
14330
14010
14022
14061
14070
13993
14032
20416
14006
14078
14010
14022
14113
14026
14028
14042
14314
14017
14305
13996
14007
13996
14001
14016
14025
14102
13995
14022
14008
14021
14040
14020
14172
14078
14254
14305
14218
