13099546
11562858
10770069
10756669
10829059
14494888
12107938
10690763
10780451
15046986
11002212
10723947
10906929
10733889
11673394
10759996
22157645
14474752
10742913
10719700
10702953
10695126
15716642
10762984
10806918
10794816
10782492
10758718
10698681
13349651
10731634
10702309
10679567
10762714
10724003
10706133
10687617
20511792
10802817
10690284
10681021
10749712
10725240
12982137
12493325
10746724
10712254
10691640
10670644
10744971
11230332
10704789
10677535
10751402
10863663
10681570
10755842
16705514
10729627
10707184
10723907
10753067
10731878
11889024
15640261
17785881
10723212
15781289
10674538
10741806
12145095
10706387
12396708
10738138
10688447
11295533
10730293
10698043
10675098
13017854
10681832
10709699
13502186
10762249
11272881
11844127
11640635
10775519
13529833
13788576
10669246
10746155
10719814
10697972
10696192
10787343
10705699
10682993
11385918
10696245
10680991
10762970
10728577
10701072
10684885
10671931
10977175
11677351
11649592
10928632
12436021
10897549
12753373
12362368
11395243
11846347
10922980
11648670
12429176
10878755
12263818
10893254
18146393
10761133
10751989
10717689
12663438
12068853
11752810
12521450
13584902
10718201
10695057
12967266
13856101
10669082
10747162
10723956
11623580
12194699
11544176
12045963
12210703
13732694
11750936
11799912
13270128
12197913
10801495
11840098
11489711
13154238
12579864
12929428
11023830
10967367
12163139
12114708
11921463
11219032
11225821
12032036
10729412
11283128
12332499
12873526
11289533
10733385
11075396
11732254
11012859
11772869
14989384
12687610
10708252
10713223
10704641
12065479
14764440
10673353
11161747
11134989
12640074
12402355
12587008
12287011
10761499
10974112
12854997
12671135
12272222
12264060
10722480
11730792
13618079
10692488
10670384
10743866
10723195
10707194
10688490
10685153
10753681
10729528
10699577
10701139
10759854
11742945
12812656
11423492
12718073
11654541
10997911
12857206
15223093
10714694
10685181
10666012
10750734
10716627
10697393
10710635
11108851
10778093
12689387
10763476
11871464
11967682
10829154
11180118
11175194
10911260
11763148
11323228
10892881
12065917
11877389
10987565
12062611
12810476
12328091
13674913
11678401
12628696
12405557
12506953
13608642
10711916
10677735
10757425
10734354
10723048
10681960
12888247
13123544
10704383
10689696
10675896
10747508
10724346
10706503
12008837
11627107
10942704
12870412
11611518
10907780
13907321
12344006
12800153
13122474
10996519
13597388
11821461
12171211
10931751
12264691
11083066
10998723
11740964
11970859
11988267
11992138
11040760
11261045
12502520
12940446
10685576
11368920
10745294
10810725
12304844
12521519
12239504
12740110
12630036
11726097
12865071
11386886
10835959
10991665
12618209
10754035
11453798
12485158
10698064
10683461
11188606
10732369
10711051
10761901
10740325
10708238
13258180
10752158
10722253
10703528
12267749
13714602
10734609
11815143
11802803
10702640
12059869
12282875
12245793
10789876
12514018
12271580
11254567
12610947
11438421
11889081
10951385
12012173
12331213
12617942
10978382
11169932
11896574
13675199
11604706
13312216
12152935
13411598
10868730
12668798
11893550
12213504
12966064
10998677
12859301
12354475
13485353
10876580
10970786
11865990
11231202
11228186
10914674
10752578
10710702
12048423
12850282
21653490
21532920
10680198
10852207
10727431
10702995
10673327
10759339
10734043
11529230
10724857
10698389
10681003
10849063
12590687
10708937
10687105
10667408
12273530
14609346
12583738
11919568
14662194
10741293
12428792
10741234
10718742
10758359
11310807
15003522
12825109
12112606
10719783
10836324
11768086
12048833
10836546
12972465
12143627
11906847
11857655
11688562
11945532
11082838
13408413
10786047
11525030
12977919
11946797
12792569
11279135
12571002
10972806
12518467
13483046
11260944
10756074
10730183
11318950
11902672
15172735
11339484
11942072
10831548
11334828
11995408
10965287
12307035
12302593
12684078
11867384
12456858
12364414
10834237
12125528
11836035
11307453
11039979
11484040
12579992
15625425
10886624
12575448
12040444
10772631
11439799
11493692
13040046
12564987
11286913
11681225
12447770
11948757
10922765
11409887
14662903
14679218
10723462
10739379
11802062
10738164
11716236
12069066
10911248
13001328
11880689
17576138
10700808
11760407
10693885
11048391
12455117
12263286
12075751
10942490
11608937
10952972
10897676
14503110
10698327
10692908
10679967
10859615
12415130
10681783
10670489
20980639
11048549
18064834
10684058
10673614
10756145
10731240
12390052
10682242
10681221
11591249
10680554
11652733
12096211
12753319
12338944
12070898
10757490
11830579
14621430
10702179
10691635
10684692
10673613
10755891
11383726
12942977
11521230
11648857
10667522
12196813
10790027
11071742
12198930
11948026
11173567
12002531
11857846
11871933
11482669
13452061
11164451
12792963
12981930
11066676
11956009
12660924
10940462
11300545
10809620
11764085
12756548
20745997
10710549
11119095
10696414
10678224
10829729
11210074
11410128
11272785
12354156
11428753
12583561
10927829
11534548
12928218
13149909
12598962
11011992
12672812
13864858
11576864
11747011
11858919
13008012
12488410
11033776
11840339
12345584
12090869
10754813
10988080
12593555
12420460
11696423
10882316
11961854
12909255
11445208
12042430
12105883
12147757
10965664
11325460
13401278
12206722
12158102
11348378
10942145
11087383
13855231
10684800
10730340
11320735
12068482
10741234
12360723
15105388
11628297
21537626
11433600
10861687
10804006
10736658
10708710
11766820
12570945
11865732
11841111
12266060
11540119
10760031
10952293
11125030
11685686
10743313
10683752
12038453
19124718
10682366
10669771
10751530
10751888
10703517
10691041
11070075
10673254
10743137
10724035
10703743
10755053
10765645
10727096
11709704
10917897
10797406
12086309
10928590
12873307
12015104
11225183
13241745
10736188
10681156
11282710
12998082
11179604
12317019
11803117
11191288
12370775
11223473
12373091
10863165
10988175
12584906
12432554
13050962
15858889
10744796
10722890
12034220
11824786
10734661
12779640
11380446
15591792
10724140
10916624
11785108
11124699
12141119
10994165
10665076
10750977
11532314
11865807
10714168
10696718
10692663
11854560
11836587
10726889
10690053
10690639
10695228
10824151
10715231
10703617
10696654
10678313
11007124
10696828
10687168
10677520
10982274
10873028
10743773
10785708
10699797
10688346
10981990
21587109
17829870
10710379
10696827
10734461
13010032
10725591
10687826
10717250
10760632
10738459
10711472
10774006
10675633
10699623
11630968
11498224
12035195
11878102
11323538
11019332
11616361
10965823
12072474
13969333
12422963
10706430
11750733
21660215
15537767
10742913
10742461
11843266
10687353
10741317
10737474
11026340
10734470
12554752
10740687
10713410
10701121
11178893
12140036
13598053
10667150
11424244
12155216
12308150
13330336
11306573
11406789
10723166
10700018
10727901
10797329
10718900
11285190
12467552
10686396
10835384
10704958
10684353
10666825
10754679
10711925
11391898
11342435
12864910
12343203
10697359
10959991
10970749
11094395
11699515
13028472
10868954
10680229
10745869
10719906
10775956
11700419
10727508
10691429
10704994
10773663
10889662
11579106
13323536
11019982
13862784
11426497
10717367
10698496
10681078
10763541
10718179
10677758
12588523
10672060
11234598
11829577
12365056
14694105
10715418
10687211
12338573
11725387
11925743
10888725
11654023
13199156
11802927
11477212
13063107
12497241
11219632
12980522
10849570
12750184
10729428
11772534
16065786
10758459
12222046
10678468
13108315
10665909
10665133
11315143
11885365
11406547
12039451
10755962
11742248
11279897
10934005
10971186
12542323
12178960
11990306
11553076
11903833
10811275
12995599
14007815
12104462
12386313
12378299
10890525
11041778
12358147
12323803
12025644
11967735
11911451
11865151
11056193
12010139
11119121
11703386
12070255
10936427
12400830
11615110
10801798
11876386
11426385
12809077
10977588
12963470
11037033
11316717
13276865
10729926
12489812
10715011
11750775
13381669
10691779
10789882
10733669
10717041
10770793
11010367
13352140
11687640
10883939
13211828
11237163
11083873
11116279
11071072
11407191
12845050
10696713
10673086
10801859
10690694
10672222
11325076
14986418
11256153
10696682
11412637
14843650
11843376
21281049
13125690
10706979
15800724
19019780
10988376
10683382
10673666
10748436
10715953
10696313
11595645
12510779
11159147
12151530
12867373
10782446
11221633
12911472
11008862
12274604
14508067
12138833
11529360
11508881
12102072
10928373
11288219
13396593
10903173
11647752
11207190
10999266
12024894
11920805
12800176
11715722
11069624
13108767
11672221
12861212
10775027
12962095
12654547
10781016
11877105
10900081
11116300
10986708
10944178
10735311
10701953
10687633
10664818
10743058
10857632
11258191
12213015
11170433
12102595
10809691
12426239
13213639
12959186
11527269
12008184
13142948
10695530
10666839
10742129
10710479
12017625
11278682
11984838
12400088
13179097
10864236
12036737
13868997
10748697
10763317
11335780
12658925
13796520
10737634
10731650
10687892
10675139
16220135
11116866
10756683
11877791
10727198
10699004
11462434
11095603
10711358
12236853
11779987
11929074
11864740
10792098
11130074
12134464
11642999
13065707
12600781
11892278
10967543
11093603
12693815
12226716
13756324
10700728
11806669
11203314
10738343
12105641
10828746
12690344
11021983
11676748
10950542
10767713
11426273
10736535
12561518
12233083
11015134
13040836
13596145
10717337
10927684
13287404
10925295
11466953
12511419
13242954
11050392
13406995
12449273
11211092
11301152
12895019
10733009
12052027
21692389
21528865
12114645
10748327
10707176
10733208
10743070
10712408
10695725
10753133
10715741
10693197
10801970
10728520
12242772
11232334
11751362
11067410
10924582
11857462
12337780
11354974
10858658
11430557
11721198
10963479
11296007
13109608
10701419
10695612
10728715
11450784
11217308
10829731
11423953
11590812
10998800
10922362
10759805
11770902
11604998
11694822
11130931
11665714
12073399
13401660
10744659
12257936
12408151
10852416
12297949
13042577
10970377
11032937
11988996
11497852
10904928
10701827
11416805
10737647
10714780
12065513
11719748
11297447
11265177
11163648
11162665
12368897
11931572
10923691
11675487
12879476
11676323
12181449
12153479
10925363
12197384
10985611
11522276
10730649
11128102
12206949
11717481
12484569
12477593
13604634
16127118
11837652
11941924
11824251
13050752
11094125
12687622
11781215
11048821
11072153
10811052
10725493
10736036
11817652
10895231
10884341
12829932
10767372
10997263
12664474
12229205
12356478
12380151
10838002
11692371
11160441
12596565
10881175
11785800
12878336
12591979
11323548
10755464
11545597
12113043
11521967
12274263
12976438
11126602
12413796
13281324
11806657
12594455
13931046
11003389
12573955
11598361
11849100
12157714
12009506
11007151
11193709
11524548
12081794
12656191
12946458
13757085
10675970
10750903
10726014
10713793
10677509
21576037
10687637
10969449
13510628
10709416
10678048
12516348
11017770
10679290
11375419
14442233
10753718
10723389
11436310
10885753
11018595
13273712
12352980
12808789
12215150
11853369
11833335
11253009
11764549
11323871
12132638
13096131
17611705
15746900
21591627
20193052
10748055
10717565
10971053
10716028
10692315
10678565
10748331
10723653
13175884
10678135
10664371
10746777
10717359
10692228
10682888
16869232
10706309
10682212
10769899
10717005
10690788
10670418
12343739
10710870
10669534
11193046
10723976
12852328
10741707
10756393
10680006
10749298
10720019
10699831
10674217
10779474
10824071
13826783
10722514
10701208
12845440
13960911
12413038
10724153
10704267
10707641
10683004
10667607
10824197
10715595
10694631
11594770
12519871
10714166
10753929
10723136
10699199
10684465
20280868
10723517
10681962
10667278
10737581
10713887
10677995
10660461
10742128
10709885
10691458
10679638
10674537
10840382
10703136
10690848
10751147
10720467
10685332
11517409
12394647
12885190
11231970
10779732
10702036
12784511
12186367
11367101
13534000
10919576
10963652
12570163
11806057
11278292
13233105
12010487
10682876
11061882
10772605
13179323
12445140
11494921
10911424
12573459
12027592
12362715
11107732
13809778
13779980
10735486
10699084
10680668
11943573
10680312
10666106
14464675
14581671
11322562
10732209
10696729
10676835
10759009
11023822
10733702
10702479
10676420
10737242
10707948
10955943
15108720
18113323
10742528
10841762
12411016
10708616
11004510
10782511
10728579
10741406
10755324
12929459
10693534
12144468
10669204
10664568
10796581
11421680
14771407
12141815
10825394
10719053
10700188
11655520
14596116
12085527
10709617
11864932
13647710
10753525
10730393
11762835
11134547
12141583
12187254
11265964
12633097
12604820
11829590
13323568
11512794
10823556
12030163
11933568
10885753
12208168
11223199
11374283
10922720
10671503
15746268
10728650
10697115
10673589
10805392
10710370
10705382
10675531
10751276
10720759
13941416
13063138
15862847
10698395
10826053
10728301
10700895
10730908
10767656
10720098
10754890
10748232
10716865
10685198
10666510
11410313
10693112
10748105
21477197
11165403
10739061
10701701
10678873
10748322
10716847
10696710
10670774
10744350
10963726
11824167
10721821
10756452
10717584
10707409
10667895
10742670
10704360
15067786
10702744
11715750
22061693
18812139
10732674
10707058
10691200
10735453
10797172
10688123
10746401
10718190
11265552
13895157
14552787
11343208
10701830
10691708
14847369
10726109
10713371
10702212
13875188
11092427
10782974
10699059
11411912
10728157
10736224
10672517
10893986
10701832
10686629
10660538
10751246
10842622
10673869
10748343
12100863
12027964
10735116
10708543
11398898
11219583
10713184
10724815
10690286
10738689
10750327
10866644
10708837
10679201
10673766
10796789
10793207
15292442
11850717
20886003
10762349
11359250
10749012
12539814
10731319
10709296
11053347
10694848
10672029
10754587
10721188
11124836
10710531
10686217
18730981
11044444
10693715
10676668
10676652
10668017
18669073
10756232
10781797
10924721
10742432
11896596
14437489
12419546
11054392
10736440
10729805
11179744
10677397
10674255
10744544
10721451
10694326
10707357
10738939
10720212
10699183
10677109
10665824
14554883
13389264
10719542
10692801
10687780
10754959
10722218
10712327
10687363
10821561
10711894
15918691
10722068
10695272
10838254
10712059
10684826
10663979
10741831
10709680
10705098
12133889
11053362
13717064
12807512
10689979
10675544
10756972
10867409
10928099
10718161
11390809
11639160
12120344
11678399
11679350
11767826
10825506
12631475
11959217
12096124
11167470
12086376
12166558
11028440
11120161
11680717
10964880
10676485
11272847
10718498
10697814
10679967
10659794
11771333
12019311
11849325
10720222
11664652
10844596
12848128
12283044
13847698
11363042
13023687
12449950
11317058
11724235
13941277
11586159
10788832
11781496
12786126
11046528
11232134
12574155
13894031
10677997
10754898
12333360
12369890
13766649
10695215
10684237
10669866
10982689
10687702
10679060
10669510
10761449
10725788
10714037
10698628
10678366
10669571
11285812
12476541
10756307
12221369
15175991
10719856
10704694
10679819
10671982
20996901
10694580
10673106
10756630
10732962
10742190
10676606
10810536
10738330
10709100
10784061
10755676
12729582
13577050
10998672
10727839
10668437
12252908
10739518
10674253
10751971
10903597
11394285
10702863
15828936
10741272
10706605
10683884
10669917
10782180
10731431
10847947
10753825
10996192
13958976
13386611
10734553
10784107
10743833
11926364
13127804
10710468
11020595
12927551
10719467
10716268
10686404
10667501
11077213
12495759
11192551
12614170
12464753
12902510
13633377
10693163
10843974
11124900
11073776
13250890
11580747
11080160
11657998
12539577
13407249
12609742
12123240
13812797
10740951
11760553
10700911
11117695
11617672
11436033
10772474
10964647
11912424
11602955
11288519
11998017
12455898
11259316
10986219
13054716
11671198
12163785
13955423
12705806
12525225
11282629
12659351
12721721
12036323
19863181
10720578
10695535
10671308
10743433
10722510
10688677
12259183
11800573
12433837
10877876
12862785
12817092
11244173
10755526
11109965
10866613
11019513
11872085
11604402
11874038
11051519
10852814
10749785
10711994
10690405
10940305
11582775
12018035
10815248
10948080
12234454
10739562
10936490
11373662
13360565
10806719
11759258
12546538
12656710
10883411
11258264
11126010
12789971
12771720
10790847
12246627
10728882
10707860
10680430
10749934
11072321
10713903
10693928
10670420
10737233
10754109
10686759
10745934
10711881
10691169
10746022
13612302
10743523
10716545
10686749
12480774
11319423
10777707
10721033
11620239
11492273
10898707
11799789
10848949
10769978
11032285
11091545
11679110
12324906
11985972
10823647
11179305
12090093
13670099
12439635
10725629
11631662
13934407
10725735
10687643
10668328
10741355
10711019
11432797
10763922
10693802
10673463
10750790
10750616
10718680
13574759
10699430
10762862
10739107
10679452
10750074
10724823
10873552
10756497
10719493
10700764
10681452
10769517
11620086
12213827
11382708
12849813
13000459
11004271
13135615
11481125
13051131
11379743
10736590
11881466
10811180
10966664
12220817
11148243
11678676
11116954
10897784
13750236
10901670
12871938
11912046
14800937
12259358
10957623
12047460
12534787
12702631
12595451
12409061
13721478
10752572
10686672
11147973
11529044
11633468
11866517
11593715
11169474
12614424
12325660
12329952
12029959
10860675
11940868
19631887
10720044
11469299
10862121
15967443
10702588
10681184
10664659
10825021
16403308
10753473
10720170
10828376
10749739
11003458
10772190
11020376
10720171
11827815
10797849
11047473
12954994
11734199
10840783
10954759
12149326
12312134
12187550
11877403
10927704
11438978
10835931
11906229
12262490
11910765
10890770
11240110
12185204
10737339
10665533
10742442
10716339
11052626
13822883
10740868
10734786
10797120
10744995
10696098
10984068
10687009
11817937
11188300
11982889
11185829
11538442
12625558
11670379
12195424
10848878
11237098
11024169
10783919
10731173
10715760
11731308
10841514
10971989
12108944
12984298
11268073
10894487
11225268
11856575
12851595
10691824
10665135
10733092
10706804
10673359
10744527
10752425
11117683
11260200
11667093
12123857
11645575
14599472
15109416
10740653
10704372
11465310
10904534
10722345
11546046
10706428
10671899
10756915
11794286
13631977
10663536
10734333
10717389
10690580
10670939
10742270
10708102
11113993
10681320
10757510
11107208
12029896
13032975
10755847
10729363
10690200
10675703
11735880
10724484
10704599
10680964
10669052
10747993
10740200
10697267
10666378
10817266
11407827
13543444
10735467
10718928
10685466
10661026
10737566
10713148
10867017
10733941
10707062
10684820
10674709
10667115
10663356
12506114
10672367
10661221
11066424
13095879
10665523
10748343
10727616
10706830
10691415
10706640
10759716
10837314
10734441
11398639
18741976
10730525
10710767
10740145
10753076
10697414
14541276
11220096
10744023
11771323
10702076
10756419
11260705
11155551
11465860
12122660
11339593
14650254
20596225
10677005
10659092
10742269
10720885
11681152
13372316
10730075
10708439
12106642
10680758
10668523
10772332
10698650
11987085
11447729
11095409
12508162
11362315
13656555
11764958
12270151
11264012
11020728
11509420
12653854
10924357
13137217
10758853
11026071
13336464
10747317
10720468
10705313
11329388
10796919
10715321
10710069
11934614
10701882
10678166
16045669
10921694
10719936
10687926
13281381
10719114
10690678
10667306
10748408
10722463
10699065
11433451
10717310
10715697
11668035
10902225
12010653
11555612
10750610
10748993
10704598
10884669
10714931
10687325
10672553
11751975
10711004
11206571
10666199
10746375
20539307
10742469
10702955
10670688
10743200
10710590
10688092
10669579
12084855
10664258
10747463
10708383
10691291
10670721
10817865
11297348
10750466
10720726
10683277
10661723
10738549
10715406
10692345
10677076
10854214
10703873
10680780
10751979
10713172
10677099
12580358
10691974
10735103
10774105
10772115
10718924
10687071
11173941
10736897
10896785
10746783
10715174
10697269
10676136
11369014
10734181
11858271
21710614
13634323
10731020
10697770
10691970
10766840
10925271
10669335
10856784
10868036
10737008
13089552
11632307
10671235
10745764
10714350
10680944
10661147
11346987
10702976
10679697
10667806
12065188
10749001
10710591
10711484
11270200
11541455
15462740
10678564
10749544
10722735
11282728
10670341
10742477
10706560
10696962
10664118
10735483
11713487
10717029
10742390
10710385
10684243
10816908
10708703
10686295
10743432
10860853
10683550
13011349
11077517
12873758
13304900
10748057
10713672
10691445
20772342
12964222
10717639
11372422
10707552
10689374
10751126
10714405
10894014
10719211
11466468
10716477
10692808
10675982
10751049
10729849
10699044
10710716
10692346
11515884
10753527
10666732
10746554
10725059
10714087
14243131
11367808
10775702
10712755
10699865
10753196
10729012
11460062
10745786
10723932
11213525
10673725
10674191
10754464
11079456
10747464
10715693
10698130
10680591
10671355
10666679
10800134
11032515
12857696
11344320
10831582
10929263
11263660
12681801
11866924
10834822
14169622
18222027
10918657
19405242
10725570
10696591
13089557
10678064
10749358
10782578
10684318
11327609
13138956
10985516
10711712
10681168
10739201
10718212
10683556
10659547
10741010
10726314
10690012
10667451
10744610
10718583
10695914
10670977
10742170
10718210
10691070
10752224
10714433
10686949
10656780
10735924
12663693
10699215
10681918
10743001
10961273
10742692
10745443
20121617
10692655
10666077
10755225
10711513
10685646
10752568
10731033
10709325
10671806
10742661
10728260
11216030
10674022
10743598
10724241
11549374
10707324
10673013
10664814
10735735
11741017
21897537
13394782
10801330
10712680
10687812
10660731
10732770
11226439
10673354
10750862
10730681
10698352
12594093
10910075
10718943
10685973
10752594
11113483
13448894
10740563
10714259
10689797
10670056
10749273
10718514
10699374
10678765
10744021
10709997
10688253
11194680
12384762
10693150
10668342
15830646
10714479
19909110
14163198
11880950
10748871
10708421
10685236
10746804
10727519
10915090
10722363
10694247
11940730
10709384
10689100
10785492
10765310
10717562
10887321
10735128
10718868
10708400
10684706
10672277
11370907
11635285
10692291
10678600
10670737
10751999
11420977
13440847
11829029
15764686
10742653
10700070
10675618
10665470
10766761
10731421
10710578
10724050
10663868
10744796
10728640
12753676
10686851
11327229
10753525
10713936
10690570
10672600
10963944
11263154
12923650
11163868
10672334
10744406
10711683
10796928
10743192
10714891
10694358
10677698
11855947
11958298
10717874
10723348
10673828
10749192
10715546
10711061
10672541
10750813
10724417
10684568
10752010
10715469
10697631
10754141
10725971
10769008
10734486
12972802
10721140
10701867
10661508
10739944
10704952
10693304
10751152
10721651
10693384
10683685
10748478
10750395
10694990
10819894
10722593
17730017
10687822
11298753
10690058
10669663
10735353
10700365
10824616
10747980
10911485
10715467
10741754
10761333
10909535
10740078
10695846
11040674
10700694
10825000
10739063
10892465
10723938
10693132
15385659
10725449
10718610
10689207
10675432
10748650
10724889
10714322
10706115
10670181
12098464
12402110
10701253
10712183
10674460
10743769
10714750
10687572
16012378
10717096
10678041
10747647
10718478
10767232
11060727
10670199
10742566
10717168
10704058
10680294
10861443
10988496
10705791
11181439
14406003
11810403
10789961
10702453
10694757
10758928
10901583
10739859
10702324
12352143
18468273
10679079
10660441
10741816
10723422
10693849
10664761
10740941
16645691
11639296
10741803
10766840
20546927
11306553
10785226
12403966
11713674
11008440
12147609
21806343
19350941
10700694
10682644
10747565
10716229
11905910
10966483
12694126
11462840
10770978
10716585
12385888
11143421
10957554
12749407
11638599
10836686
12199817
10857192
10795765
11746479
12245080
13439786
10674363
10748766
10732520
10687718
10664024
10748568
11632268
21660283
13882794
11173460
10737991
10709775
10676793
15494629
10664213
10732907
10715796
10675013
10858742
13154773
10691397
10684440
10765863
10719637
10689652
10872093
10729234
11560291
13227004
10939577
10861520
10686981
10678038
10669817
10747281
15864401
10678169
11339055
10826806
11100976
10677322
10674862
10769143
10714978
10702928
10679000
10694607
10918637
10697611
12681408
10863460
10718153
10782231
11300201
10729400
10690083
10681913
10683429
10664065
10749407
10727232
10729535
10863610
10735792
10726723
10689449
10675141
10661221
10741495
12525366
10750949
12736092
13177840
10701121
10664056
11312484
10713139
10699370
10680624
10675037
10730708
10711594
11769536
11523381
14302470
11341637
10757738
10711898
10677883
10939041
10685383
10670714
10661806
10775385
10745420
10685541
10673620
11824499
17653080
11630817
10724037
10689683
17995749
13483454
10754707
10698587
10685947
10741092
10708285
10687434
13187787
13801783
11466104
10697241
10697266
10741587
10724955
11411888
10749956
14974188
10723457
10698291
10679105
11259005
10721713
10710052
10759846
10706196
11419645
10712236
10678665
10754431
10712074
10685852
10660619
10738408
10709331
10660756
10845470
10687948
11030075
10689504
10662619
10789198
11976989
10943816
10895648
10690932
10665577
10747203
10708692
10676213
10668368
10807454
10713747
11011780
10696270
11252176
12741369
11471019
13376857
11564556
10967877
11045789
11513172
12112703
10754585
10719431
10686197
11736193
10723623
10724210
10666305
10737462
10703119
10673103
10736574
10710182
17750254
11417811
12911239
12136749
10712613
10686216
10746048
10718760
10690437
11753800
12622025
10724430
10686373
11082689
13841326
10719642
10675885
10773406
12311431
13395637
10703423
11532665
12246191
10744527
10707263
18545050
11698025
10677213
10939093
10677532
10746206
13846672
11990538
10674508
10745131
10725886
10695378
10794924
10713738
14381398
10792992
10676918
10759545
10716082
13308210
10732341
10690997
12422743
10713036
10669597
10744713
10784817
10752974
10710562
10687998
10660587
10770740
10705744
12185144
11160421
10744238
10696024
10672263
10743115
12827398
10666942
11635534
11183287
10697753
11080046
12120325
11854151
12113047
11498088
11764866
10835630
12209041
12113099
11285017
11494811
11064771
12352255
10690526
13467531
10688168
10678580
10753873
12065737
10694926
10666679
10741165
10726268
10924231
10739984
11102545
10695136
10963855
10693613
10668815
10742768
10697625
10670940
13335961
10695943
10679449
17446920
10685171
10748368
10711681
10689845
10662456
10731768
10694326
11748526
11114635
19628276
10717958
10679030
10665600
12395792
10685428
13927501
10682710
13148897
15857943
10698021
10663783
14471043
12007117
10687011
10744606
12781070
10697336
10729615
11875412
10728548
11412113
10725380
15536850
10705415
21677579
12332932
12994099
10740048
15787613
12138023
21921150
13432530
10696840
10678716
11274095
15845450
10754880
10709050
10677598
11123899
10741300
13241330
21623574
12797998
10725567
10717692
10662973
10800950
10701951
12635838
10745262
20569646
10735370
10798285
10738894
10708976
10767886
10723459
10700422
19499620
10692799
11323617
14232372
11275164
10747988
10722124
10747925
10712620
10679622
10747998
12079781
10704915
10669855
10744984
10707123
10720484
10744382
10860799
10741820
12639591
10695329
10667487
10736621
10708441
11822923
17330158
10689464
10745890
10719215
10688856
10691109
10739398
13513019
10724444
10696638
10673443
10658848
10741295
10728146
10685788
10662700
10756070
10711232
10692432
10747364
10711520
10763691
10748430
10720007
10700832
10672360
10749428
10736235
10718959
12087014
11328375
10864571
12514408
21144381
10703995
10898334
10768219
10755018
18884411
10769527
10670499
11395394
10707661
11819852
11414676
11565868
10960643
11502022
10919161
10724392
11792786
12134391
11386053
13754327
15695653
10722786
10684436
10751985
13961695
13913628
10683216
11195996
10745908
15466872
10964192
10679187
10705518
10739137
10716333
10754041
12278642
11773836
12033610
13126638
10737149
10701023
11806466
11865254
11668316
11027051
11465330
13231832
11754056
11734667
11195992
11005058
11803025
12746589
11100314
12154817
13941078
12345562
10726745
10732737
11829900
13650837
13631618
11111807
10738443
10709928
11249861
13650351
10749192
17482857
10664143
11368075
10705014
10687834
10668474
11749495
10727645
10708559
10682882
10663841
10743954
10726718
10707017
10687731
17574203
13701338
10679096
10669264
10745400
11233213
10706469
10675679
10748668
10721151
10695864
10674300
11868293
11360046
10869369
10663240
10744782
10709333
13510100
13053310
10714576
10697808
10674274
10757063
10738939
10719139
10786008
12776852
11309728
11308544
12495104
10831515
11456963
12370042
10892471
12722182
13704149
11646556
12282036
11938294
11676442
10938700
12102283
10966201
11051899
12547297
12233044
11717715
11235187
12851158
11111685
12241698
12609892
10672130
12159525
12332429
12526912
10951294
13372137
13188201
12556032
11391368
13394268
10770780
10866285
12286843
12938482
12459234
10954621
12533968
11042623
11181044
11572688
15674906
21582261
19390629
10683976
14503779
10682240
10994665
10692154
10670960
10750679
10795704
10691578
11452033
10699721
10686333
10672500
10666583
10735092
10701298
10707232
10773750
10730204
10705183
10666796
21684083
18329923
10742512
11378236
11788008
10733164
10679725
12263079
10733180
10709530
10693824
10675557
15731902
10781590
10963595
13484685
10666579
10663400
16458368
13051368
10697471
10677461
10749997
10718463
10687631
13664875
10661062
10660493
10744214
10718323
13707129
10675592
11184162
13361261
12748060
11236162
10703633
20329647
10739321
13186601
10683217
10744158
12091952
11138534
10878083
11124284
13179562
10733718
10708016
10685002
10664891
10737492
12103447
10709217
10683315
10660534
11767094
14003139
10881985
10932382
10706428
10777014
10739867
11214548
10732551
10696782
10672734
10736747
10714040
11127677
11882274
11741483
10772607
11960057
10796199
12464322
11406293
10865936
11669152
10869286
12697386
12150789
10754730
10978453
12715814
10936130
10710533
11570332
11888858
12049621
11023866
11602171
11221289
12024377
11369720
10893380
17186516
16685578
10715614
10693920
11329003
10700824
10685287
10671148
13555289
13860298
10704669
11417345
10726940
10701158
10688175
10857549
10708455
10677623
10666246
10751063
11800140
10667176
10741357
10719374
10771817
10806674
10813282
10717825
10673589
10905136
12432716
11029469
12383883
11559784
11929675
11729172
11062596
10977293
12822066
13750977
10719018
17592453
21648460
21642770
11748667
11347473
13926238
12698847
10717633
10666352
11205212
14685005
15117655
10714523
10695555
10703588
10796151
10723367
10707594
10690489
10666344
10832680
12591391
10720859
10694328
10684129
10677611
10752733
10852836
10673453
10662452
15840939
10708041
10687286
10682332
10660507
14585277
14766671
12682085
10723336
10693768
11011971
10717202
10691257
10665655
10758887
10732174
10698326
10680440
10743834
10967228
10734772
10716233
10672340
10742300
10713110
10681698
11776611
12311725
10887896
10941049
10938578
11691235
11194123
13920067
11058038
10891280
11461412
11931733
10916982
11560063
12441069
10742672
10687489
10661363
10735294
10720186
16573221
10681072
10747067
10716097
11115195
10683242
10983869
12861852
10748173
10695927
11853421
10705825
10678736
10702882
10761052
10686035
10665487
12299174
12331400
10755969
10723700
10965941
14085139
12665009
10700491
10845809
10708244
10876326
10719676
10682618
10665994
10730285
10700000
10668387
10743347
10715629
14110314
10692634
10682570
10750035
10707526
10680670
10745057
10700694
12569141
11178568
10951133
13414250
10835860
10746887
10879064
11370434
10693221
10674164
10740228
15333483
10677065
10662315
10748022
10719081
10704559
12375096
10731259
10703015
12466738
15903215
10684222
14092646
10742235
21642233
10761638
10717297
10740372
10695535
10675643
10738633
13942569
11275300
10709094
15414912
10693036
10669254
10741614
11310081
11044416
21678936
21542838
10673327
10737482
10699317
10686058
10737484
10716158
10681942
10936879
10678103
16064701
10750427
10709006
11069971
10674408
10751552
10719148
10802943
11370464
10658897
10730066
10702734
10696977
11724880
10727448
10663833
10742054
10703980
10672249
10750555
10712388
10690822
10736899
10727881
10675845
10748033
10723074
12243731
10663705
10734240
12150105
10691013
20622562
17342361
10720830
10687369
11362075
10709458
10689055
10666494
10754224
10723036
10670053
13763010
10723158
10686209
10742757
10708573
13387337
10758040
10690373
10674430
12177799
12426365
10669894
10778192
10698411
10685776
10749014
10712654
10684557
11955556
11853556
10686248
13386460
10705778
12487067
10710119
10675463
11323839
10707503
11165604
10680390
10660560
13437586
10688190
10674532
10661407
10745190
10954931
12907725
10707072
10674527
12614615
10662261
10737584
11280365
10673256
10743903
10711945
10688422
10672809
12734051
10716353
10845144
10728055
10715928
10677182
10786748
10718879
10962777
13123581
10710796
10670488
10839249
14266825
10660790
12159357
10725918
10695104
10692425
10740665
10794150
10663715
10853056
13461425
12941405
10730048
11183256
10667668
10765810
11333369
10686955
10773707
10699613
10858630
10710551
11121565
11814819
14051016
10660679
10918656
10674423
11857972
10699081
13281073
11530752
11366525
11094819
11832844
12119193
10717574
12821236
10859666
10698117
10719674
10731598
12439227
11578080
10874846
11799180
11622886
10884193
11792206
10766493
10990673
10906116
13291033
10827533
11018741
12605531
13892261
12658893
10925407
11932621
12056011
10779391
11559757
13634713
12102704
13191321
12883175
10722650
10713637
10699609
10737803
13391722
11421445
11890678
11785199
10678770
10756021
10705391
10760079
10749629
10710126
19231696
10682441
10653136
10738804
10707139
10679090
10670283
10741642
11445533
10727454
10683384
10774363
10718319
10695598
10724921
11642905
11267074
11698485
10846108
10705872
10664702
10735134
12706883
10673126
10738802
10710727
19004161
12054604
10710664
16047168
10701458
10679991
10874226
10702222
10700883
10662123
10753718
11028966
14714054
13198522
10850558
15149544
10656417
10735128
10709959
10688939
10676355
13227648
10841393
10785244
10751556
15761194
10701850
10678082
10662872
10743861
10727939
10696526
13487211
10741264
10689872
10694501
10740181
10703964
10682259
10672678
10658237
10743793
10707231
10859233
10713932
10697578
10673863
10747466
12996072
13511948
10735445
10706492
10671495
10746769
10709161
10685007
10747567
10705975
10675094
10747033
10708614
11859705
10760394
10697176
10885680
10696073
10715736
11661543
10735291
10701791
10669143
10745639
10713064
10695141
10748004
10708454
10686935
10664487
10804227
10695754
10670444
10754885
10719493
10718969
12888273
10786917
10737693
10696591
10675555
10749243
10705141
10820300
11508343
10720298
11611628
10681819
10744917
10714145
10681161
10657625
10728884
10700237
12237844
10757591
10697498
10671131
13554897
10662980
10742416
10708758
12131215
10678208
10750368
10740764
10878560
13803636
10682782
10656890
10876420
10681385
10677713
12764689
10705941
14135578
14147561
10767485
10712947
10756690
10728633
10699132
10669799
10740226
10697893
10664074
10755398
13369342
10735157
10694550
12453494
10698175
14038891
12185109
10850348
10720326
10689010
10671028
10777894
10708141
10684861
10667510
11123728
10737783
10690851
10672884
10739162
10704661
11947323
14497934
10713822
10684889
10659690
10730354
10707101
10678627
15776532
10723875
10700595
10677926
10750627
10707039
10941856
10702685
10684779
10745656
10715065
10691363
10696831
10998435
10672263
10749110
10723796
10706338
10683236
10666018
10749273
10744896
10679725
10665797
13367800
10893003
10748463
10715839
12990412
10705650
10692790
10661579
10736088
10707702
10675517
10740785
10712153
10685667
10732776
10785984
11077357
14258412
11526891
12550696
10712949
18335590
10727941
10695704
10677836
12080797
10739020
15063794
10711607
10674349
10756224
10713879
10935066
14339908
12520292
10703416
10744114
10709175
10694371
10656148
10734037
10699838
10666263
11149496
10715865
10700779
10672346
10735741
10707639
10673531
10742225
10712092
10761369
11217785
10689620
12500764
10671853
10736178
10776589
10691149
10740893
10704058
10667680
10748520
10710412
10675688
10739454
12203017
16906975
10714746
10686599
10676007
10730212
10722368
10661930
11040614
11401731
10671339
10734565
10702744
10667599
10742786
11079634
12576753
10706883
10680385
11299472
10990135
11619189
10949159
12215543
11090834
13825246
12190801
11446076
10897049
11728639
11744356
12593464
11533320
11175257
12177159
10791745
10751215
10675508
10742091
10778217
10662588
11117405
10753208
11091426
10687573
10755193
10709300
10813093
10728856
10698576
10745849
19452252
10685701
10660119
10719341
12455469
10712329
10678233
10754003
10712951
10693849
10673114
10738570
11050873
19134231
29607635
10657512
10738880
11032487
10734466
10712189
10685120
10677416
10744077
10715439
10726930
10688214
10656803
10762267
10707810
10808803
10739753
10727122
10694598
10676240
10666114
10742882
10704720
10682892
10665564
10869158
10726237
10706061
10749942
12231450
10701600
10674536
11311227
10715518
10693761
10686132
10663856
10733320
10703885
10686401
12339600
12065558
10712928
10686683
10743200
10706542
10678789
10664243
11233678
12897832
10658580
10729325
10706195
10664870
10744256
10708075
10706418
10659616
10733594
10705585
10681387
10744851
13805730
13321567
10718417
12127855
11731278
10747811
10701835
10674391
11150746
10724833
10698589
10677156
10659570
10731136
12427444
13246551
10869777
10727894
10690519
16992895
14857785
11906941
10661601
10722489
10684359
10662712
13979974
12108649
12766177
10699999
12816062
10725378
12101513
11394534
10716737
10682912
10741477
10704573
10665946
11072974
10739273
10705195
11521546
21651955
10699225
10676514
10738713
10709664
11292016
10744285
13334766
10682607
10653739
15812075
10717983
10690467
10683741
10834340
10709144
10682634
10888808
10988530
10819974
10745003
11785254
14236411
10743245
10715258
10678105
10666525
10743578
10709800
10672477
10745081
10719256
10668421
10736207
10708295
10677307
10746235
10705102
10674775
10742568
10851216
15842102
10696685
10672907
13198167
10731640
10688297
10666142
10725489
10696554
10665454
10736087
10702540
12587232
10669132
10742934
10700794
10671048
10740413
10710423
13501152
10694663
10661024
10741279
10700430
10686230
10745200
10702390
10701754
10758316
10818527
11199008
15021454
14116806
14740974
14251423
10976168
10665644
13011247
10746341
10726308
10679142
10743227
11505715
10723420
10723279
10660415
10740019
10706874
11704708
12602625
10671013
12986874
18743550
13250305
10716779
11680931
12306329
10706270
10677544
10773826
10974480
13103429
10710841
12393515
11562060
10736446
10660380
10742229
10883240
10725713
10708685
10668504
10741398
10707284
10677859
14830758
10820022
10660849
12508923
10666047
10747096
13633165
10725948
10752314
10670089
10659007
10922582
10681291
13900325
10757405
12893819
10738340
10709365
10676744
10938277
10845319
11122749
10722006
10692709
10746333
10712010
10678129
10742004
10724669
10847863
11827632
10749367
10706906
10753637
10735756
10697555
10678153
11742462
11251423
12166103
11804046
11498789
12103159
11353918
12362951
10937389
12821252
13476840
10663693
10741093
10710487
10669570
11384466
10715235
10744344
10729322
10696349
14375146
10709438
10679687
10658566
10726048
10683641
13429372
10701549
10675803
10746330
10729371
10699544
10659338
11046600
10724185
10936766
10715579
10678249
10746864
10712107
10752339
10725991
10688328
11211448
11383519
10673116
10737799
10711056
18243855
15102660
10668996
10744949
11209277
11141191
10669631
10740275
10708494
10683359
10738307
10704998
10691497
10742067
10696278
10677066
11488197
10747975
10706989
10688910
10749284
10702386
10686914
10970091
10660711
10726020
10696755
10675590
10772974
10703002
10677909
10747003
12964685
11506389
11117670
11111616
10746219
11100383
10679039
10752548
10929904
10732087
10868625
10729225
10697931
10668793
10733885
10703367
10673959
10744004
10698474
10674420
10743480
10697103
10680749
10745690
10718308
10680490
10760972
10716194
11925503
13479649
10734460
10699473
12511985
10690077
10658152
10743651
10700828
20343729
10717501
10686554
10749247
10710819
10681934
10746496
10704909
10662257
10735003
10707486
10689152
10808143
10711009
13488211
10700444
10669265
10732611
10868957
11510622
10786232
10688317
10661479
10743600
12885306
10748148
11786308
10676433
10757305
10718126
10692132
10679246
10663457
10740984
10711959
10693002
10668879
10741248
10775142
11737373
11657368
11709262
11831905
10853668
12130741
12456366
15508145
11399192
10732335
10707601
10707074
11848185
14623277
10664526
10738740
10695763
10672033
10747433
10711202
10680121
17934666
13873945
10724888
10711818
10810672
10726858
10732881
10666179
10720909
10688541
10661031
10732237
10759955
10747157
10710586
10684511
10975678
10664191
11929681
10677570
10755339
10701947
10670243
10767805
10688153
10671942
10740708
10710621
10740289
10724956
10695110
10670138
10732843
10716995
10675959
10754659
10690377
10656521
10733010
10692959
10659813
10724801
12914754
15813309
10955528
11893275
10775414
10751516
10685360
15053911
10757112
10708179
10674898
11667579
13801158
10689821
10666218
12160926
12278465
10681626
10736719
10703627
10672076
10885447
10684121
10744658
10701801
10680065
10740275
10700671
10678828
10749875
10705751
10679118
10660739
10734941
10695193
10674501
12176406
10781329
10714433
10684412
10667014
12763087
10715315
11470056
10730972
12871069
10785424
13660691
10679071
10659068
10731362
10694251
11689042
20688139
10734312
10699835
10674158
10747636
10711449
21611104
12970752
10733472
10677248
15705977
10747522
11752904
10856018
10711474
10738977
13014320
10713763
11357788
21533105
10738932
11865362
10968807
11369016
11463834
10632593
10729395
11867375
10725701
10696037
10834680
11506202
13583548
13443861
11576841
12138897
12247944
11505014
12099845
12022188
13161623
12688460
10683912
10737147
10708210
11614086
12338571
11278278
12496993
10909840
12008774
11888677
12831414
11162519
10974039
12584644
10800440
10728483
10889797
11419949
13085189
10829620
11830276
12532697
13093252
10913949
13145671
12256402
13465845
10791407
13328967
13105852
11151069
10773711
10813520
11396555
12140679
19286780
21142026
10715963
10769921
10736133
10820180
11559349
10948023
10662426
10742877
11383202
13773100
11053175
11790541
11552392
10681824
11089756
13959402
12691429
10773348
11393363
10772698
11843626
10747939
11849642
14339134
10680782
10934582
11122981
11705909
12863429
10876446
13053784
11464730
12016071
12252344
10819282
10991644
12659652
10970282
12947346
11110200
11137634
11136044
12276820
13660971
11472569
10726599
11187120
10771302
10842528
12472023
11894122
12499750
12481600
12454171
12548931
12711032
12594436
11855789
12865753
10897816
11374734
10935756
11534340
10771055
10949533
11869414
12203439
10913693
12138994
12150156
12441362
10897955
11757675
12773754
12460456
11580834
11734924
11726754
11163009
12245505
10704011
11474131
10747476
10910702
11847948
10981916
11720329
10856710
12132181
10931462
11902582
12323998
11878452
11986859
10962455
11534889
11005136
10814850
10670227
10758504
10994597
10705072
10670286
10736905
10713867
10671767
10957026
10668602
10723279
10865240
11300632
11603377
11100062
10905434
12986807
11802060
12332854
11358518
10902219
11403180
12638990
10963377
12388313
13757215
11897385
10872461
12174543
13942417
11400687
10661027
10726058
10690545
16059530
10676134
11181570
11487641
11495465
10949794
10723462
10767423
11133894
11704453
11038562
12634082
10864722
10923176
11078486
11881310
11068503
12262709
11607675
10886653
12056353
10702955
11872469
10702654
10982934
10751390
10662621
11442938
10674418
10753069
10754365
13703254
12789851
10669657
10747285
10707850
10671554
12894168
10671208
10738024
11038243
10704517
10660313
13059225
10741352
10700239
10741527
10719038
10685827
12068718
11938790
13912494
11389534
10727411
10693177
10842705
11116146
12015409
12356819
11717806
10823105
13815031
10918016
11347897
12084428
12942678
11921920
13783994
10665525
10742292
10752195
10921885
16191914
10729195
10688228
10673524
10658523
10745936
10731928
10690274
11386675
13430769
10706538
10671020
10736281
10701813
10677969
10734450
10698618
10730149
10808032
10684838
10662289
10746071
11054583
10709892
10690688
10660717
10735158
10695299
10686307
10816932
10703546
10678369
10743450
10881343
11640710
11752975
10809354
13638458
12177488
11683801
10683764
10889454
11049718
12914844
11625821
10939145
11251691
13406339
13428317
10740472
10844684
10744756
10693714
15730317
10731565
10697466
10666711
10738464
10709077
10689026
10656636
10737126
10736024
10665870
11010801
13148283
10658903
10738404
10692099
10658027
10859016
10675747
10778972
10705669
10682425
10665286
10724293
11340150
12520602
10734889
10708659
10663650
10734732
10945564
10720050
10668767
10740116
10697225
10678840
10743622
10713221
10705504
10660283
11642684
10724847
13911440
10859212
10794349
10700455
10674243
10733667
10716767
11147311
10740600
10703217
10978800
12709454
12941965
12609679
10688848
10714275
10727495
10692722
10667705
10750900
10724114
10661853
10731401
10699152
11096979
10647713
13733903
10943500
10721469
10684779
10651269
11409234
10655747
10725226
10682474
13204468
16090742
13333227
10684777
10746322
10698740
10677974
10745676
10706942
10694030
10684397
10800369
11124291
10664408
10727888
10781446
12113195
11867544
10679922
10742792
10701366
12880006
10733001
10722498
11405357
12165792
12371511
12230495
13136817
12528538
13937077
13117089
10737986
10753833
11348309
11447030
13900486
10852345
12849452
13506864
10901791
14249470
11016334
10666110
10731841
11646302
11480889
11013988
10723926
10718766
10669624
10656216
10738981
10715739
11865557
11254935
14296839
11381218
11484834
14757545
10745660
11989157
10739866
21504443
10749732
10720767
10696150
10661556
10732280
10715985
10722394
10670807
10738698
10711625
11243537
15110936
11326573
10734677
10704346
10703429
15644938
11009663
10664938
10667509
11228610
10718988
10687978
11889438
10711445
10691112
10659854
10745871
10709235
10685837
10670981
10653165
13290637
10666106
10754543
11885122
11551776
12418659
11979788
10804479
11572454
10732711
12812408
12551764
13030869
11898149
11620662
21407340
10914899
10832469
22012823
21794108
18109878
10679353
10676684
11255575
11398790
10781536
10686884
10686073
10744823
10705232
10764057
11658844
10735562
10709201
10680427
10660637
10758038
10714350
10699642
15620693
12822495
10739706
10773397
10674795
10658188
10733771
10746858
10680174
10658747
10737736
10710510
15983977
10724429
12563830
10686159
10682372
10753139
10721465
10713589
10749958
10726761
10693093
10783659
14601600
10734216
11134234
10771355
11524933
10689709
11000879
11787973
10702177
12121188
11583960
18502817
11050841
10850348
10742656
10680812
10768528
10718435
10701937
10669245
10743933
10711754
10688240
13179153
14053183
10675797
10657448
10741114
10710985
10993281
10702406
10809935
13370108
10692880
10667842
10768554
10712122
11268457
10676138
10737342
10697048
10800991
10747454
10700422
12851296
11900336
10687147
10715109
10724736
11211840
12600133
10726618
10672494
12184466
10730883
10693700
10676934
10691677
10785050
10738523
11749077
10740477
10704432
10713942
10726436
10728258
10677399
10663421
10739402
10717772
10696652
10664314
10744829
10714090
11067121
10703727
10683754
15703937
10958834
10672458
10656230
10746190
10711220
10688132
10691401
10733615
13395238
12082647
21511694
16712743
10705254
10684669
10660074
10863156
10704353
10680024
10750727
11943007
10737109
12111070
12194457
11983744
11850487
10818006
11969984
12734729
12631598
14083773
12598486
10753969
10715126
10698431
10745576
11693116
14399724
11622768
10663540
10822138
10712792
11135973
12753665
10730230
10709759
11048613
10680905
10676630
10743439
10714979
10735920
14996765
10675704
11589000
10753614
10723929
10692327
14662402
10673774
21748812
16647491
10660236
12963683
10718996
10749751
11216790
13901473
20623736
14139078
10898101
10679291
17831044
17548151
13761603
18585679
10653475
10744541
10851240
13674777
11860731
10714834
10672263
10662720
10737786
10842717
10691611
13409851
10888936
10729672
10691738
10676748
15000625
12624253
11254147
14002528
18466789
10711874
11658008
12140968
11744861
10813075
10965090
10692419
10672443
10670303
10744000
10713654
10685638
10671038
12775492
10705074
10678397
10667252
10740080
13040348
10724549
10791293
11300973
10760512
11663590
11206898
12683198
10732420
10711594
10672468
17031873
10680780
10664194
10745093
10703887
10678107
10683117
10753377
10710413
10685617
10668960
10739852
12522032
15950852
10861193
14304782
10689372
10667936
10913545
11253840
11621019
12370053
12309769
11954369
12233711
13460631
10879828
13429920
13843111
10685494
10659277
10754061
10687568
10653036
10722490
10693748
10663114
13552701
10755113
10698553
10918048
10694517
10693239
10747918
10715774
10676717
11113698
13750179
10731149
10697422
10675700
10778495
11106184
10682566
10700426
10744758
10715611
10697915
15857814
10721417
10681877
10670396
11358516
12911135
10715713
10979416
11084665
11025185
21559397
14315877
15725827
14585733
10728360
10700434
10657522
10832922
10849217
10841618
10738358
10701260
10796262
10716160
10674201
12710836
10719187
20547174
15571339
10707302
10668371
11384746
10673910
11991638
10727407
10697241
10668876
10953073
15726549
10721317
10680276
10661227
11789907
10673786
10742264
10706979
10679222
11655668
10722228
10685033
10682659
10723680
10688696
10901758
10680353
11879119
10698234
10670043
10741813
23172137
14707780
11318216
11122892
10750698
10722055
10760827
10748699
13336763
10743021
13751136
10682407
11152428
10658426
10737381
10717021
10688356
10748518
10728071
10712457
13237324
10734703
10708399
10824771
10739416
11897145
10733039
10702232
10968742
10693327
14271223
17132846
10727901
10697119
10683666
10666770
10737232
10704856
10721982
10667393
13184752
10727188
10700176
10667650
10740964
12530523
10747872
10699443
12293992
19104475
10659114
11009617
10745570
10728496
10809018
10744453
10723509
10694417
10672886
10664444
10826099
10688901
11149806
12475799
10685338
10666080
10743221
12102277
13136555
10724384
10679830
10659092
10746326
10716853
10691778
10669090
10765440
10702307
10764084
10906822
10687454
11430130
10693392
10682629
10658891
16987657
10677796
10755491
10705100
10682817
10664932
10652638
14898181
10694196
14452368
10719542
15626849
10682502
10662827
10659943
10735650
10708335
11598237
15043141
10699593
10863871
10720659
10709203
11000354
10682129
10664554
10749917
10710330
10691078
11396539
10723952
10719733
10678222
10744882
10714750
10673380
10660352
10739534
11192496
11515621
11854139
12534173
19304124
16001942
12812987
10740271
10737915
11590881
10689469
10667489
10756084
12629405
18653170
10719193
10694529
10666671
11485264
10873139
10720947
10690422
10668115
17786277
10725780
10700020
10691685
11396168
10690460
12180846
10657794
11379687
10697157
10664481
10793219
11453140
12545768
10729705
10688673
10666872
10657682
10755916
10701703
10676715
10652594
10736337
11322647
10670447
12774925
10707714
10679165
14117639
10674688
10662509
10749217
10703940
10676563
10670023
10754137
12571398
10712546
12358008
10738493
10709158
11006348
10699487
10677516
10669104
13242499
10744309
10681188
10751315
10738652
10785280
10744207
11206026
16791100
10680723
10746834
10715705
10684505
10665974
10749794
15704786
21518703
10736791
10735582
10680773
10676044
10673985
10735622
10711328
10914546
10712803
10685886
10865345
10704389
10895105
10746326
11035310
14195711
13937149
10707926
10680607
10665123
10741526
10710899
10689150
10675545
15883094
10870711
10744020
10708372
10753101
10662505
10738696
10715929
10703678
10675920
10655874
10742304
10690040
10675716
10658865
10741587
10705364
10674799
10662133
10737446
10712366
10691986
10664243
10737238
10718555
10692435
10659702
13721565
12840407
11065860
11058948
21578547
19290401
10696212
10748063
10756023
10849552
10662324
10736600
10717839
10683811
10749113
10729871
10905237
13988045
17624584
10657112
10730712
12502738
15913010
19033969
10702857
10682490
10647077
10734218
10699510
10684485
10669014
10657185
10715378
11001458
13867978
18750871
14983847
10676179
10661495
10762598
10709908
10662992
11404248
10696699
10670406
10740992
10724405
10774264
10664709
12203291
10726578
10698480
11598760
13579010
10682951
11292607
10719375
10690274
12991170
21632648
12458262
10729397
10694915
10699666
10660557
10815123
21665703
13300414
10657426
10729962
10709843
13103419
10682583
10792316
10754117
11114232
10703152
11515199
10687383
10661191
10882893
14557455
10698501
11146025
10742264
10715921
10685828
10669833
10734453
10711118
10683544
10666327
14133543
10987302
10668030
10742932
10738374
10685982
10660631
15886409
13202123
10687738
12528118
10685311
10858286
10693607
11111528
10737683
10734060
10821620
10673996
10869014
10680248
10665716
10739562
10715567
10687136
10871057
10711828
10707495
10656060
10759527
11699959
13259295
10665499
10719999
10765668
10659791
10782760
10767500
11453347
12718060
11190094
11831373
10712221
10676563
21579466
21706910
10685878
10861015
10956564
10932066
20923120
10719833
10692475
10685629
10661560
10730978
10701058
10678190
10658521
10782646
10700564
10682110
10679833
10736105
10703682
10677272
10660652
11202090
21622273
17808097
10737338
10772499
10876966
10999203
10717123
10687865
10765982
13304279
10688133
12071782
10741368
11207365
10728713
10652729
10741857
10708973
10680905
10666451
10743614
10709050
10687306
10666714
12305004
13567787
10711677
10739671
10688925
10737771
10706209
10685989
12844372
10842040
10675162
10742552
12315635
10778784
12806653
10722725
10716560
10769913
10738917
10683248
10658278
10726532
10691736
10665616
10739678
10705644
10663868
10740941
10723352
10663620
10727470
12923074
10707631
10671889
10738853
10698799
10663870
10728508
10695582
10663118
10726093
10728627
10659309
10721104
10926730
10707470
10668012
10734275
10699556
14903650
12918953
10737570
10674117
10735639
10695553
10671692
11144614
12048524
11974579
10847700
12116951
12578500
11546486
10836749
12149363
12177650
12605318
18684104
10784780
10670626
10797563
10682896
10651324
10724752
10691029
10901105
12347159
11230798
10691178
10661252
11470472
10655787
10724772
10694937
10667534
10769781
10913380
10782766
10672039
10831830
14257261
12474959
10764477
11102394
10795169
10732522
10700363
10709222
10736442
10696997
10665161
10740293
11056551
10726177
10700464
10665675
13432146
10682628
10661832
11993997
13684952
10881674
10686971
10742729
10702943
10665316
15655892
11145904
13218542
10677938
10757610
10709804
10681762
11141616
10665463
10744805
10704801
10682720
10666934
10739955
10710718
12378530
11281918
11093406
10703558
13048119
10685545
10666065
10745569
10709216
10882950
10721771
10685195
10674568
10820849
10694414
10676766
10668685
10731992
10699225
10679057
10848590
10700960
10674385
10913611
10760198
10649267
10797636
14816967
11264467
10721732
10697219
10674889
10677909
10725173
10695076
10677910
10657055
10737790
12001082
10730566
21489049
11076541
10769085
10710749
10680313
10667146
10762269
10718771
10678976
12723951
10721896
10692544
13925050
14160173
13417590
10713874
13934389
10727933
10707619
10676987
10662564
11118162
11606308
11011507
12465320
10934233
13104638
11670342
12322568
14691390
14676141
12629697
10678336
10659380
10736091
10680192
10744530
10698679
10667410
14124931
10729609
10722416
10685580
10736688
10938159
10738449
10822646
15911692
13672387
10721218
10678659
10743237
10696782
12103465
10659232
14074651
12580762
21550805
11715173
10701252
10662242
10732416
10699658
10664002
10742535
10729607
10685647
10743777
10725857
10925275
10704801
10683130
13732241
10739757
10697572
10672173
10727718
11292596
10745325
10700803
10672348
10773841
10858280
19756009
10704129
10671198
10735713
10700745
10665149
10721652
11061533
10686101
10920520
17844085
11503887
10719655
10679133
10740198
10697562
10658730
21850426
21639274
13169073
10658493
10736249
10790396
10719505
10679592
10968230
10658046
12738816
10691729
10652234
10736410
10695015
10662196
10721565
11340857
10712071
10677925
12077248
16643904
10722304
10711734
10732559
10707939
10668871
10757357
10744271
16531836
13910705
10674074
10729528
10701980
10777660
17327353
10735774
10698653
10671678
10729265
10688900
10900020
15733589
10660358
10737799
10676240
10741266
14609660
13357278
10720401
11244272
10734656
10704919
10657786
10732747
13378059
10712085
10679998
10736680
10696601
11057912
10653344
11117070
10710400
10680822
10735898
10688385
10654613
12351189
10971405
10720876
10738520
11135802
10668818
10726237
10686191
10741685
10692106
12458898
18790001
10734983
10683621
10751532
10697221
10660264
10729621
13869198
10722014
10679175
10653890
10721865
10677678
10743135
10705049
10686594
15408161
10755174
10701820
10669849
10748349
10714762
10660819
10717913
10687964
10653886
10725287
10703117
13428704
11207548
10721139
10689422
10654055
10723213
10680422
10659212
11886625
11677959
10817914
13131419
13209052
15969590
11374352
10673947
10737220
10699636
10664537
12003981
11096421
10831588
13717868
11124994
12144123
11767054
10720592
10673583
11400445
11489229
14433597
10694282
10757892
10692914
13211008
10727655
10681533
10656415
21722393
21648384
11153789
10692092
11732975
10679161
10739130
10695466
10679064
10723742
11360879
10748691
11109355
11330058
11111161
12617312
10682252
10738159
10674462
10763377
18050821
13929650
10719106
17551298
10692593
10745463
14529314
11902816
10752803
10726862
12918906
10681992
10744671
10692460
10764278
10711980
10675564
10733503
10690247
14638711
12393071
10696077
10729061
10690316
10741219
10705199
14734029
10734396
10701915
10674162
10739272
10714396
13104266
10659203
12451767
10725604
15991692
10706311
10777985
10702173
10679518
10656423
11148902
10718815
10719591
10673736
10740963
10703989
10679296
10660392
10735945
11556047
10716836
10701135
10682356
10780216
15671747
10676908
10658101
12357120
10695273
10673372
10744189
10711890
10691498
10670926
11291694
10703678
10675010
10651587
10721370
11480095
11998172
10974405
11443417
12744637
12007411
15390115
10730578
10692067
10665279
11349206
10674617
10724984
10695520
10669187
10725625
12512376
10697832
10658521
10775513
10695171
20926805
11020332
13411100
10708388
10677166
10735733
10707082
21422822
10843129
12497910
10659562
13451626
10742850
10708926
15819757
10739863
12227973
10812138
10765617
10802958
10665675
10735421
10928779
10702871
14168903
11138815
15645327
17706570
10687438
12484570
10683256
10724738
10699035
10663234
10719186
10681844
10657345
10717827
10673665
10726312
11256635
11744948
21545678
10712641
10734309
10682572
10653170
10718013
10687956
12266203
10703079
15794127
10718232
10689146
16834763
10701168
10666025
10766145
10717391
10655873
10717988
10702719
11510735
16019083
10688033
10667859
10725483
11142706
10666220
10758668
12160820
10813901
10712384
10669624
10729256
10701936
11854473
12273849
11906714
11708882
12419068
10772076
12516611
12521492
11561140
10906779
12264314
11866353
14170630
12206468
12292762
12143711
11047199
13129904
12408557
14579701
10812614
13180842
12367406
10829277
10959128
12143144
13213395
12333245
13397469
12840472
11898935
10748168
10715902
10707073
10665194
10737693
12491074
21698192
17190259
10709616
10683573
10668247
21629483
10661062
10737633
10745282
15503241
10808009
10657073
10715277
12566844
13635595
10688189
10812930
10879793
10761376
15789112
10700322
10681060
10657901
10731661
10708765
10702699
10746212
10693557
10663642
10734820
17957828
15393699
10692043
10665953
10656947
11715391
10716095
10681535
10662427
13068024
10658755
18386887
10694932
21488392
11655974
10683652
16361936
10728318
12007047
11000667
10698267
13278500
18470270
10688954
10658814
10723725
10725882
12020028
14867767
10771326
10710152
10688872
10661956
10734461
12047388
10701432
11924034
11579047
10801307
10675880
12342848
11680236
19867518
13757528
10707871
10677237
10673368
10736517
10686087
11306734
10732179
13531436
10706733
12511511
10683936
10656896
10759133
10696035
10673601
10729682
10875450
10732535
10738018
10758030
10715482
12656385
10665738
10727878
10695987
10696319
10735002
10689689
10659196
10734071
10841415
11558721
11299688
11231738
13735284
10702910
11407697
10772830
13192597
13169214
11205520
12124861
10686106
10724356
12019278
10872152
11635646
12225234
11894724
10956172
12323809
11543594
11813104
13085127
11638380
14034022
12280962
11469825
10962959
12442978
12736700
10700377
11507214
10895218
13707490
11878285
10784180
11138279
11424697
11621400
10725937
11051462
10771408
11425327
11167537
12603955
12755582
11292636
12133611
10927658
11169393
11057286
11805816
11136976
11906237
12441966
12539808
12337689
14905769
12157107
10700261
10669263
11087425
11114549
10889594
10830111
12288591
11223865
10890539
12779224
10747738
10703857
10672253
11652400
10726002
11997844
11600988
11091952
11112404
11396452
13096494
11417951
10715080
10693980
10730161
10697844
10670380
11503661
10726375
10686638
10661988
10769663
10829333
12135510
10847647
12016465
11834300
11187097
10848209
11679858
11594814
12301369
11796464
12406702
13731786
11969206
13125343
12029767
12243375
13608816
11177876
10731048
12353303
13265358
11723597
11971416
11807191
10819939
12459511
13583723
10711951
10674834
10752906
11010553
12259350
10659190
10716873
10684674
10740462
11911472
11735900
10692090
21331366
20202996
10682636
10651563
10863846
10656608
10737346
10696313
10743521
10729180
11721123
10716958
10684004
11226645
10708203
10684793
10744395
10706755
10672608
10736473
10702797
10664326
10726255
10694150
10738427
10700919
10667636
10732901
10712174
10736509
10723952
10792947
10740181
10697390
10667038
10739632
13141813
10691866
10659898
10743612
10687024
10664633
10727742
10750900
15701417
10728597
11121429
10685128
10657440
10725061
10692195
10661757
10730265
10695427
10662231
10728083
10695278
10671493
10739936
10701700
12881085
13563280
12018817
14809818
10732824
10700682
10664070
10719207
10688880
10657364
10725033
10679892
10737831
11780480
10740642
10705596
10674484
10735991
10703708
10660317
10722335
11383862
10712552
10672011
10730334
10696392
11938568
19429449
10822913
10728965
10697856
10668617
12374393
10661263
11301225
10685204
10654119
10724578
10691881
10667241
10734303
12352023
10735646
10915320
10729185
10700365
11087285
11633287
12571993
10689693
10653912
10719981
10693138
10733888
10688194
10662986
10793272
10726237
10734756
10696788
10728014
15915203
10668287
10815517
11805318
14410630
13915375
10722420
10694903
16905212
10725941
10695419
11500939
10705968
10905093
19446070
11623193
10736968
10684253
10731435
10696633
10662357
10724994
10693769
10650945
10720227
12524745
10698663
10660439
10760243
10685925
10658042
11722775
10711545
21960760
11895223
10763490
10675417
15172885
10724273
10677785
11479861
10771221
10821992
11099987
12160358
11891590
12262492
12663704
12019356
12008997
11963847
12475781
12322637
11819029
21509907
12636199
10693813
10662921
12629831
21590788
12935439
10739392
10760658
10769797
10743437
10746377
10700214
11206471
10754409
10741951
10653919
10738737
10677721
10823786
10808364
10749487
11905382
11078844
12884080
12790971
11443912
12995389
10914879
10752651
10725768
10726510
12365726
11199725
13481743
12346524
11932737
10710673
10707722
10736985
10699162
10676906
10651781
11142014
12714243
11756995
11871239
12128634
10709160
11079670
12337904
12148742
11845023
11807915
10905927
11627594
12996281
12257588
13010541
21645857
11071880
10724165
10719674
10655528
10839607
10677921
11694599
11858943
11375116
11727593
12905161
10693790
10667298
10726481
10676731
10743874
10724774
10704836
10761369
11626475
12354688
13654355
12063831
15778543
10689055
10654211
10728469
10706668
10738467
10920260
10712455
10680695
11183973
10707359
10877789
12343116
11999629
11179105
12293033
10827050
12159207
10659074
10719900
10685147
10651914
11244354
12385086
13785105
10656847
10721345
11957777
21524711
18672790
10677329
10731837
10690316
17509852
13934924
14783312
10662516
10722784
10685919
11547633
21750380
11731366
10678606
10971072
10737127
10837489
10765585
15684995
15726291
12397086
11380109
10772127
10666107
13616334
10799980
10697367
10718817
11749343
12961156
10726830
10988627
10694986
10670769
10649405
10727778
11345185
11073059
10661485
10727763
13680168
21663269
11633015
10672336
10659744
10726783
10704817
10692534
21948319
13213878
10664311
10724345
10691046
10840257
10705813
10810473
10712394
10653001
10750474
10708454
11711327
10730840
11788883
11206431
10738002
10831774
20171659
10673085
11394220
12150232
11374606
12059223
12074071
13350960
11354163
10764634
11110676
11049294
11220109
12688745
10839116
12320432
13144601
11377059
11785771
12749626
10803257
11021502
11873434
15118654
15341883
10723882
15199460
11741214
10726131
10714047
11527561
10678127
12069361
10662054
10757977
10686953
10680044
11492493
12624239
10656689
11147155
10737251
11021748
13097049
11870273
11961581
21468548
21202537
10686977
10672023
10660276
10732844
10703531
10703310
10745101
10711332
10690194
11646743
10680091
10734674
11476519
10920016
12094877
11769194
10761319
10701310
11482835
10761589
11537677
10831460
13960870
10670836
10657313
13443004
10651865
10720921
10721348
10662135
10738764
17166248
10696964
12284456
10707246
20556996
10878356
10699242
10677787
10736686
10690373
12534019
10670617
10752066
10699835
10664991
10757807
10695412
11960205
10670209
10970600
10727212
10687049
11040380
11092500
12187522
11871263
12000991
11213272
13697695
13982195
10735506
10688165
13239435
10729955
13174219
12657590
10675198
10665318
11863985
13832465
10719394
10721356
10664918
10723290
10690044
10670485
10727848
10698429
11440354
10826752
13723696
10697675
10663868
10854244
12220741
11392930
13493782
11977032
12036608
13037517
12001425
11025328
11557733
11806394
13733937
10710820
11269164
12022443
12379892
12360410
10713708
11111226
10730062
12206775
10686681
10747467
12118102
14205037
10729520
10691633
10708506
10807832
13174848
12544151
21616869
21758634
15635462
10682656
10751476
10702209
10685825
10731673
10696811
10661219
10865693
11247841
11895870
11921660
11646964
12264007
11860769
10797676
11157358
11839356
13395449
13142935
12647885
11625595
11054150
10726316
10669734
11637464
12971018
10718971
10889509
10698746
10662262
11316924
11020273
12550133
13103507
13341737
12882291
10737746
10696219
10759188
11104442
12530070
12962363
10709565
10676238
11974371
11201757
10712253
10672192
10731989
13757920
12329319
10716314
10930698
10694241
10688389
10722911
13143659
10660619
10719810
10685876
12992013
15117939
10676139
10726899
10898987
10716905
11108049
11645037
13013267
10979479
13469585
13839345
12731085
10762257
11921114
10715945
12070116
10900815
12142569
12115779
11939785
15392293
10690105
11035564
11405911
11639950
13043262
10739631
10704575
10751394
10694901
10668613
11747110
13155701
11548264
12910286
10693434
10763517
10702573
11817414
10848668
12128223
12344440
12409597
15203870
10676010
10751091
10701188
11324121
10709107
10958391
11629656
11984367
18045985
11980364
10854677
10752392
10694279
11527667
13511457
10690286
10747821
10681805
10658958
10726765
10688934
10681464
10752074
12121318
12113433
11948166
12086148
15924583
10691825
10660032
11716088
10706507
10675045
10726422
10695344
10749052
10916799
11313569
12260981
10762288
10690483
10669196
10653274
10866418
10679277
10652373
10730253
11781400
11095448
12240833
11722809
13191327
11951434
11716807
12709251
10764343
10809252
11831861
15631666
10726995
10683368
10742806
10700826
10658883
10721082
12102687
10677509
10729326
11088845
14038550
12764734
10722278
10682169
10652915
11961151
10738473
10683519
10662208
11127457
10703806
10663745
10719181
10683277
10737686
10703132
10662187
10723176
10690999
13906582
13868225
10710785
10665363
10726418
10685218
10657157
11045259
12555264
11305013
10747021
10694934
10665886
10732560
10692014
10661828
10730710
10696000
10670662
10751488
12333551
10735750
10679283
10654069
11122985
10698249
10666058
10738418
21616085
11537947
10677828
10734327
10695939
10654434
12724412
10689967
10670957
11960268
10743184
10694337
10671657
10718789
10682041
10793132
10690651
10676087
10721411
10678777
10734545
10867965
10861016
10655101
12658941
13704281
10660709
10726637
10684079
10649421
10721661
13169688
18604849
11412535
10700140
14414952
10689989
13365410
10840448
10716229
10674080
10653220
10710334
10675474
10740378
10703568
10667073
10740899
10712741
10663896
13006338
12413791
16356801
11481736
10741717
21200930
15445087
10704440
15909957
10673061
10747565
10748611
11923125
10770957
10727895
10698519
10913130
10703186
10678369
10652697
10728699
10897264
10745914
10713877
11058671
10678413
10735398
10711384
10676481
10752714
10989798
11559332
10786746
10689433
10681982
10733429
11445920
10726119
10686514
10659319
10726395
11407494
12837782
10727842
10658152
10766427
11605537
13631032
10686183
11428468
10695782
10673380
10738981
10713948
10663297
11439886
12651641
10739715
10861733
10719571
10678292
11062783
10733137
10688970
10782363
10696057
10657703
10727813
10726774
10652952
11834672
16503417
10692941
10650800
10714427
10677404
10734244
10701163
10665308
10742702
10691647
10655109
14022888
11758086
10676825
13753401
10709510
10676493
10744321
10701041
10719859
10737320
16187212
10782929
10720848
11883430
10718825
10705632
14772654
13786953
11013405
13213044
10721734
10674483
12154688
11443746
11305101
12054485
11256105
13243508
11730702
21016868
15501212
10725534
11057209
10682088
10650488
10725778
10683808
10659699
10739664
10713526
10793601
10970178
10744492
10703487
10684265
10661723
10734339
11587305
11533500
10738088
11060623
11818418
12045778
12716537
12240758
10955951
13661440
11473025
12058058
10941023
12732576
12416188
11935574
12250135
12291825
12431118
10736056
11187559
11964804
11234430
11851078
12786309
12243347
11782639
10926941
12214863
13063152
11830382
12817130
12329251
12798256
10993680
12282400
14675662
11251563
10850673
10665739
10723160
11521717
11956545
12217225
12136042
13826053
11735126
11941040
11959513
13743214
12209441
13161238
10697941
10657170
10748676
10879641
10859309
11761687
12244093
10726797
10694414
11649079
13077112
12176145
10842378
10762389
10921014
10949183
10705293
10672458
10737677
13218296
10669841
10745623
12531520
15077476
10696026
10679458
10734456
10694875
10670104
13596096
10746552
10702858
12155819
10824102
12363990
11726494
12861329
10730448
11757858
11765920
11174199
12136749
11206205
13492691
21138262
15343086
10686048
10876239
10675508
10729044
10705983
10737023
10687911
13353124
10723545
12220448
10711137
10678674
10743125
10776998
10730286
13169847
10665103
12652143
10882613
10730783
10690467
10659358
10838311
11063425
10742300
11991482
10699485
11138655
10812539
11051584
11785588
11758139
10725691
12067819
11159105
11646436
12793554
12008974
11016716
13320543
10656841
10720133
10683048
10739246
11101181
11642983
11787854
10695305
10654367
10720389
10688716
14395331
12032475
10690493
10655802
10727202
10695496
15860331
11244728
13246964
10713353
13890933
11424746
10732587
11267181
10724549
10688498
10660191
10756990
10682372
10724078
10679427
10647577
10715124
11370521
11791242
12774020
11492805
12339358
12020417
13568961
11245900
10713388
11590588
12650871
11095699
13109435
12870151
10799643
11243907
13078136
10701208
11347919
11805852
10741573
12035754
13754926
14300672
11342520
11624206
15117446
11301633
13407514
10870781
10725541
11010165
10687942
10786178
10688694
11484076
10665234
11437177
14580776
10728835
10686023
10664650
10715120
10679206
11804953
11566919
12007730
11367655
11865108
11135859
19795760
10742562
10699457
10762091
10728000
10746950
10727172
10745554
11318673
12315424
11613298
10727308
11425881
12780292
11066222
11043686
11886180
12240501
10756746
11439352
10738548
10760691
12540269
10805831
11955157
11655122
11950678
16123136
11760211
11748368
10736611
10681860
10736517
10705333
10775062
10701267
15580295
20973859
20400298
10737039
19833240
14610482
10866855
10680703
10656951
10738733
10699731
10672988
10653575
11480669
10663825
10717415
10689386
12874251
10887707
13011891
10680264
10724047
12152134
11881109
10747197
10746790
10723193
10689849
11434047
12349174
10788446
15773509
10673262
10741542
10701273
10679719
10746657
10712153
10676488
10655239
10724949
10699889
10669829
11520492
12380052
12678915
10914676
11183581
12416798
11591204
21635195
11746140
10669894
10653861
10748692
10872311
10721782
10780362
10669110
10757939
11639407
10671769
11732900
10727111
11609783
10712868
11772328
12077089
10679733
11120994
15698708
12949333
10866312
10791257
10687229
10739633
10685021
10674826
10728040
10681665
10741213
12792914
10738950
10695137
10656112
11245418
11926141
10701224
10653888
10715207
10674652
10741677
11047426
11782426
11650622
11787770
12206449
10714263
10683457
10650713
10724336
19956470
10720227
21662756
13702498
10719010
10702865
10659644
10719105
10680934
10654958
10723067
10687991
10654842
10712688
10686071
10731414
10855478
10727631
11133478
10666125
10728205
10688419
10739574
11301088
12039995
11987331
11353713
12851857
12358838
11996207
12024788
13131530
10705189
10676153
10732337
10694640
10651891
10733393
11516804
14312400
10740165
11168649
12690730
13897910
10734113
11702481
11665460
11967500
13231081
12882092
10800471
10681505
10715445
10689575
10768437
10696179
10658877
10725701
10683000
10844689
12012833
16690686
10723623
10721743
10678013
18645203
12434274
11478650
10750318
10814215
11752017
13527726
10678700
10651138
11645390
13789484
10660938
10722823
10689289
10657272
10737084
11568072
11575336
10751628
12661967
10780130
12056507
10987334
12168516
10700708
10665941
10723243
10678563
13381989
10663957
10726991
10707261
10805578
10727546
10657621
11393619
12255448
11050544
10727698
12241870
14746314
12128646
10772547
11220414
10697050
11305556
10706589
10672788
10746198
18003306
10747203
10698462
10759196
10678619
10738579
10692146
13802467
10701391
10673394
10739724
10693347
11795662
10706112
10682866
12097314
12282092
21584764
12813726
10663867
10735945
10706286
10681619
14743917
10789954
10670928
10665454
10729253
10689210
10658775
10780368
10697564
11143762
11508341
12278996
10857596
10661794
10737874
10682722
10660817
10714748
10675694
10732538
12614316
10676093
11309501
13548074
10677753
10756858
11460900
10675070
10656274
10709493
10682673
10729326
10687997
10739180
10695516
10659429
10716887
10703704
10741551
10697781
10680485
10715973
10662275
10972240
12604132
18082045
21797151
10678351
11309318
10774475
10754034
10698954
10726493
10830393
20574940
21804343
21680096
10703930
20103600
10740226
11294371
10681934
10646276
10728447
10678545
10737716
10700948
10907445
10675145
10732904
10694937
10785947
10719796
10674932
10761847
11656876
10696014
10989499
11955030
12516447
12256575
11687587
12453257
11868809
12119173
11847399
12109126
10830836
12503343
12428046
11773385
10783394
11943728
12014783
10875288
12339212
12186484
12122122
12374058
12164681
12412030
12486490
11016694
13089475
10913978
11746316
13114369
12216506
11136441
12071048
10757991
12108921
13924436
11663665
10789924
11242081
10767067
11074247
10909911
11067727
12964719
10857507
12945626
10824473
11321225
11284833
12963440
14110229
13475171
10683786
10733948
10690919
13944576
12554494
11996668
10698982
13902570
12373325
10703869
10667932
11424349
10741483
10701618
10662463
10728171
19607067
13289143
10656559
10717608
10671184
11599118
21694132
14838072
10732099
11100838
10740549
10753622
10982682
12804642
16436290
10664644
12781171
10676744
17590379
10722477
10679819
10734539
10716716
10659429
10721540
11198558
10691027
10750145
14085323
10940144
10893896
12625000
10709650
10796648
10719353
10701872
10726966
10689886
10669265
10775133
10667546
10723694
10678641
10741999
10706322
10673000
10726659
10690026
10673492
10730500
10690242
10736485
11864623
10719009
10682019
13045080
10729387
10903069
10712108
10669866
10724890
10856698
10755387
10673627
10740470
10868813
10726168
10685224
10660568
10737067
10705410
10683111
10654298
10750710
10702039
10838175
13641904
10825378
10749664
10705697
10684696
10898828
10887093
10741874
10675799
10657150
10716164
10689825
10671387
10737155
10699418
10663688
11896135
10676577
10711579
10716678
10664264
10735851
10700097
10665842
10729010
10952530
10711092
10670530
10782097
10697859
10673366
10725427
10687119
11102208
10726063
12692265
10655261
10712045
10670902
10745885
12356729
13486864
10730107
10681740
10661883
10704773
10666256
10797749
21618622
19017032
10691905
10672942
12921719
17173489
10725930
10915249
12537874
10712910
10791923
10954588
14770884
10651908
10712461
10677510
10738099
11790218
10779978
10679116
10651841
10717174
10678888
10654075
11811274
10695441
11890220
11535999
11780494
12616926
10673348
10735709
10698792
10692029
10729048
10685059
10650380
12912293
10656817
10753376
10676014
10738069
15827853
10719020
10675512
10651034
10716494
11000242
10884305
10721677
10671993
13959120
13847245
10718681
13005373
11518380
10716106
11123493
10658484
10723016
10694171
10757303
10722473
10773943
10717765
10650508
10702327
10732313
12404421
10660195
10715325
10685432
10656214
10712802
10681117
10650420
10722351
10685413
10656417
11221801
10689944
10662397
11454711
15837204
10682398
10740354
10691816
10663006
10726020
10675092
10809438
10682458
13616106
10723796
10682746
10743937
10691407
10657365
12865263
11913960
11780862
10740017
10716385
11159898
10709966
10679677
10837818
10666037
10926049
12059113
10740830
10691795
10736838
10777400
10741963
10694235
10735890
14092107
11294743
10725593
10677071
14527361
11619298
10775054
10654401
10750088
15602282
10688588
12890497
10693860
11120496
14422347
11998378
10704901
11023656
15487251
10666468
10718366
10680962
10743947
10690374
10651186
10716577
10679303
10734791
11976193
10691460
10657188
10726276
20034837
10689457
10742003
12762604
17094870
17617441
11738059
10709620
10702449
10653191
10730712
10696922
10676806
10754128
10728557
10687698
12807719
13811628
10724208
10704216
10664270
10731941
10693658
10672183
10732930
10702343
10696140
14394447
21482146
12033858
10713446
10667518
10731689
10754041
10735447
10697383
10664672
10731129
10689041
10659671
10728784
10691172
10660288
10722595
13320499
10718099
10902405
10782991
10735910
10880464
10717882
10668558
13591100
10729575
10694192
10900951
10683369
10738037
10750811
10741585
10691273
10661763
10711818
11868388
12403810
10726607
12725093
15177799
10711144
10669452
13659047
10706699
10888184
10700440
15286473
10738715
15550935
10673301
11029212
10735256
11819960
13692670
10686572
10730795
10707447
11450760
10685988
10716237
10708257
11790870
10731234
10683087
10657168
10734912
10693764
10663239
10732642
10707529
10664223
11914630
21589616
11809842
10703930
10675455
10737772
10710150
10817288
10706088
10666264
14471260
12050996
10660472
10775377
10670885
15542235
10733257
10693174
10658952
10733710
10692857
21470316
21516556
14578011
10695939
13245389
10699185
10659171
10751376
10699300
10756232
16994683
10685996
10736535
10689238
10653675
15993431
10734232
10685771
10680414
15796978
10676807
10643693
10716926
10666581
16374276
10698973
10671212
10657211
18517603
10655066
10917749
10683175
10729694
10697593
10665494
10753560
10695358
10675196
13454198
10677761
10738618
10676689
15861895
10713877
10677550
10719511
10696390
10656531
21593995
12260540
17536263
11540255
13881378
12122441
18093967
20835576
21556191
17046110
10749136
10731006
10682108
10655588
10721927
12986464
18607371
10666736
10748823
10699132
13793388
10691167
10728351
10709884
10670297
10735551
10957972
13550026
11980136
10725947
10694038
10730178
10680188
10649744
11185994
19620642
19348785
11693782
10702294
12298849
12162707
10679252
10742571
10700773
10671725
10899803
10659756
10718175
10676429
10734807
10703312
10652019
11224746
11107990
10916185
10662055
10718104
10680040
10646754
10709991
10661734
10725396
10684074
11099252
13263189
11645392
12198794
10705945
12739974
16375992
11527083
10731521
10831795
12933909
10728280
10689388
10742441
10690656
11544102
10739976
20652391
21961274
21599815
13271771
15760331
10737763
12234026
10712662
10668988
10733555
10706258
10744565
10702691
10692494
10725640
10681111
10810139
10690080
18031904
12590656
11560374
10692384
10678769
12262526
19306621
10652072
10715898
11978087
10682784
10649141
10719374
10693719
13411795
10677692
10740348
10689278
10661501
10730401
10693735
10655596
11728427
10689065
10657226
12057581
21574804
12724558
10697539
11034887
10665163
10719054
10681396
21530862
13230683
10708132
10657847
20812124
10982413
13424688
10750648
11734149
11756784
10707868
10673640
10647169
10723385
10823788
10720658
10687797
10653238
10715331
10681962
10656043
10721951
10690349
10662098
11539820
12752139
10679201
13792324
10695665
10663762
10732396
10714281
10738059
10674361
11000003
10763086
10717196
10759850
10693881
21589792
19896517
10778527
10673396
10716540
10678027
10734543
10947860
10785466
10730754
11283478
11175536
10696302
10659502
10723207
10683660
10651278
10710058
10861297
10688448
10650020
16123668
10714718
11064696
10670955
11041306
10728752
10695560
10734793
15116463
10734524
11742596
11349599
10696163
10654839
10720164
10688598
10742012
10687040
12426158
10669833
10726646
10678269
10783303
10698779
10736497
10694964
10646110
10715469
10672884
10756528
10695957
10665493
10731005
11462025
10702275
13228243
10738240
10701677
10670148
10651314
11290378
11576096
11523665
12572239
11577250
11693766
13886571
10803328
10707421
10663096
10727191
10676912
10729251
10680916
13358965
10681253
10740862
10685071
10656200
10708152
10665698
10723820
10687997
11402101
11398493
11839427
12067101
21534119
11190942
10719124
10681146
10654293
12886678
10659220
10728614
11412763
11371273
11734552
13386244
10723830
10680603
12661291
13829784
10675179
10729532
10693713
10652777
10724250
12823691
13076340
11452632
11073819
12325462
10662703
10730787
10698534
10667530
10749318
10755008
11190448
10776232
16496492
10702008
10668202
10735172
10695811
10662703
10725807
10693085
10727153
10690495
14518916
14649698
10660916
10711687
11518449
10674050
10734250
10682153
10651303
10723867
10684888
10765288
10676927
10732349
10697511
10662416
13987638
10723379
10689880
10731122
10699526
10732899
10706329
10666057
10722126
10683775
10738532
10686480
10664621
10724811
10702628
10742329
10718145
10824991
10664846
10726491
10689240
10657534
10721010
10686161
10653181
11660123
10707534
10707882
10711598
10656996
10856326
10663220
11243696
18612082
19066519
10681769
10652139
10715583
10678915
10659082
10760998
10675308
10746828
10710339
10653185
11057382
10717213
10677416
10739615
10680065
10645779
10712484
10674835
14720083
10721258
10648596
10959889
10727809
10703972
10703540
11042586
12164844
10692482
10659937
10719230
10676404
10736804
12465253
11788264
10789937
10713688
10687023
10745278
10698892
10731427
12191841
13142606
13633013
10694781
10680140
12943301
12544224
12876358
10652781
10720724
10688313
10684993
11795139
10713919
10712730
12813202
13617377
10712202
10690931
10858469
13147566
10657540
10726152
10700288
10887038
10730259
10683024
10743773
10717976
10703152
10726608
10703184
10663047
10719594
16377355
10715120
10673225
10724649
10686073
10738004
10689210
11254817
10682423
10656620
10712307
10667054
10732483
10688515
10746142
10685352
10650893
10739782
10694255
13706883
15428247
10712654
10853251
10684897
10769625
10711661
11224683
10944676
11950155
12123195
11759868
12666978
10708006
10665246
10718693
10683646
11729959
10966690
11813458
10739446
10681903
12274220
10686081
10660017
10707590
10674789
11231983
13344344
14640171
11808513
10737591
10679819
10752844
10693121
10686776
10720948
10698243
13307204
10689729
10651170
10725037
10681123
10734851
10694054
14200684
10720635
10678353
11052468
10789225
10961353
10666788
10757577
10988794
12270422
11589933
12422761
12840949
12035920
11588265
11923699
13702786
10730604
10736978
10683056
10652173
16677180
10910545
12912545
10729998
10913772
10711508
21671819
21644531
13223876
10667822
10733072
10894335
10691954
10649115
10708386
10780189
10709692
11483524
10639098
11454053
10660288
10710072
10667420
13791824
10667989
10758745
10688381
10651558
20207194
21299710
10705232
10677199
10743348
10707115
10767310
10852580
10767559
10693771
10671186
11962318
10768186
10884927
10745144
10725094
10668458
10753340
10695194
12093246
10655878
10740183
10686577
10667068
11107048
10731592
10693981
10658136
10762167
10690676
10663620
10728711
11124476
10681074
10657975
10723148
10691139
10664820
10940176
10669532
11111774
11215742
10694104
10675959
10741560
10703554
10670927
10666209
10724053
10685431
10661596
11688135
11731287
10683640
10731177
10687479
10655970
14340367
11561004
10678761
11145521
12922960
10688106
14144939
11120417
10751927
10662783
10783504
11571505
20153161
18188075
15321491
10671981
10740472
21620277
10817479
10724819
10676810
10653195
10729603
10673772
10734878
10701334
11579592
11014795
11917348
10681541
11967501
10653514
10711990
11693248
13126455
10702874
12849476
10681537
10650931
10774861
10651086
10717700
10664658
11203621
10682786
18578676
10738424
10875429
10700576
11000803
10668605
10737257
10675490
10748174
13117031
10682868
10745406
10821472
23346631
10915829
10722044
10669748
10741628
10695360
10672478
10735021
10697121
10666722
10649564
10741443
10672641
10793524
15229754
12259228
10869459
10723673
10676780
10838130
11370978
11709412
11575507
11897826
11120039
13277073
14207887
11492457
13994425
10717637
10666834
10947692
12247938
11247596
10649900
11035617
11916955
11864838
12215620
10736718
12424743
12290413
11285530
13252915
11670531
12984463
12138269
10740108
11382308
21640129
13080395
10678507
10736643
10686693
10647425
11775284
12817419
10718222
10676238
11512144
11936338
12499573
12482596
12878517
10705002
15931323
10727564
10725721
11654417
10649929
10713570
10679681
10738998
10713593
10771198
10701525
11512288
10729292
10685350
10652377
10713421
10676536
10739680
10692634
12088590
21691930
15478383
10727899
11368382
10758749
10673457
10784995
14471516
11516387
10685563
10736745
12940395
21619061
17536618
10928436
10718118
10658078
10716284
10677869
11448821
10733956
10694852
10917065
10674633
10727909
10685521
12374700
10706398
11169331
10686110
10732871
10711394
10663524
10718275
10684190
10649058
11407577
11408522
12753199
11119382
11930559
10808460
12863260
10670924
12348855
14598364
13904893
13110817
11078054
10725864
10693958
12540850
10935350
13034385
10718142
12020779
12405906
10685198
13069597
10734817
10680036
10771898
10680206
10739668
10692041
10657113
10719947
10672740
10722110
10675543
11206382
10693097
10678911
10731666
10689506
10747275
10704446
15463512
13538858
10730768
10683199
10650853
15449432
10648702
10714229
10673002
10649653
10721380
10684426
10666988
11330384
10676272
10653340
10728687
12466529
11525524
10736974
10694493
10727795
10716933
10685348
10990377
10741142
10703024
10673914
10654945
11078159
10713442
10685820
10718078
11545771
11812800
12071880
11321909
10712189
11679775
10883236
10695289
10730882
10702575
10649210
10716000
10677328
11225382
10681566
10739276
10686530
10643072
10711979
10678691
10733044
10693395
10656482
10718346
10683353
11460491
10663047
10714780
10678397
10732074
10707534
10733968
10735444
10758223
10681719
10654227
10729229
12018037
13538555
13140173
10717202
10684205
10732849
13217935
10733661
10978309
11666257
19527581
10873367
10725407
11023417
10732514
10684381
10737448
10726062
10654406
10711285
10669748
10734892
10689535
10734988
10696881
10745605
14146216
18379057
10703615
12512275
10662757
10721324
10694093
10671893
10716257
10682983
10648448
10701901
10673837
10737356
10887985
10703402
10660317
14081616
10908334
10713002
10667473
10731563
21687106
12524338
20718175
10740493
10682066
10643212
10715705
10684763
10754977
10767350
10737129
10696434
10655943
10720134
13216108
10739637
10699013
10658194
10715481
10681704
10736903
11172698
10679818
14899115
12452225
10674641
11112248
10733641
10977464
10720578
14349731
16845827
10675153
10654505
19153014
10724121
12598174
10678042
10661373
10724084
10688055
12805305
10707578
10676725
10996266
10661310
10734035
10700815
12414567
10721959
10668032
10730157
10696445
10737767
10725707
10689309
10655424
10721640
10695238
11690914
13190706
10793480
10655588
11132138
10705230
10669002
10646590
10710155
10678445
10837702
12687407
10670955
10644675
10714973
10686687
13042648
10665255
11524275
12673007
10716566
10759582
10744029
10693388
10668149
10893589
10677069
10648146
12080665
11622207
10772238
20950688
14583946
14329924
13314746
10677636
10653441
10718906
10686979
10674649
11484127
10773888
13469113
10715955
10681949
10659774
10724681
10687324
10666031
10736708
10691999
10664322
10754010
11548144
12394012
10785438
10700485
10760729
13733279
12557366
10922588
10672245
13183927
10729727
10684804
10654739
10717301
10687917
10670698
10764423
10691200
10656374
10727523
10850864
10731409
10698874
10671723
10738480
10705691
10927124
10699997
13612761
10650098
10764335
10672249
10649898
10722798
10872841
10726491
10685452
11120612
11392130
13968383
10693593
10661233
12150068
11215320
10688797
11639014
12651285
14692480
16335830
17759046
13881719
11730473
10729424
10673209
13532372
10725561
10696492
10670489
10753998
10700113
10662218
20728519
10715813
13233203
10771258
10697572
10658992
16448567
10671873
12524996
10717536
10689512
10657839
10725014
10691036
10654178
10737021
10692279
10670109
10765787
10703403
10666041
12126941
13825593
10658099
15783709
10695299
10658501
12905931
10675128
10728165
10701883
15715293
10739219
10689975
10986497
11002983
10683179
10653719
10728213
13663945
10671347
10650366
10834070
10724975
10689177
10660548
10728289
10705504
10654014
10724151
10689435
10664095
10731297
10692112
10667745
10731839
10694503
10672336
11290116
21458023
14753119
10699597
10660652
12658182
10709877
10835695
10702392
10668257
10945305
15226059
13063788
10723773
10695293
10680798
15818219
10960479
10722107
11445909
11785823
10731577
10702616
