2134
2819
2163
2197
2107
2147
2225
2083
2156
2192
2126
2111
2137
2194
2087
2075
2156
2121
2082
2076
2168
2185
2949
2213
3280
2212
2128
2088
2102
2109
2106
2076
2107
2085
2085
2074
2087
2072
2076
2079
2076
2075
2074
2081
2074
2089
2070
2077
2063
2079
2061
2079
2062
2067
2075
2078
3269
2164
2074
2066
2082
2072
2085
2162
2085
2142
2123
2072
2128
2137
2155
2141
2074
2066
2076
2072
2064
2062
2063
2064
2063
2078
2073
2098
2138
2126
2072
2528
3111
2100
2080
2072
2073
2075
2077
2074
2082
2076
2086
2075
2076
2075
2076
2075
2076
2075
