13677704
14522574
13115467
15465460
15311036
13765925
13169989
13172451
13868361
15914592
13206811
13226535
13169361
13226860
13151314
13156372
13770248
16097115
13197260
16958500
14470917
13137099
13131728
13192914
13128542
13139971
16877979
13115927
13115678
13125716
13129275
13155135
13189692
13142908
13149981
13143424
13395773
13114847
13632730
15107753
13165642
13145555
13200363
13207169
13142348
13161470
13195997
13163765
13183149
13198571
13187373
13178069
13124324
13141639
13121641
13149101
13155238
13173081
13170503
13164086
13165189
13161039
13179619
14061429
16368665
13154377
13155500
13994441
13215698
13196060
13182394
13173290
13181144
13179197
13192251
13191203
13185617
13202325
13169207
13411639
13134885
13139827
13243947
13148409
14511563
13509622
13195355
18917911
14058078
13946995
13109805
16424772
13202644
13137081
13150141
16619195
15996994
13155506
13159402
15574735
13135478
13138665
13125466
13150066
13134133
16936213
13666065
13191071
15340635
13136555
13133292
13144379
15688501
13131757
13146719
13133225
13129098
13254977
13249271
13189412
13226206
13158250
26943891
17938305
18232979
13396926
13174720
13154907
14294749
13170336
15121291
13119908
13272755
13191051
13146934
15404512
13575146
13201923
14686137
13192379
13177504
13166422
13169097
13163926
13162851
13606513
13197986
15352190
13158342
13150270
13155163
20708592
13421903
13149852
13152264
13359657
13187726
13205906
13188624
15522904
15498944
21766851
13138980
13153966
14699784
13141859
13146193
13138645
16931452
19521437
13160081
13745205
13180239
13151958
18182751
13191210
13175356
16607153
13215715
13162921
13171661
13165238
13438311
13128200
14070387
14327987
13701598
13819435
13711937
14956264
13405023
15108256
15296555
14703197
15200333
13138808
13131658
13136659
13120477
13118085
13113021
13136397
14463014
14682122
13131977
14245523
14032070
15771545
13242821
13773031
15971743
14372818
14546101
18189751
13182782
14437282
13211898
13175707
13181976
13247747
14488175
13151959
14216580
14161538
14731505
14114254
14503417
14750686
15447615
14815555
15020267
15139637
14804069
14906035
15285370
15607818
15542384
15743367
13154592
13142908
13124392
13128672
13192857
13835885
15996287
18491361
13855691
13241262
14369558
14822514
13440858
14744476
15481546
15165851
15316885
14804348
13399610
14598322
13574210
15464055
13409750
13179335
13190734
15489006
13135566
13109586
13126401
13139614
13170406
13144003
13141686
13129458
13156849
13713365
14727846
15060512
13123973
13135043
14401589
14228496
13252948
14882272
15368811
13182027
14805856
13620603
14815635
14362556
14692438
15973434
15171942
14681042
14755833
14725641
15793822
15379855
13305539
13404950
15336672
16854632
16145362
26552584
13327553
13440442
13123790
13102804
13115076
13113773
13109297
13205146
13187206
13175573
13169638
13162073
13155854
13150402
13151489
13366852
13115293
13500563
14660668
14335537
14192876
13156828
13856810
14497813
13559366
16605707
13169471
13258860
14820501
15510302
15050831
14869264
14527880
13228302
14175292
14809874
15181130
15000348
14952535
26438264
13433361
13189379
13181968
13189631
13199769
13192111
13194362
13167346
13185999
14107878
15051922
14860761
15421796
14555420
17523746
15609338
19863456
13125255
13131141
13101948
13518028
13129348
13139931
13119966
14628380
14664495
23646346
13130826
14960953
13142918
13133276
13389819
14227877
14900224
13185155
13165819
17388701
16837848
13293615
13196483
13120378
13120112
13134296
13115089
26348274
13175391
13175819
18134096
13167750
13141483
15714429
13131032
13114308
13136236
13201724
15114771
13956843
13114014
15104915
18538097
13164505
13135888
13133033
13128064
13116252
13113890
13111434
13133374
13292632
13188128
16910648
13129449
13686148
13113346
13107609
13104746
13110939
15855028
14957479
13196771
13192300
13448024
13196589
13185364
13167752
13177503
13145625
13138212
13651793
13475716
14699947
14277122
13264838
14285870
14562318
14931314
15286478
15139678
13410962
14120088
15075519
13610543
13815742
13168667
13208628
13166385
13164434
13819262
14858208
14724097
13200765
13203825
14364647
16356894
16580013
13142925
21528181
13175444
13148893
13143097
13133516
13135872
18322029
13193007
13182319
13183341
13162039
13155037
13154895
13122964
13127703
13113928
17516858
13849581
13229377
13190074
13152064
13113615
13117016
15505472
16994400
17365678
13116986
13111121
13105864
14388844
13162854
13160150
13269665
13208810
13191386
13179569
17188700
14623490
16852763
13192099
16473231
13192873
21832661
13318029
13200164
13198626
13171202
13146995
13134734
13138629
13488729
13167954
13153958
13121095
13134599
13117253
16084733
13240198
13182636
13644581
13167597
13192604
13132771
13141373
13120721
13125029
13114410
13098550
13106037
13128810
13367319
13169782
13274166
13200649
13175941
15852377
13122627
13161732
13134343
13113756
13127750
13116696
16384111
13427580
13151897
13181600
15279522
13121137
17534738
13796517
16944759
13606639
13116641
13127010
13164142
13130006
15565646
13167385
13148801
13175077
13286467
13109184
13107378
17219641
13110364
13106877
14129403
13190934
13172500
13195607
13143083
13133841
13175781
13157399
13104212
13201882
13184415
13171059
13757961
13165407
13204693
13141164
13832250
15832822
13722521
13163418
13130246
13430839
13188719
14168886
13564029
15551254
13185746
13167383
13151781
13137160
14682403
13156274
13168500
13133616
13133556
14360590
13165965
13163610
13179465
13155645
13213099
13142608
13432862
15283750
15642673
13185012
18300551
13157541
14206034
15427273
13112695
13101733
13150895
13224120
14508323
13127315
14520732
14364783
15577055
14976154
16181661
13446107
13658477
14880879
13170129
13891926
15125924
14219698
13971540
15092949
14566476
13482606
14905806
14985894
17536094
13974658
13180176
14228047
13907361
13151771
13666835
16227957
13184003
13182877
13179909
13151297
18259124
13233626
13194898
13172193
13163461
14625207
16047503
13156575
13687900
13572713
26544859
18811047
13136237
20899385
13181761
13732788
13248026
13112887
13114865
13193461
13203655
14943976
13114634
13117396
13106045
13109031
13102159
14823908
13173875
16829396
13139307
13134247
13143644
13350511
13927657
13181976
16262579
15230353
13158254
14409395
13245755
13622438
13190427
13198039
14114793
14906592
13611896
14732148
13159124
14982080
13183637
13137463
13178890
13171931
13143110
13142633
13161629
13118160
13148825
13154401
13150087
13154524
13157514
23113025
13180979
14521540
13202576
13162819
13174210
13162653
16617943
13144271
13120847
23196233
13126088
15472462
13596425
15711487
24807159
27776874
13121067
13118087
13122892
13124189
13134516
14863489
13176920
13872466
13141416
13104914
15126591
13114091
13114595
13115826
13278877
13157503
13151494
13152533
13150649
13131808
13119450
14932068
13507465
13187188
15349012
13151634
17116029
13200645
13167909
13146929
32057061
13192282
13161816
13611421
13149612
14699031
18594737
13142021
17384636
14140071
13199431
13197127
13160342
18019241
15760069
13166093
13156172
13153371
13148332
13187757
13149024
21709750
15566566
13159856
13156878
13141182
16037982
13172719
13976717
13175512
13157878
13169388
13134272
13939666
13181289
13196684
13154617
13150282
21751744
21090059
13183822
13153955
13218347
13172315
13233874
13203332
13168608
13161497
13149807
13137939
13130847
16450862
13213489
13162915
13145401
15987102
15511939
13181857
13289538
13148310
13130833
13123423
13411026
13179625
13166435
13177294
13249974
13205584
13231010
13201232
26508528
23447588
13173895
13270839
14062541
13219454
13213353
13321825
13168484
15072755
17563898
13534668
13211722
15124931
15305853
14203310
17022403
17515558
14880899
13143388
13156483
13137597
13137106
13119974
14631675
14086166
18213297
13163253
13127745
13400100
13199188
13931653
16229342
13204598
15031575
15404886
15678287
14174938
15008567
13873821
15182603
14629156
15188901
13750811
15272211
17379168
16231172
13230153
16077829
13564691
16243136
13112977
13129779
13140989
13105286
13121489
13113017
13110561
14309775
14464897
14329825
14584906
13201918
13171488
14934497
14508388
13974492
15301777
14359165
13374436
14422346
15153574
17289396
14095115
13195321
13151174
13191234
13189337
13163069
17765294
15188788
15090686
13126418
13515466
13144934
13962000
13172313
15678957
15342281
15730092
15629711
13191297
13210265
13163542
13149240
13154485
13121185
13135086
13110045
13296587
13200862
13163332
13145241
13131668
13129706
13120317
13109614
14793358
13188124
21300549
13718784
24794895
13294137
13184110
13197752
13132846
13177413
13176445
14419775
14447343
15623692
13515594
14341761
15530304
13948733
15034794
13140685
13195988
13191916
13220840
13176518
13219866
13153780
13179341
13161568
13162656
13165216
13154540
13179315
23141269
16133039
13178490
13156038
13792833
17475935
13152677
13159329
13179422
19630020
13296570
13212434
16496336
13122470
13142337
13214112
14893985
14680150
16470718
13176391
13266072
14203930
13977407
18086894
13740182
16403283
13285815
13139872
13137150
13139108
13165990
13144497
13145693
13154971
13133593
13132324
13106304
13103283
13219011
13174371
13157509
15820287
13110567
13107169
13101625
13103360
13344823
13796334
14091208
13321466
13200811
13205363
13265917
16155167
13629056
13347454
13187962
13458451
13121095
13134377
13130654
13129726
13137006
14302750
13937247
13334395
13185735
14294666
14980310
13145001
13489881
13193280
20759503
13156808
13139519
13159549
13121381
13187423
13212123
13194137
13174986
13181163
13155333
18008000
13183197
15555241
21947715
13121889
13118633
13670806
13201827
15690385
13174076
21200855
27926247
16509970
16079568
13180095
13160788
14272679
13117813
13144144
13202705
13187373
13159940
15367668
13148739
13119489
13117969
13967468
13146470
13240127
13133542
13143111
13143175
13137439
17738738
13568695
16791137
13337563
13184029
13176962
13178102
13170294
13169246
13167511
13164574
14586865
13190656
22500872
13119558
13111471
13101757
13106198
13102568
15777792
13173491
17954751
19265072
14007016
13270924
14839435
13113108
13096093
13103499
13123275
13122903
15846971
13194572
13177540
13334679
13290848
13162358
13154363
13152025
13144812
13185610
15026369
13170304
13158566
13149533
13145651
13206366
15019829
13165242
13128064
13113163
13121956
13400489
13189645
14110285
13159027
13166229
13153412
16385092
13204622
13181147
13168781
13157007
13119433
13155911
13111964
13692494
13100474
14544629
13126035
13142882
14319420
13107776
13126689
13176020
13131674
13135773
13156057
13223614
13145251
13133441
13162010
13144954
13121915
13176341
13195596
13187426
13179933
14523047
13148525
13160308
13141534
21629795
13128276
13138123
13124359
13122143
13118109
13110283
14225315
13175301
13155494
13148238
13128558
13123715
13166099
13121164
17809070
16184988
13350633
13267863
13252653
13231311
13176294
13160377
13160682
13145031
13454103
13180018
13215863
13213702
13167808
16472036
15734826
13202339
13168805
13144501
13164704
16910046
13164480
13145598
13154834
13132431
13289205
13326653
13149770
18186193
13144030
13121582
13149454
14165178
13149913
14097923
13884193
15020516
15290505
13165969
13154627
13154957
13142998
13129748
13136498
13150893
13148294
13162312
13215414
14541779
13148803
14088891
14543823
14833041
13263433
16246933
15915748
14790986
15872801
13138596
13132431
13138354
14293008
13104687
13126813
13118186
13121258
13137965
13153566
13141716
13122116
14913832
15949361
14264989
15844434
13172473
17577416
13102015
13107393
14341803
13202686
15680889
13182528
13178614
13178887
13249492
13170834
13161902
13279218
14788878
19587575
13136723
13994039
13350911
14813580
13134890
14993849
13278423
13160016
14445992
13177492
13154229
13592424
13169587
13178230
13167933
13166251
13442750
14922556
13150731
13145659
13907656
13203373
13185124
14005497
13130843
13851736
14114823
14929348
13228869
13147884
13128459
13212615
13177867
13189345
13135614
17684303
13670182
13147138
13152120
13143224
13134963
13133853
13160270
13165055
13178366
13159191
13131287
13132809
22900832
13119090
13124865
13524239
15780674
13143433
13231164
18177059
13143540
13128753
13129905
15825014
13113624
13133307
13139523
13146207
13147867
13154349
13160751
13125820
13138336
13126884
13439999
13188573
13171868
13945699
13121756
15148523
13163544
13145578
26341191
26381174
17767104
14343372
13861072
13118262
23750562
13118491
14875392
13200602
13158202
13153542
13148740
13149242
13170788
13196997
14304483
13139043
14261233
13149778
13150983
13238060
13489854
13136786
13179319
13148744
14029157
13373336
15091771
13153879
13146765
13207004
13137445
13141895
13140875
13282466
13130568
13144231
13150538
13151312
13142168
15422059
13384831
13206889
13136741
13133441
13136716
13273558
16923841
13154298
13181239
13156582
13142275
13143987
13136211
13688803
15094940
13128757
13107029
17007837
17800689
13180497
13195642
13153371
13146911
13137588
13354437
13278044
13150808
15195590
13110451
13096832
13193832
17322796
26493978
15892047
13146563
14909917
13760914
13150796
13143813
13933985
13185961
13180022
13166264
13166383
13161755
13167391
15835190
14123756
13220133
13505649
13186337
13164580
13201244
13133418
13127018
18818532
13187934
13157724
13146270
13138763
13145968
13127138
13124284
14517088
13157051
13172623
13117961
13116506
13106931
13116975
13193206
13170260
13157239
13145673
19154377
16331491
13158984
17591561
13553487
15565523
13176663
15687289
14952297
13158391
13166497
14159101
14006247
13195021
13195617
15428782
15657072
13548633
13159414
16650922
14139836
13185483
14504459
16542362
26500080
16706832
13379572
13186420
13142963
13543272
15205892
19710726
14892672
17817922
13130668
14921979
13226279
13195900
13156973
13766371
19270658
26326292
24043664
13204244
13186020
13190048
13173112
13161204
13166573
13244032
13155576
13323980
14687906
13127968
13144113
14052353
14188584
13160631
13162220
14898520
17736773
26427062
14852874
16257416
13120672
13129550
13134147
13148858
13358739
13829861
13189305
13159516
13175669
13162975
16114630
13174300
13163631
16416099
13115600
15279308
14377238
18968197
13122188
13123356
13128574
13130539
13140047
13163806
13144739
13146949
13193087
13163428
13158911
13167318
13182014
14631707
16460208
13119779
13190698
13195317
13210011
13167794
13206978
13160141
13247782
13152584
13522919
13163640
16721989
13148521
13785166
13135322
13147672
13150917
13159567
13146357
13118073
13129994
13154170
13158773
13130959
13197571
13120910
13139746
19931252
13193324
13178027
13420848
13135310
13127428
16667501
13923453
13497372
13929013
13674946
13168557
14830863
13150040
13136624
13149088
13127006
13133642
13237947
13196483
13171701
13509478
15597843
13122702
13123427
13161515
13146470
14630401
14999335
13182659
13175738
13197553
13210224
15768840
13227321
13139332
13117356
13130347
16023274
13166768
13180566
13151950
14673913
15234205
15238934
13134857
20955914
13199148
13767953
13226832
18221899
13168139
13249021
13274646
18671718
13130063
13117317
13123200
13148891
13154913
13158131
15144545
13521791
13171344
13163451
23541387
13119035
19660021
13141243
13131609
13322002
16784172
18275356
13216976
13860586
13117589
13812772
13184535
14469796
13126337
13106183
17117178
15138065
13142236
13176599
13168157
13654316
15943954
13571746
15514126
13159147
15481983
13170720
26585613
20233229
13143343
13120059
13118805
13121517
13162610
13133649
13128109
13129169
15503048
13517448
13186085
13188417
14321486
13140572
13146478
15495797
17605126
15646592
18170399
13163581
13188085
13129692
14870891
13180113
13174457
13470423
13183272
13174011
17690051
16395212
13392039
13382135
13184557
13706376
14947132
13207746
13161598
13168212
13212481
13143304
13111074
13102101
13247099
13190706
13144505
13134343
13150656
13629829
17631726
14165269
14159456
14699898
14241620
14253789
16791078
13118966
13103730
13343017
13191772
15857672
13511532
13131964
13174525
13109482
16929100
17155525
15050202
13161834
13157702
13135584
13615993
15920062
13166372
16682816
14025923
13138289
13141383
13154444
13125515
13120540
14211561
13187859
13161283
13141869
20910353
13353559
13128078
13119791
15167533
13107275
13104494
14948878
13128379
13390774
13156400
13153877
13140412
13132435
13133045
13125752
13192973
13223066
13158072
13150217
14192532
15447792
13165417
16619529
14708235
15627302
13178941
13165260
13182487
14180739
13169676
13168976
13158810
13135791
13140895
13128962
13132667
13140425
13177174
15907811
13647896
13240518
14824682
13386224
15321884
13156829
13158647
13157763
13180797
13171474
13149134
13148084
13179906
13148796
13163499
13859867
13145752
13146795
13129145
13143888
13129618
13134384
13128984
13110330
13113768
13202120
13621331
13189944
19009472
13114807
26490301
16298083
13137336
13858997
13168671
13135045
13136396
13132818
17688958
13199729
13729631
13153526
14752298
13540453
16810877
13434509
13333745
14201222
13184015
13148237
13196473
13118024
16627195
13137483
13202905
14917825
13132580
13109995
13142291
13183964
24148773
13375190
13146691
13160830
13132007
13258040
13196509
13257843
13165415
13133587
14002891
13179483
13152370
13140583
13196932
14824684
13161454
14621482
13211944
17346715
13166678
17098754
16414375
25823350
13159951
13152943
13144202
13141446
13212406
13217228
13771910
13181840
13143542
13135604
13132533
13120804
13124111
13102044
13098825
13109646
13116577
13119157
13122785
13130979
13127491
13126614
13181328
16313795
14055566
13151408
13160241
13155681
13118680
13147517
13135165
13126445
13202755
13136786
15199696
13139445
13132208
13135379
13139875
17280967
26427497
20430339
13167042
13169941
13112509
13579359
13271302
13181854
16319607
24074611
15073423
13138625
13158387
13131812
13116545
13253580
13169748
13190218
14016779
14484570
15283679
13284039
13199611
13176225
13164647
13787337
15742279
13384173
14567355
13873933
13123622
13103106
13208759
13190456
13985733
13183095
13174887
15409787
13196629
13167330
13205599
13152941
13120177
13196641
13193294
13167848
14268538
13186820
13134168
13108450
16072723
13161809
13150302
13135482
13240294
13196789
13149390
13650280
13132504
13149110
13154572
13768209
14625053
14494316
16303373
14567523
13397871
16621487
13155956
13182488
13152935
13143876
13156317
13513977
14731746
14367992
13122039
13116888
13126148
13100295
13125296
14096743
15851414
13438019
13186069
13177057
13366310
13191467
13167540
14403732
13699479
13495487
14991192
13155419
15275427
14285610
14998665
26553833
13180514
13504096
13131160
13205973
13167972
13168635
13188573
13136668
13112271
13128452
13110618
13192829
13175726
13281994
13126074
13110393
13241268
14388666
14260950
14196758
13586813
14066216
13702549
14846260
15000736
13145029
13138765
13123056
13268163
13216257
13188135
13504463
14251542
13293937
14462942
13681159
15510857
15113453
15010645
15385061
14781921
13299178
15313340
14691046
13277452
14339006
13292674
13203301
13177681
21161301
26398089
21976407
13190015
13548891
13166644
13376429
13099728
13101228
13199566
13173446
15910580
13869787
13131885
17537922
13154723
14618983
20856526
15782132
13148551
25741300
13196296
13840895
13158482
13134804
13128436
13352089
13165240
13173697
13229968
13124026
13104664
22783219
18782736
13168275
13142529
13167596
13140333
13128169
14349920
13191780
20022604
13117280
13120859
13187241
13182646
13183753
13133331
13125292
18139540
13125233
13129005
13115554
13119480
13145972
13118470
23607815
13204226
13107177
13117959
13105710
13188224
13188009
13159471
13141180
14846553
15656964
13176128
13172518
26448251
13648822
13186587
13160997
16085306
13174745
16393565
13288281
13232140
17705469
13170022
15469494
13734598
13273275
16527828
17490060
13160375
13112826
13123609
13129159
13107813
13128115
13150502
13198449
13175612
13231102
13177976
13128083
13128375
13121095
19010134
13157619
14606562
13178439
13193613
13183369
13148088
13141706
13140008
13148682
18447043
13191474
13191356
15304378
13161135
13146785
13136337
13129598
13371891
13589615
13178492
13167466
13160467
13374995
13111185
13102129
13107542
13111134
13111542
15293196
13178701
13156817
13152293
13157753
13272309
13199420
15122705
13197061
15222982
13135565
13129108
13119734
16718810
17485817
13136437
15063075
13126941
13102276
13144930
13546042
13103052
13552010
13101930
13704500
13175786
13160635
13152667
13147739
13145674
13165656
13132308
13137901
13135768
13107938
13106858
13849483
14615155
20122770
13155884
13147657
13173660
18184914
13123185
13128227
13417562
16032207
14140590
13179195
13164086
13185998
13180604
13175096
13156676
13159553
14931132
13181900
13169301
13550451
13171367
13175280
13141324
13736745
23082028
16652345
13140690
15897150
13136198
13136449
13263068
18582690
13321720
15136448
13153094
13165650
14679917
13139595
13132674
13116951
13116606
13114658
14576354
13131634
13241129
13184724
13878288
15058775
13401866
18602322
13177992
13148531
13125249
13118973
14041513
13158013
13139693
13127105
13106182
16418009
13148305
13168348
13151517
13147808
13224065
13154744
18182828
13147576
13171929
13137818
13132777
14211384
14227836
15037210
14515625
14800261
16285427
15453785
13198929
13170833
13168175
18160200
23208388
13132218
13115761
13336519
13159034
13145001
13145728
14428164
14296009
17039711
13218928
13127437
13135935
13396226
13139474
20211707
20680701
13167436
13170680
13252665
13138168
13126075
14462378
13153670
13125475
15662814
13128316
15300017
13198413
18089094
13182162
13179355
13156679
13149352
13129616
18565050
14742176
13417913
20708665
13183970
13155360
13143027
14188833
13125665
15453368
13426144
13171084
13138733
13124956
13953089
13529214
13175326
13157415
13150958
13132753
18173326
13114169
13119706
13105688
13106636
13106104
13190718
20959323
13133782
13117847
13119553
13120955
13123252
13144647
13132369
13112242
13110719
13115216
13707728
13118225
13133211
13148568
13130926
13121282
23314923
13197429
13178356
13200235
13156812
13146415
13235203
13163818
13119819
13184874
15757306
13193570
13123648
13135190
13111062
18849474
14192091
14690969
13148035
13188344
13135147
13133017
13111550
13652563
13632938
13238257
13241857
13878280
13158560
15230812
13131001
13123010
13126920
13483563
15301851
13190425
13169699
13142807
13158218
13130439
13109403
13128203
13359030
13180285
13164178
13149471
13119446
14876526
13189089
13163227
13164153
13125068
13107311
13473365
21017331
13151720
13165855
13254118
13206050
13164694
13156565
13147112
13132589
13104331
13111936
13193141
13172047
13368349
14762816
14008599
15044325
13119021
13131457
13141622
13183812
13124404
13128698
13134511
13139139
13296047
13629531
13767799
13522245
13259350
13227406
13169939
13165611
16924842
13124124
13109462
13105420
13106970
13107673
13113431
13106785
13104372
13102690
13117213
13143306
13107790
13103551
13135417
13121627
13189692
15986656
13192954
13163657
13151342
13130252
14517017
13157778
13138811
15077540
13171082
13163274
13121573
13123336
13228207
13145937
13196583
13175321
13198675
15262154
13128844
13133693
13117044
13135086
13136013
13131150
13133546
13159090
19471055
13200541
13179480
13232066
13329997
13121564
13130321
13206097
13246354
13107344
15065144
14597985
13148905
13144286
13179006
13155009
15415857
13189536
13177574
13181706
13444787
22469376
13205036
13220606
18936482
26596796
14415095
15236245
13124573
13099730
13107683
13188132
13194155
13175801
13165077
13155610
13131088
13144700
13137381
13127800
13134526
13289439
13193447
13176012
13154674
17210115
13346858
13193391
13156132
13150432
13140956
13149729
13137642
13129384
13127560
13139378
13124364
13186617
13154212
17236330
14135759
13132094
16762462
13172396
13144129
13153834
13139252
14393919
13195276
13157662
13138269
13124985
13408125
15370663
15571040
13182195
13165447
13179313
13157304
13154318
13137571
13156705
13148180
13142763
13188813
13460300
13126098
13252609
14561398
13217854
13205107
13134055
13116623
15035875
13124345
13118950
13106109
19145776
15628190
13183609
13176002
13149427
13159739
13416497
13189839
13156331
13141271
13119558
13116620
15573322
26440000
17571907
13183025
13158646
13142760
13141558
13129193
13343886
13244827
14344100
14992957
17785554
13199973
13198778
13554015
13181204
13172837
13121223
18132615
13119113
13111884
13116729
13191574
13201410
13164160
13500552
14865292
14318913
14369105
13653097
14521902
15290013
15568995
14953148
13464273
14190467
15619372
14852802
14620044
15103538
13279305
16451240
13398763
14776178
15422808
14824341
13340548
13820316
15229692
13215217
15035215
13749149
14730755
14828931
13606294
15053000
19528145
13118944
14223957
29281223
13189895
13160042
13321313
13132452
13189886
18178586
19040655
13705337
13177706
13158086
16612552
14680898
13148032
13127875
13122119
13110650
13187635
13162614
13155805
13147470
13124739
15809065
13181358
13237423
13135413
13121652
16766057
13170156
13871648
16580297
14181021
13108404
13120433
13106580
13171157
13215022
14346818
13498213
13180109
25238779
15018985
13136642
13136972
14803740
13114565
16704673
13113504
13115020
13116823
13121087
13173542
13781252
13194693
13197675
13180729
13149423
13214077
13211283
13131241
16853980
13185527
13166780
16783841
13163756
13131087
13504963
13167072
13195748
13149425
13164025
13154166
13165129
15327449
13393929
13171416
13175333
13379722
13200765
13171550
25396839
22127968
13210299
27157179
14891033
13150833
13143043
13159362
13153440
13135127
13154474
13163109
13290121
13118698
13528769
14220601
26560924
16211874
14217464
13883821
13135905
18284098
13121717
13117585
13128702
13229946
13122891
13145724
13113239
13123967
13115713
13123789
13158933
13140620
13151525
13121963
13136839
13157467
13136153
13141897
13136030
13310682
13121979
13214439
18098836
13118735
13172076
13129645
14708791
13118621
13124562
13261839
13105872
15390570
13817709
13694823
13105026
13132267
14617031
13228028
13130000
13133378
13191845
13170911
13766557
13170509
13164446
13145821
13555606
13155100
13143808
13145953
13117863
13493646
13121852
13117130
13116571
13844478
13148730
13145736
13610228
18061290
13127270
13125098
14230411
13168868
13157680
13286622
13194941
20837881
13146800
23444673
13197683
13183396
13688938
15495846
13148919
17685005
18603827
13133053
14645453
13135936
13136206
13142021
13134242
13133973
13135325
13123654
13178847
13127377
13130103
13128367
17762016
13205022
13251661
13126187
14383567
13192002
13180686
25861487
25770997
13151123
13151093
13134221
23186581
16198286
16261739
13150779
13312548
13151804
13141164
13807711
15575873
13187952
13173335
13167436
13171296
13508237
13193285
13724506
13168310
13176985
13169819
13147946
18223274
13158105
14802803
13151805
13144057
14055685
13140392
13393500
13195926
13201766
14621287
16190451
25086165
13133875
13123512
13165238
13188582
13130004
13195098
13192870
13190412
13279360
13159906
13127936
13289569
18107859
13144131
13588352
13727291
13564265
13139297
13135967
13147894
13162188
13122542
13128876
13136218
13139683
13132818
17102144
13133971
13175008
13141176
13132872
13132192
13134111
13134278
13247345
13445198
13166073
17608059
13196239
13170313
13159571
13148545
13160903
14876913
13125241
15342840
13218231
13167276
13139473
13954243
13153672
13125302
13117165
13127233
26463686
13158330
13679232
15064055
18642266
13130768
13113009
13188368
13177434
13467966
13233175
13135419
13623140
15056769
13140873
13121743
13110593
13116344
13211073
14475797
26527986
15982830
13131899
13136177
13110736
13104552
13150068
13109655
13105283
13112174
13143713
13100084
13187318
13175939
13160580
16323592
13134242
13217878
13177732
13147115
13146788
13139293
14656332
13582268
13169439
13123061
15591653
13123077
14674840
13181464
13165214
25492738
13231886
13179157
13146147
13140469
13127402
13275728
13206148
13213309
13147481
13134729
13233118
17617245
26348818
26317535
26338270
14583556
13193936
13155360
13175090
13130221
13134288
13103338
16061047
13120959
13104443
13133654
13189776
13190129
13165112
14944124
13173067
13150184
13173686
13125842
13110801
13118318
13098097
13151783
13202800
13176424
13325225
13225329
13177151
17292009
13151984
13135009
13168239
13139908
18811774
13150537
13118542
13128054
17188854
13125172
13131987
13646504
13138982
16880593
13188033
17490387
15580577
13134600
13124272
13140396
13131631
13143995
13323566
13110411
13542710
13139649
13157946
13118241
13107075
13114278
13137400
14177493
13122881
13114491
13118294
13123492
13135714
13133926
14188886
13790703
13906309
13324729
15253931
14226213
13183759
13160584
13180035
13182327
13166894
13138968
13630748
13126960
25245372
13179291
13126669
13135968
13138448
13168430
13121128
13122441
13113050
13120598
13881256
13173674
13216852
14058255
14866003
13128807
13124589
14732402
13195904
13169022
13177767
13172060
13159108
13162839
13161907
15533182
13180672
13144424
13139165
14527020
13150156
13124783
13119392
13136788
13132314
13249864
13234491
13199379
13184151
13144261
14117342
13199219
13186490
13172536
13159939
13139455
13130821
13839800
14185252
15454357
13133024
13107914
13121597
13113220
13121313
13988593
13137290
13138950
13166997
13130822
14570841
13151346
13199674
18912015
15473272
13133758
13160646
13153050
13138638
13137337
13150597
13143256
13139898
13130155
13148870
13140408
13147900
13138371
13137961
13125751
13608524
13138734
16971366
13219870
13183421
13175606
13148568
14735975
13154214
13126785
13125147
13141098
13160839
13144530
13153221
13155427
13133162
13123998
13133886
16239220
13130929
13120270
13124224
13136236
13110931
13151905
13111886
14117891
13712723
15304504
13141444
13148303
13171332
22542961
13168878
13129319
13143930
14822795
13177397
13159266
13311795
13109586
13194179
13158204
13150371
13189889
13107788
13112869
13202369
13161497
13142057
13176343
13111189
14174857
13729448
17509149
13831151
13169695
13172326
13195982
13182627
13199548
13154087
13134761
14558194
13135787
13603428
13140152
13126417
16507759
15684325
35012945
13116656
13121194
13127065
13143662
13127414
13140514
13181826
13138556
13126915
13145110
13558698
14499548
15796587
13745489
13152378
13179195
14529378
13176885
13165281
13135354
13139147
13108915
13372950
15951724
13155188
13142661
13134320
13115811
13107843
13109251
13196394
13190414
13146774
13162809
13117766
14669629
14304066
15609167
13173971
13146977
13115304
13106027
13199916
13178941
13143186
13135990
13132068
13110681
13108445
13188972
13170680
14170648
23082888
14886400
13178736
13168374
13161609
13136888
13144595
13134411
15604483
13193777
13481346
15250213
13164119
15493874
13145679
13272381
13195164
13171576
13320158
13096996
13104041
13102872
13395177
13145965
13142136
13139039
13564615
13243070
15345948
13136756
13305795
13252515
13342960
15656748
13187211
13926468
16992026
13147930
13124989
13181705
13185002
13155740
13154761
13145354
13123593
13148192
13112664
13120025
13094414
13209318
18994566
13193184
13168129
13183507
13419487
13180938
13870391
13231609
15112030
13157698
13187286
13197303
13135758
13099248
13193412
13165136
13161462
18465439
13202759
13695327
13156776
14871980
13178393
13160966
13155107
13152943
13148613
13142876
13143390
13138566
13127788
13652460
13138812
13127900
13420144
13172764
13218228
13197009
15283775
13111587
13111798
13107924
13123077
13160042
13141363
15460165
13182268
13157198
13158131
13146644
13188134
13122354
16803100
16455509
13128132
13551412
13143912
13141444
13181117
15643032
13197490
13189899
13191200
14138659
13157702
13150248
14314783
17153668
18436210
13486941
13157794
13124511
13112192
13107355
13112438
13112050
13104530
13583785
13128104
14772664
13175337
13182061
13147741
13423075
13177787
13275669
13400719
13252600
13165779
13202176
13185607
16964705
13170357
13160546
13156982
13134763
13129511
13108119
13180241
15381897
13123536
13341850
13150904
13142854
13116238
13116055
13099705
13098079
13191563
13172595
13154962
16624686
13718098
13132121
13135783
13104508
13108648
14493273
13802586
13187021
18181587
13147643
13145170
20237602
13302806
13164482
13157696
13136293
13105998
13163601
13125277
13103972
13099503
13100760
13124259
13193210
15775244
13191329
13572404
13136908
13145791
13577698
13198888
15055659
17548698
16741864
13171066
13261282
13152464
13116767
14771175
13187889
13148665
13122391
16847529
16205792
13178465
13114427
15386603
18366355
13144950
13128972
19420986
13187552
13145944
13144621
13142919
13121983
13116204
24822092
15992671
13120881
14547864
17355136
23943432
13113364
25611633
13133684
13191135
13153117
13158497
13128830
18083426
13137571
13137018
13129008
13113973
13120035
13120329
13148456
13177161
13102761
13149372
13215439
13183210
13164847
13233894
13121454
13196215
13174923
13159927
13150168
13137422
13149949
20649232
14954428
15348302
13254664
13157005
13141585
13111116
13542246
17689284
13107571
13103290
13141225
13152862
13207470
22154015
13180022
13130021
13130969
13176452
13182394
15617357
13177881
13157109
13155697
13161543
15936930
13171208
13145736
13131239
13141160
13101749
13097299
13172416
13175224
13154019
13233933
13119460
13100914
13206314
13206320
13147936
14318299
17674335
14053289
13180263
13145704
13170910
13124727
13137869
13102698
13098628
13187831
13188866
13158048
13136532
13302409
13178346
13175284
13180552
13136606
13118978
13142746
13192950
13153172
16949725
13111788
13116307
13181393
15369018
13137871
13133969
13110011
13171891
16583017
14572124
13171409
13150038
13124518
13107997
13455516
13130181
13149317
13100614
13103990
20705740
13148317
13206740
13741428
17300565
16227894
13793268
17887789
13242962
13136768
13122054
13136673
13109823
13107394
26328874
13193448
24732787
18648508
26598696
14324040
13125952
13117392
13130118
13110110
19402199
14872469
13110811
13192822
13185535
13167799
17238502
13417993
13167848
13152874
16151523
15399692
13171755
13145811
13136055
13105468
13101362
13121180
13113091
16586998
15602653
13141419
13181102
13165503
13151425
13714553
13128253
13119334
13126591
13110329
16173347
13192496
15865947
13130175
13130522
13224699
14080432
13113445
13127148
13110278
13096734
13102499
15457262
13134176
16411722
14994275
22894615
13216655
13135275
13125312
13119590
13103015
15511108
13131544
13372773
15733428
13142629
13107148
13095674
14314930
13139951
13122251
13180462
14499397
14274811
17840715
13898134
13185572
13159973
13147924
13143279
13145220
13125373
13197939
13159790
13161879
13156717
13107745
16406756
13152653
13129832
15869417
13150303
15793005
21859657
13155636
13290276
13194280
13175549
16810331
24377757
13195619
13167017
13165839
16190429
13233969
17809035
13135732
13200092
17165860
13165021
13126313
13108058
13105616
14323099
13162577
13133492
20122765
13139710
13363155
17064066
17875179
14028816
13185148
13194264
13185026
13178949
13113459
15983589
14770496
13761022
17117976
13174397
13144357
13152193
13421009
13189477
13150787
15668691
13132352
13119450
13120707
13115002
13119282
13103554
13119618
13182008
15012213
13216612
18385463
13104311
13117132
13099548
13100106
13113338
13125190
13178700
13941498
13189381
13539041
15438239
13103886
13094172
15301942
13192540
13147168
13184143
14113178
14122005
13125202
13127587
13127719
13142901
13130295
15479895
13177759
16399002
13115574
13113645
13102656
13560582
13115793
13496622
13371134
13192686
13168065
19305325
13146797
13113752
13129848
13101240
13225877
14244281
13162234
13177562
13124263
23197974
13184477
13156234
13145710
13136840
13158604
13129165
13112148
13185418
13162740
13191915
13125499
14538244
13130967
13112632
13096161
13189007
13181204
18470814
13182213
13173432
13153729
13154241
13168019
13299406
13187131
13155067
14276634
24849762
13167080
13143351
13131515
19674661
13133037
13183820
13169628
17498424
17793336
15019535
13236941
13171644
13123923
13651742
15460787
13163662
13140908
13283573
13174777
13125558
13120211
13926074
13120536
13108329
13751725
13159157
13136823
13131103
13127784
13104808
13141657
17462206
13148504
13187047
16882824
14052943
20054924
13158589
13160261
13138732
14033486
13158326
13155874
13148413
13150024
13137802
13153989
13160056
14489905
15126363
13169630
13164263
13143512
13151871
13140392
13112336
13116721
13099472
13186097
13168799
13146618
20481307
13723320
14596306
13130230
13104798
13098041
13190257
13246898
13146045
13133429
13133693
13193141
13118749
13103019
13181764
13162990
13159267
15137286
13121971
23750155
13201542
13159571
13147089
13587393
13146467
26599095
14237284
13104880
13184813
13174263
13142795
13137772
13276069
13192069
13204311
13154466
13118660
14989285
13752184
13190271
13161239
13150589
13124775
18325082
13194450
13156555
13190031
13131630
13148750
13106346
16217027
13174730
13150095
13123532
13120167
13120065
13191116
13169471
14095603
15509081
15936771
13575839
13115682
15394498
13155405
13139711
13126620
13126230
13111579
13110185
13114201
13114967
14554062
13173250
13236513
13227089
13141091
14718643
13637099
17436366
13222972
18511500
15294945
13152378
14495684
14640214
13128097
13118430
13109814
13206692
13165681
13200951
13135903
13124481
13119423
13656943
13574572
14125853
13135941
13127246
13513900
13185778
13162230
13578088
15620461
15101208
13149537
13135911
13133929
26587088
27112010
13142462
13132318
13117660
13112690
13181240
13162675
20162139
13157436
13121196
13102696
13107913
13211920
13180901
13175090
13132109
13119374
13106182
13204817
13177044
18214416
13122765
13099781
13210980
13187663
13165380
13143652
13102919
13182313
13169960
13155587
13485447
13161956
13138419
13132829
14914859
15698690
14975950
15724124
13137227
13128174
13123758
13142957
13173042
13158470
13145781
13151970
13119837
13135235
13211734
13188443
13156860
13143759
14998996
13124877
13131155
13115690
13190419
13175120
15035366
13210422
13152376
13118056
15832182
15435918
13180336
13161767
14142907
14318935
14694660
17181036
24226373
13142009
13124991
13108646
13187781
13175569
13142844
13144812
13129982
13123675
13180220
14680323
13502663
13181125
14592959
13152325
13124821
13156660
13224904
13183334
13188961
13131414
13092187
13178752
16242094
20084502
13150364
13134578
13120757
13112436
13825735
13722016
13123791
13799524
13553757
13816421
13129482
13115514
13170164
13101081
13198758
13501785
13176083
13156175
13167346
13146161
13138669
13149630
13125290
13119531
13150564
17180364
16568591
13116193
26404742
26751255
18296588
13118207
13178992
13176399
13141287
13934554
13089481
14293411
13134713
14599153
13179751
13140063
16397119
13967731
13136188
13107675
13094016
13120551
13119582
14369865
14630838
13172424
13157950
13151214
13163511
13157127
13340893
13359789
13783333
13126267
13147007
14462474
16356622
14264602
13189692
13183928
14341129
13108867
13187602
13170960
13168888
13139600
13147666
13124928
13841965
14777285
14402275
13976506
15222868
13178845
17445986
18825507
14421737
24054318
13134758
13143293
13128371
13106675
13669004
19890652
13141698
13127743
23456499
13152520
13128533
13202373
13192581
14338120
13193830
13209424
13147898
13126252
13333470
13156984
13182593
13154822
13105659
13188490
15286334
13330592
16084738
13101392
13181155
13545992
13179987
13221413
13145480
13161937
13133178
13113074
13100434
13181976
13158115
13159499
13148249
13149222
13145311
13110447
13102706
13099626
13131667
17459404
13114108
14670376
13178898
13167729
13137977
14103068
13134889
14877622
13148996
13151706
13114337
13109807
13202593
14355146
13136078
13117126
13211222
13143217
13128389
15007379
13153648
13122625
13116980
15468156
13152368
13145970
14441263
13122324
13112127
15408159
13134233
13140020
14708309
13115974
13105284
13104491
13185510
13164856
13356942
13177342
13158163
13153963
13152163
13131933
13111240
13097745
15262104
13162368
13342008
13453775
24052996
13145403
13264609
13469669
13179585
13163637
13137566
17536811
24814682
13137193
13154473
13128328
13094408
13099249
13248950
13542568
13251512
21242729
13128747
13110522
13862954
13148799
14868842
13102885
13108056
13104494
13111958
17529855
16204758
13155720
13149600
13155639
13133292
15784965
13434239
13138708
13152518
13148551
13581021
15855698
13193834
13203259
13165839
17333907
14899828
15921614
13161330
14672693
13131196
13204277
14113374
13176958
13184423
13125495
13127542
13111459
13193168
14600109
13156650
13136407
13182583
14105908
13197815
20569333
13631256
13398170
13190816
13164505
15708233
13129734
13132244
14630637
13125731
17391385
24141820
13172425
13140156
13164903
13303460
13174364
15714411
13368820
14679104
13159546
13187391
14110957
13147069
13320814
13147327
14766286
13173538
13168348
13161137
13128144
13124975
13102613
13096643
13091278
13772986
13222861
13146536
13111729
13119043
13202715
13186709
13699282
22660848
13163867
13358790
13170406
13143050
13542714
19597459
13141966
13118538
17275775
14327757
13138771
13125891
13122475
13131812
13149036
25943728
13575619
13116287
19130262
13107494
13124643
13109500
13188701
13168261
16849146
13268121
13223576
34368563
13161378
13146033
13132497
13103692
13092292
13160369
13546203
13188642
13182908
13132370
13182790
13100094
13185792
13328487
13478479
13150694
13139835
16690580
13116848
13098627
13098297
13580371
13196881
13158444
13146888
13128030
13462585
13144565
20360068
14279718
15579200
14354984
13082162
13207492
13725423
13130721
13114320
13111544
16131404
13216478
13191409
13213553
13125056
13114699
15791285
13161893
13144742
15047332
13131274
13129002
13172181
13101560
13109651
13110939
13384581
13159695
16573333
13640463
13246633
15729614
13182363
13175279
14801661
13889241
13542988
14913453
14919738
14915388
16065247
13143663
20983290
17614636
14163125
13170554
13144956
13139931
14267479
13120532
13188154
13160365
13171688
13177373
13095550
13202406
13163828
16503246
13182079
13164421
13141117
13742597
16855698
13338858
15598570
13121038
13642145
13177054
15205478
16176599
13139246
13143662
13167507
17533651
13175549
13194265
13167188
13152297
13117178
16835229
13168697
14464226
13851393
13325932
13176741
13662730
15168717
14235833
17559102
13186509
13169043
13140333
13282279
13119541
13101225
13204185
13199353
13176778
13140128
13143294
13143227
13128086
13129218
13111388
13111284
13116742
13100456
13187925
13167763
15079541
13286916
13095081
13179640
13614526
13155327
15151709
13128737
13141998
13204572
13158684
13152394
13146795
13121516
13160680
14277535
13203232
13162968
15040392
13145727
14549570
13112736
13107027
13555880
14543585
14690002
14583435
14920931
14106207
14281386
15019345
14977770
13122350
13528041
13132982
13101311
13196374
13193176
14403939
17028471
16185236
13194580
13157079
14286437
13137024
26868687
19606082
13147280
13443611
13172581
13149915
16639474
13165698
14047041
13193289
13170868
13130814
21126969
20349578
13176680
13164945
13142068
16537552
19061371
18694729
16434504
13188723
13164216
13150335
13147983
13127805
13192498
13103573
13185754
13194003
13579422
13220791
13171503
13148365
13135082
13134335
13125952
19956967
18792075
14573433
23127380
13124782
13115839
13123258
13180050
13151267
14051393
13155791
14519265
15488449
13099874
13094309
13697691
15629790
13273490
13702585
13118593
13199306
14247287
13138419
13188325
15206865
13155789
13148948
13323444
13178700
13175605
13806246
13106793
13189655
13185929
17538391
15357160
13107274
16863511
14541391
13211894
13121676
13125246
13102623
13094768
14952592
13130089
16270144
13191308
13169890
13249420
17084682
13135419
13117073
13126602
13354951
13188741
13170300
13158070
13130869
13119436
13117694
13489617
13139052
13137335
13117788
13100301
13223321
13868373
13500347
13135289
14237413
13379307
13126587
15292209
13188707
15791319
13117465
13109238
13221585
13780756
14322222
13726777
17265062
14111776
14637458
13108630
13183078
13821638
18279089
13173366
13167346
13131188
13136802
13210527
15400599
13125722
13099259
13186825
15245474
13131475
13126815
13179733
13224411
13192280
18158161
13120453
13153497
13152238
13186715
13465678
13104948
13195044
13263315
14302279
13168927
13148094
15407891
13518813
13117453
13123634
13183999
13167936
13125731
25794967
13518703
13099065
26618057
14016533
13112806
13089019
13186788
13158094
13137485
13114613
13328199
13192292
13116785
13112897
13132618
14254743
13148397
15428561
16012086
13169829
13133053
13118938
14139381
13113592
13108515
13093663
13784119
14718255
13972337
13214922
13175726
13146103
13130514
22490337
13177359
13162904
16470208
13109273
14720506
13690686
13202424
14730486
13157684
13143751
13153098
14076544
13132811
13133518
13102518
13275319
13144688
13112272
13104969
13104077
13180467
13156768
13144078
13136636
13099956
13113988
13197447
13159524
15184585
13125775
13111828
13117464
13186298
13157727
13146945
15294687
13166398
13166447
13140599
13136358
13183597
13542634
13128958
13137195
14597016
18127783
14707460
13213631
13208902
13216233
13088703
13178775
15089492
16526502
13194742
13150403
13142173
15884495
14294120
13131474
13090012
13187310
13158243
13155096
13125716
13798875
15383957
14282722
13167515
13143520
13166172
17645994
13120547
13516065
13127782
13124284
13104681
13266992
13168354
13148481
14524169
13163949
13142220
13137578
13603048
13165772
23424686
15446305
13141997
13542000
13154844
13142973
13308312
13541608
13180487
13153371
13137144
13572635
13140283
13127148
13129330
13117890
13120888
13612121
14874450
13143707
13519612
15906509
13174221
13140863
13127542
13135427
13100447
13093965
13181059
13163558
13415518
13202581
13175004
13144574
14608983
26702073
19188522
13194332
13152088
13115280
13210064
13257171
13137406
14661702
17600456
13187653
13139568
13095503
13121741
17461988
13462997
20829623
13149699
14324392
15345800
13143837
13132389
13128235
14256590
13199310
13157005
13129933
16160333
22852596
13157550
13132903
14639305
13887187
16841967
15917240
13154523
16076391
13119401
13231928
13153057
13230459
26423321
19729980
13122216
13113782
13180635
13154318
23431178
13214795
13605337
13204918
13120794
13137414
13116887
13182317
13171645
13135060
13120053
13140829
13180533
13174035
14036382
14844029
13121069
13132200
13116673
13187125
13163512
13185985
13148135
13125247
13112528
13103210
13096095
13179341
17265190
13160040
13163638
13110585
13181801
15493113
13612645
17776029
13681994
13122990
13122316
13131589
13111761
13176973
13459270
13635539
13164571
14081667
14909308
13204360
13164375
13183894
13186426
13220646
13117902
17155237
13981881
13133835
15013267
13127924
13118345
13114118
14730329
13194616
13183186
13192521
13137083
13143792
13777181
14703483
13744358
13110892
13177736
13683152
13148498
13116458
13115161
13123558
13108422
13104276
13106880
13092952
13222353
13171588
14113592
13176309
13132564
13117021
14036326
15055261
13980111
14417420
13737927
14506026
13142712
13137201
13190657
13520408
13188793
13166059
13133008
13158442
13115375
13475075
13145682
15824922
18340552
13175534
13159120
13153114
13152539
13611208
13142688
13503656
13368703
13188201
13165799
13163080
13121148
13191421
13617118
13234957
22069132
19161994
13142139
13103122
13118200
13092649
13102881
13192341
13156296
13286721
13113191
13221465
13251355
13146494
13160522
13138913
13178976
13162866
13139272
13119988
13114014
13200173
13175963
13418468
13110232
13181197
13159277
13279774
13115444
13180020
13154546
13164499
13126640
14299123
13160605
26461516
15471075
13177166
13225824
13140292
13345975
13153577
13234416
13114282
13172709
13145990
14379357
13176717
13175531
13213334
13187334
15911921
13120536
13808413
13834515
13170919
13185711
13151766
13119188
13189231
16747061
13139272
13118504
13090166
13190267
13154121
13131814
13112379
13774150
13231808
14985025
13142326
13128944
13968918
16344881
25101438
13118763
13193308
13377820
13131724
13214224
13202524
13161341
21256985
15926877
16862403
13644347
13146874
13527217
13154946
13126937
13174907
14136137
13339452
16188764
13179918
13144174
13232686
13195093
13177271
13129218
15231511
13179416
13153719
13127433
13122505
13107139
13101050
13093805
13089860
13180429
13169040
13152978
13134548
13111794
13099387
17321754
13168446
13136797
13803290
13169341
16234709
13131668
13141885
13641213
14792637
13165557
19019855
14247818
14176587
15130206
13189782
13266736
13132683
13113093
13486661
13168411
14347011
13189213
13153977
13097874
14672795
13162240
13131799
14283555
13220009
13134445
13162851
13108592
17394316
13126023
20848165
13171967
13141208
14006907
13134981
13131249
13123584
13104402
13477768
16392402
13570914
13180088
13147466
13152159
13132996
18636012
15997723
13143518
13200564
13193188
13182504
13155565
13107301
13119005
13174694
13160836
15569133
13164336
13138551
13128070
13125582
13117153
13106578
14785557
13366368
16678202
13164327
13149567
13241743
13212717
13180505
13159948
13177657
13225515
13146825
13123169
13113492
14599021
15747125
13180279
13138771
13122750
13106448
13106429
13097298
15371649
13158764
13154085
13114977
13112434
21296225
16184330
13138327
13134853
13144686
15386481
13159291
13129539
15389936
14811997
16600358
13377347
13131117
13098536
13224036
13162594
14649804
13133692
13127521
13122748
13103302
13131761
13105809
13103756
13109009
13108724
13160258
13135001
14908918
15926051
13178656
16830922
17343744
17016848
13106545
13101841
13107437
13180956
13160173
13134269
13117819
13103769
13111973
13106115
13108148
13189428
13169341
13145173
13205243
13148840
13179400
13164627
13173863
13149047
13662622
18048615
13213945
13165111
15736368
16525295
13158299
13159681
15344280
13614283
15508494
13123181
13122295
14973020
15773430
13175258
13146687
13472036
13142120
13204167
13245103
13171566
13122594
13099893
13112903
13270492
13133942
14101360
13904940
14043438
14902196
17485054
26770824
13167690
13748906
13120033
13398070
13155668
13145718
13149403
13119598
13112172
13511085
17765556
13685216
13166719
13132740
13809865
13250811
13128082
16119325
13124660
13118514
13112769
13115440
15757529
17309264
26451196
14082650
18739029
13136601
13117973
18211025
13178116
13168830
13141231
13124286
13100218
13178496
13174590
13634709
13138011
14849319
13180596
13158434
17129716
15308331
18369855
13151452
13116693
13116425
13217994
13146692
13141192
13145189
13121764
13105325
13574312
15686575
13178104
16074457
13160071
13691275
13124564
13145557
13263568
15638671
13120652
13138202
13211120
13149021
13199185
13119204
13193865
13181431
15046947
13438469
13165458
13119795
13125521
13112147
13201037
13166554
13128777
13119310
13750998
14300126
13131414
13185100
15304959
13127906
13168878
13935269
13209456
13938639
13151098
13141521
13153815
13174308
13113445
13191567
13640230
13179845
13146644
13126192
14072790
13148468
13970330
17705433
13203639
13158943
13127441
13233809
13185370
13153873
13145154
13143621
15670955
13119051
13654152
13176158
18331648
13116825
13137658
13879040
13194480
13190257
13809376
15722773
13112942
13115782
13111116
13092622
13101534
13387295
13126321
13126777
13103027
13288176
13193564
13153357
13140337
13134867
13129584
13123041
13619580
13104272
13111570
13142635
13093359
14873309
13142710
13144915
13137865
13603070
14112530
13897869
15649550
13174959
23231279
13176508
13176165
14027895
13172866
13151874
13142622
13151088
13129868
17021694
24484822
13117644
14933837
13160008
13144589
19955096
21858369
13148610
13408970
13191243
13171175
13156242
13153112
14545487
13084478
13957517
15576851
13119769
13113660
13111526
14730125
13233636
13173944
13208845
13158616
13357146
15389644
13167340
13123218
13282660
13706206
13224969
15468901
13173518
13195118
13420512
13190056
13221873
13134239
13144231
13543054
13150134
13141468
13194998
15538961
13143059
13943077
13179195
13675239
13185295
26557013
13192524
26421227
18156007
13162104
13142151
14602124
13134379
13123872
13160901
13140589
15180502
13118600
13131378
13099188
13137128
15839913
13207845
15388643
13211985
13265347
13140238
13154641
13170146
13118588
13110230
13119444
13117354
13462570
13141099
13239885
13126671
13127671
13105749
13174293
13257810
13190541
14951453
13499625
17027934
13418829
13243903
13211776
13139143
13254274
13202397
14180528
14940660
13161306
13319010
13170152
13167875
13130898
18266812
13120681
15320531
13167005
13154511
13159506
13154608
13137270
13132263
13111928
13110669
13122592
13199615
13177357
13315508
13132151
13109860
13114323
13122903
13164391
13186288
13193208
13171943
13152685
13191444
13143207
14159638
17045287
13149943
13286806
24410951
18117864
19170810
13188711
13157150
13137867
13145541
16103815
13927664
16110244
13193617
13508219
13105751
17498169
13130746
13156445
13124987
13807432
13171937
13152599
13199544
13228408
13124611
13118666
13120516
15353137
14792312
18029836
18178363
14304102
13778460
13532558
13561724
13147054
13138103
13980368
13141089
13136435
13131696
13139985
13149782
13172478
13129185
13123108
13215727
13173757
13145535
13377780
13110390
13096572
13108832
13124568
14779047
13171106
13617112
13240872
13124500
15068804
13147554
15508321
13420447
13504930
13155407
13192357
13228231
13197919
13663605
13134085
14589752
18373506
15096052
13137623
24634204
13899444
13192459
13152208
13146995
13138733
13707311
15629532
13103067
13106990
14041312
13529419
22512332
18527919
21277317
14888232
13136730
14516753
14307881
13102621
13181474
13184151
13158450
14523635
13181653
13177265
13144426
13628164
16262691
13254357
13185573
13172861
13172522
13130780
13135694
13139087
15588621
18238500
13110427
13697976
15018415
13385822
13164536
13153798
13127939
13202190
13126616
13106914
13118125
13170810
13119857
13115702
13194182
13201833
13199303
16020774
13166085
14478732
13220488
15794809
15670764
13123841
24975673
14192117
13179134
13319562
13316347
13185601
13160578
13155705
13599857
13152301
13153081
13134662
13151630
13135616
15141407
19674460
13110934
15290529
18354265
18985546
13198533
13215132
13134502
13125673
13121827
13124168
14524163
13159532
13123853
13203647
13121934
13135938
13118230
13116065
13116013
13108609
13950157
17472731
16311858
13153237
13124692
13123207
14799129
15279553
13166010
13136266
13116206
13168271
13118355
13113084
14279889
18044108
14002869
15347573
13304807
14734539
14269215
15383731
13520953
13170932
13142496
13173861
13583814
13114550
13312195
13146317
14204220
13118188
13178578
13235030
13129585
13919401
13156117
17757917
13160231
15775141
16065762
13170379
13166406
13154083
15657523
13106807
13117457
13197153
14026106
13331799
13335487
13147284
13147387
13108753
13104159
13376421
13128028
13202386
13192685
16079544
13162925
18302696
13181527
13170138
13127867
13107676
13160940
13911282
13329503
14963332
15748233
13174827
18314713
13165470
14214582
13110169
13106580
15910326
13156034
13153987
15336370
15973941
13144312
14369067
13168490
13150251
13152184
13116894
13120063
13129317
15003682
13128115
17116619
15916479
13183480
13158094
13146949
13619224
13175313
13282699
13717744
13194183
13208170
13143934
13633110
17173252
13375335
13174898
13144788
13144960
13137081
13146354
13134070
13827592
13177523
13159715
15578455
13783169
15244115
13158139
13210249
13186424
13164708
13131599
13141245
13724721
13107937
18554252
13124808
13118834
25936286
14825939
13306266
13107325
13109858
13186471
13169398
13189781
13169124
13120474
13119893
13099738
13104291
13109945
13101463
13364319
13164682
13133073
13141539
13140222
13132474
13128651
17107578
13136144
14758502
13102580
13100571
13100389
13107157
13160432
13107701
13173595
13173101
13152740
13612308
13158661
13138064
13130650
16222170
13189662
13199469
25359612
13139774
13169288
13503307
13138421
13134366
13131401
14562364
13142382
13664789
13201300
13172965
13098857
15015472
13186615
14838086
13151523
13147477
13132659
13156386
13731794
13726466
18852015
18333053
13179855
13173156
13145680
13126159
13103360
13186729
13179253
13165633
13240829
18310007
13181423
15171496
15709952
13138504
13620712
13120090
13214754
13944504
13171700
13189901
13141346
13130599
13130161
13239468
13202777
13139370
15977981
15402506
13392646
13106663
13103456
13114207
13184653
13166426
17175584
14769467
17665798
13177988
13137875
13118075
13107433
13104416
13100171
13102430
13193554
13489627
13710952
13175102
13173402
13151413
13169806
13140690
13798171
15222566
13234071
14817804
16933124
13154974
13148949
16056828
13157938
13129042
13186420
14282524
13175229
13162179
13160589
13401206
13175035
14900716
13664970
13155011
13161484
13124670
13109365
13582698
13106535
13383939
13560193
15419418
13165616
14148669
14339772
13136858
13110906
14115905
13839806
13138353
13121893
13114737
13097496
13098676
13092410
13426877
13596054
14073272
18859917
13170403
13146725
13766823
13187131
13687970
15731985
13462664
13106894
13091217
13194148
13152813
15702775
13249713
13145980
13146791
13103129
17423221
15712917
13105271
13174728
13142480
13118452
13105274
15362770
13156268
23657680
13154277
13126049
15372545
15772957
21739352
13143636
13141149
15452056
14967225
13193546
13201992
13174775
13379708
13116941
13943233
13156177
13114376
13116836
16877496
13208303
13193594
13188329
13935941
13176943
13130142
13291564
13188953
13168333
13227021
18301286
13631362
13174919
13154013
13118546
13120021
13177945
13197253
15116974
13142153
13141824
13125381
13643242
16464618
13632393
16286272
16533071
14857444
13220037
18548719
13141068
13220375
14110699
14846579
13577844
13140859
13192644
13155450
13166569
13130963
13137271
13120967
13230813
13310544
13129303
17819709
13187984
13180032
13115200
13093419
13190011
13169814
13456681
13158948
13139120
13116642
14996910
13098371
13193081
13165094
13147903
15016083
13328236
13118156
13097559
13388298
13129378
13111844
17996676
14823108
13641588
13124355
13442516
13142100
13132767
13173595
14032939
13215024
13247101
17372522
13138933
13490043
15821207
13214041
13157568
13166779
14744100
13172191
14680782
13146037
13131914
13115067
13117451
13483025
16720934
13176219
15100731
13628727
13188226
13121020
13806402
13281060
14383982
17383496
16128433
15356049
15498480
13091364
13115633
14471308
13109714
13180083
13165505
13137516
19794415
13187791
13175754
13167938
13251347
13103909
13197080
13344201
13144128
13112207
13180580
13171145
13132458
13112018
13158886
13222176
13195764
16129014
13249392
13153883
13130695
14476004
17344539
14046267
13110683
13176692
13171309
13208654
14631941
14483061
15313161
15513490
13197701
13169511
13154125
13135779
13139439
13158327
19509008
13131733
13201258
13140909
13121434
15830263
13209450
14364417
13148179
13117696
13239934
13174736
13571986
13171840
13145527
13137042
13122163
17286011
13380713
13138369
13152029
13108798
13097423
13092239
13212528
13166647
13128220
13221845
13311135
14912180
14158067
13144363
13141910
15243890
13178344
13164691
13136039
14566470
13301674
13159008
14034394
17166204
13140280
13090462
14236866
13157365
13151682
13139421
13384435
13165734
13798541
18166066
13154040
13140605
13117912
13135421
13109765
13211758
13144850
13135582
13119697
13118330
13180018
13153461
14140878
14295003
14618299
13368481
14562499
13163309
15440606
13149000
17232115
14405855
13130035
13175082
13184029
14169224
14209496
13091534
13406871
15152525
16627203
13211388
13194200
13264357
13176944
13109879
13455680
13181289
13120447
13105902
13146432
13200458
13171628
13184622
13472721
13174374
13158371
13738971
14254551
13272729
13275815
13138448
18685929
13266461
14140145
13509683
13142692
14107001
13371672
17226777
18607859
13119630
15346496
13168891
13156162
15161449
13149295
13130014
13125991
13591768
13131092
13090444
13202050
13163233
19727006
13137018
13496635
13113367
16505698
13110795
13193174
13180804
13146778
13174316
13262797
13990922
14774118
13116757
13106244
13119899
16052164
13129789
13211488
13153528
13131087
13176408
13177667
13187911
13409417
20953402
13116161
14939177
13178232
22641970
13111315
13178215
13197021
13125066
13121050
13183357
14822829
13159703
13218938
13475548
13369854
13090384
13862103
13141566
14622089
18081560
13200265
17201230
13343027
13173363
16266372
13103061
13175135
13152035
13143285
15366274
15992567
13169374
13221104
13158915
13184519
13226773
14967792
13143532
13128058
13107973
14502792
13144909
16839704
15304843
13118199
13098120
13585075
13167391
13139203
13121335
13107394
13320481
13146549
13131089
13125523
17147545
22709135
13263689
13144544
13134089
13137018
13123875
15874985
13285334
13125362
13125758
13121682
16756006
17685988
15103233
13197117
13174689
13175906
13173667
13151442
13897026
13179018
13324289
13137134
14079658
16235080
13094892
13113216
13181348
15008214
13112058
15213809
13202381
13161033
13173489
13153930
18277673
13139945
13103051
13093322
13113106
14278044
15224991
13254857
15956547
13195526
13137987
13118773
13790595
16701087
14102855
15497066
13141783
17875847
13204425
13494211
13129208
13248822
13108609
13298892
13320939
13119435
13592865
13117923
14877552
13191511
13776366
16063267
13096610
13094934
14184474
13182665
13158632
13153128
13161417
13143122
13394668
13194757
13165014
13222005
14074241
14695385
13094575
16604021
13292031
13161795
13141258
13148951
15048412
13176932
13168963
13117815
13213106
13190133
13494688
13153463
15520623
14213648
13109994
13090555
13145701
13177178
13174387
13176544
13155803
13197791
14886660
14004640
21487576
13152905
13111810
13123422
13202952
13200273
13245123
13139592
13136977
14488728
13182032
13156637
13137319
14838308
13208705
13178348
13259086
20457119
13179114
13477543
17795779
13825374
13113295
14078518
13103821
13109440
13141139
13203625
13151134
13140737
13842419
13113701
13188978
13163266
13168228
13131245
13113866
13109407
13605234
13124108
13104862
13112070
13111802
13114010
13100782
13104969
13118430
13104371
13108859
13110613
13104089
13166849
13219034
13238398
13558447
15939111
13186729
13370793
13113583
13124575
13852989
14760858
13624321
13456228
13589552
13148911
13546451
14115363
13321494
13143367
13102503
13196103
13229816
14609729
13186422
13234784
13139870
13145078
13491951
13117770
14807400
14302718
13128152
13140802
13133301
13398731
13145394
13134723
13120727
13122844
13123622
13457795
13152985
13155490
13124209
13093988
13094825
13093773
14968158
13136715
13117587
13111181
14005269
13143083
14424160
13169370
13145760
13138442
13128651
20054365
19569402
13167100
13152127
13140780
15271994
13091943
13193438
13164454
13141275
13135828
13140811
13493935
23535243
26892922
16711061
13125204
13118840
13114454
13158537
13142688
13111182
13095717
13097870
14427004
13169552
13122161
14239344
15878215
13741516
13114297
19008529
13137546
15221826
15190640
13100951
13108418
13384320
13223164
15840701
13991794
16416510
13169699
13640425
13169031
13139305
13202499
13151042
13150168
13276441
18626924
13162741
16521031
13141473
13109181
13119535
13203056
13155273
13234746
14631878
13177171
13163010
13159132
13096140
13174330
15339791
13092320
13168807
13141816
13119049
13099684
13178594
13221229
13143758
13103555
14010516
13091441
13201074
13149074
13140562
13127010
13125994
13125082
14892869
13752389
13153839
13166627
13116738
15626622
14047999
13153573
13143091
13128905
13095260
13111104
13101611
13403364
13149705
13119716
13269151
13176775
13162130
13108646
13111663
13180836
13158629
13143682
13164733
13874644
13169914
13127624
13108235
13100955
13094272
17657985
13181570
13145364
16967028
16698352
13395819
13136689
13112223
13195134
13205195
22410718
14532470
20397944
13139338
13121444
13108930
16730681
13156579
13117256
13114819
13125130
13097301
13670156
17089459
14130003
22753845
13424200
13211492
13133288
13104729
16209342
13161221
13148830
13114627
19062706
13193493
13155395
13159264
13104218
13092195
13276025
13143083
13113484
13138267
13201193
15134005
13155784
17271654
26534575
19353811
13102913
13183158
14805721
13696461
13144684
13121207
18912000
13125468
13106382
13098229
14700465
13185319
13142618
13154034
13121854
13159142
13182736
14073434
13129778
13609787
15274094
14184893
15925878
13149380
13120359
15210132
16011339
14032470
16571339
14063339
13112178
13101544
13113404
13171080
13180111
13128789
13453966
13143053
13115940
13171907
13150630
13134386
13486095
13154162
13318500
15639162
14284668
17256681
13670839
13183090
14214236
13207880
13128078
13108258
13137471
13169501
13892584
13184832
13154950
13166461
13118989
13197730
16263642
14131394
18191594
13179473
13133621
13125452
13114295
13716958
20915664
21357255
13445876
13154186
13123375
13119252
13214591
13364045
13113407
14565446
13113721
13183438
13178074
22017249
13178265
13149035
14022647
14354689
13223280
13143116
13126689
13103643
13107979
13441427
13269954
21598357
18873029
13130684
13102135
13504178
14634262
13200610
17167568
13170467
13196001
13391844
13259205
13161180
13134144
13118363
13455053
13117713
13099213
13187310
13156943
13150790
15183456
13122511
13134652
13106242
13103429
13206948
13164228
13118186
13101138
13088171
13168050
13255533
13108302
13091108
13807504
13143463
13147512
13195057
15390725
13235063
13162236
13133992
13895467
13109258
14543276
13109401
15280493
13194507
13170653
13215674
13635079
13465983
13132651
15785977
26428780
26806417
18659717
13104281
13186580
13154603
18222665
13129117
13188965
13177775
13156384
13519001
15323937
19583098
15587477
17366564
13136859
13626442
13121017
13870633
14140524
13498383
14215122
13598195
15772386
13223882
13126315
16327356
13162504
13290595
13206787
26081206
13168500
13133391
13170436
13136155
13727545
13185566
13159817
13130953
15293271
14985963
14446500
14030667
13963132
15343861
13166105
13167670
19044360
13611558
13160572
15788882
17456652
13161214
16912088
13323446
14068472
13136108
13231105
13192867
13181974
13154708
13484947
13179188
13148041
13145548
13951480
13272214
13134143
13435685
13148084
16665909
13788599
13215997
13134790
13129524
18175375
13177825
13155884
13127073
13120409
13183818
13171350
13122342
13131468
13195053
13148495
19196496
13109880
13170960
13151619
13168833
13125204
13870287
17133731
13133626
13394420
14292783
13109497
15118178
13163676
20011977
14639257
13200578
13152675
13131351
13122334
13120395
13173655
13789256
13100567
13163843
13289273
13153190
13189568
13154211
13121550
13109245
14456467
13133234
13234482
13215327
13131491
13111816
13097529
13963844
13105262
13174590
13184078
13137719
13160934
14099686
13113620
13221461
13162599
13153392
13558114
13158941
16549831
21717599
13161178
13150444
13860038
13162356
13133082
13114363
13114439
13292496
13436832
13188366
13119212
13092166
13183300
13150650
13529266
13137225
13119831
13175442
13163077
13130778
18078172
13494126
13182807
13220943
13164823
13132533
13150848
13130953
13111467
13203694
13149776
13166035
13143248
15329799
13135275
14108814
13093170
13177285
13901676
15166393
13166416
13136679
13130807
13194435
13291635
13127408
13102675
15909853
13106190
13203183
13174698
13190568
16760055
13175149
20647238
13151576
13131931
13120026
13103005
13120341
13181289
13151385
15085076
13117612
13266886
13887228
13235308
14026517
18882228
18454703
13137742
14087911
13182810
13133571
13874823
13165988
13137026
14857931
13170272
13156709
13141909
13123738
13125909
13120199
13669085
13186081
15570472
13154350
13165470
13494512
13122795
13124981
13100344
13091979
13235154
13176544
13125578
13182218
13223462
13145896
13809952
13170377
13138557
13121755
13214114
13146850
13205390
13178391
13190509
14850489
13175986
13150989
13132334
13139441
13216383
13168889
13128840
13119417
13099947
13188090
14724397
13133713
16700532
13173867
13311137
13122852
13206761
13434091
13501889
13177889
13483052
14049233
13189414
13149506
13098875
16730681
13569877
13191322
15100171
15886222
13176034
13150962
13111926
13102497
13174163
22984786
14610919
13150091
13126758
13403870
17446579
18631614
14040374
13167019
13133101
13157700
13102542
13188965
13198756
13160502
13123870
13098292
13173703
13538087
13147519
22556593
13127589
13156277
13241410
13144422
14753253
13540936
13181797
13409173
13494807
13105772
13490934
17903194
17674893
13186650
13137508
13124465
13384460
13165240
13154779
13137581
13137034
13138706
18218194
13187854
13184919
13159000
14169500
13128131
14735606
13123185
13547312
13518906
13132721
18825649
13141402
14986808
14443528
13150924
14852108
14825411
13134733
13165496
14590627
14099065
14276771
13210527
13350921
13090837
13091614
16357571
23684719
13155337
26302652
13178445
13152504
13152321
14449297
13133506
13778219
14187670
13159191
13142029
13442445
13190998
13138509
13370782
13122114
13102035
13176000
13153985
13206229
13347901
13134300
13158776
13186109
13161769
13144796
13456594
13146244
13109180
13511021
13133079
13140792
13120421
22663109
13096017
13328334
13159827
13137743
15476392
13826607
13137923
14260892
13139868
13422238
13153469
13195583
13177970
13155240
13292102
13117376
13120396
13096854
16992493
13099760
13091514
13861454
13155822
13173022
13134260
13149689
13113472
13476889
13119329
13705918
13161811
13234329
13111969
21724797
13512217
20388590
13166526
13134032
13522992
16919358
23224068
18233223
13217949
13140272
13180144
13100293
16036156
13180385
13155177
13141722
13113624
13104083
13208331
13157694
13142742
14574790
13121019
13121172
13116405
13164283
13141767
13120325
13117841
13191419
13169175
15577717
13138066
13102866
13185130
13168442
13125299
13122280
13088805
13205577
13133971
13123968
13139785
13435522
13312022
13165815
15769764
13458010
13116915
25891265
13134568
13117514
13117375
14494468
17366286
13151261
13115097
13538714
13111716
13650479
13206021
16566511
13153676
15981081
13199979
18345574
13125537
13406086
13487868
13135460
13115898
13512336
13109243
13132358
13177241
13371595
14003318
13502888
13154925
13134183
13170521
15186476
13189765
13348975
13196947
13156501
13136053
13841722
13395214
15909792
19414206
13247525
15831447
13194661
13194683
18146089
13178841
13484339
13194173
13176587
15635821
13535192
13490498
13256191
13454929
13200738
13761879
13105537
13226952
13229976
13117520
13099036
23629548
13187395
13150914
13228473
13199522
15665079
27553610
13860001
15460394
13172307
14182876
13153530
15443023
13143550
13138724
17306888
13166096
15113432
13172518
14136360
13192530
13233013
13122090
13437218
13251655
13181651
15484217
15730321
13138661
13095162
13374361
13122953
13980756
13135945
13109793
13250012
13166374
14495289
17740406
13197019
13409965
13108564
13171914
13136959
13123394
13535428
15582918
18179393
13123081
13569620
13225394
13182416
13161980
13453132
13166498
13166063
13114284
13134028
18140200
17157616
14799799
13084923
13177558
13151846
13119850
13094677
13095550
13187511
13145364
23039587
13352860
13185837
14094817
17362555
13171485
13130652
13119446
13115194
13134749
13159045
17037690
13187443
13634165
13235568
13760626
13157436
13116696
13185921
13142991
13140107
13120689
13108449
13889937
13172740
13127966
13530467
13340763
13293140
13180737
13138643
13133940
15298357
13155253
13812010
13174590
15661463
13134248
13125137
13166826
13154208
13122084
13159656
13212667
23237494
16622363
14325173
13155480
13141330
13120189
13189715
13155435
13127375
17606010
13113334
15639867
13719946
20641022
13121420
13110813
13177761
13161368
13414233
14052529
13160288
13123126
14520880
13155043
13129042
18046391
13237120
13743760
13097153
13173449
13148025
13134213
19294984
13181001
13177271
13404765
13195956
17344417
13155620
13149431
13476787
15665571
13140004
14060857
13205134
22481004
13130883
13165622
13166472
13160528
15632522
13159884
13128495
17403271
17718458
13166436
13144679
13121095
13759946
19200220
13194151
13184736
13142775
13129252
13112592
14336278
13303235
14598025
13122068
13109460
13191033
13403211
13165342
14444015
17220773
13129035
13835274
22049440
13143143
13358947
13151044
13697045
13096383
13173786
13247534
13122123
14110198
13162041
15224613
13987882
15320762
13110431
13181842
13150175
13140601
13114897
18235777
13696613
13136922
13739235
16966810
13130349
13211043
13164753
13125226
13135626
13523140
13126132
13255914
13132078
13111584
14823937
13869956
16925512
13117783
13104024
13105633
13247620
13463922
22241034
13131643
16778182
13784407
13155882
13175976
13102923
13171418
13477630
17459455
14545787
13140284
13118887
13122825
13177588
13166640
23315017
13174488
13144028
13194797
13109984
13170030
14692810
35438315
15609275
15081889
13203655
13123067
13748463
13230658
13114240
14674412
13158019
13124048
13136496
13111310
13186635
13146825
13146071
13113614
13814056
14295763
13134026
13999761
13194907
13654396
13205652
13501849
13150975
13868790
13118527
13094782
13168758
13154536
13146648
13156252
13125937
13209006
13201598
13103639
15086841
13194799
13146467
14123448
15766575
14724641
13132973
13105538
13121499
13422778
13118952
13123699
15478828
16278574
13172827
13849376
13092026
13179124
13146421
13123392
14680118
13307921
13120283
16339603
13162410
13117965
13408622
13201955
13137708
15285534
14749522
13118483
13110211
13109344
13117552
13120189
13193617
13494465
13171480
13136234
13118235
15703200
13234113
13157895
14111120
13178563
13153589
13134130
18675487
13767433
13135271
13110597
13096628
13170826
15212655
13155712
13100985
13427523
13161779
13121262
13179544
13167754
13126516
13106253
13336985
13128249
13417070
18318664
13828828
13340894
13116224
16954210
13539039
13267762
15162934
18476169
13249454
13355795
13195994
13139263
14432118
13142812
13456059
13132200
13737707
13147089
14078121
13118806
13101439
13116188
13296268
13131730
13111843
13097626
13290804
13156335
13146847
13125505
14574444
13138352
13109429
13105132
13150412
13286191
13139421
13120571
13243200
13192928
13160800
13131235
15594891
13124471
13110012
13173857
13211911
13151074
13097542
13174943
13159941
13131103
13160422
15510030
14218383
13098322
13226499
13164933
13427680
13154178
13169987
13106750
13168192
13153475
13131403
13282694
13194236
15937506
13759812
15942311
13216015
18086843
14494655
17175257
13728329
13218404
13194419
13109570
13488648
13323791
13206170
13154645
13220980
13108467
13090133
13099058
15806383
13140719
13124235
15091972
13336275
15334060
13169205
13162348
13543867
13271662
13176101
13166191
14897543
13175500
13108513
13178106
13142910
14237868
16080151
15622770
13111784
13478967
13671663
13159055
13137843
13148543
13349980
13136208
13109957
13103935
15210581
13158115
13113167
14159870
13170158
20805850
13095658
13183588
13156934
13169701
13329495
13181137
13154430
19926877
13145813
13108250
13106345
13364947
13114099
13109143
25387099
18375378
21980800
19916294
13154572
15221411
13097186
21603309
13101778
13175010
13161783
13123974
13300600
13335232
13180885
13169583
13176026
16697907
13170696
15270671
13093979
13089651
13109606
13185991
13203531
13183410
18365769
13883620
14459524
13152622
13141130
13479897
15773523
13372395
14592248
13132162
13211581
13177206
18194766
13118143
13108686
13992571
13168168
13152771
13129520
13118673
26458695
21872760
13175536
13160521
13102602
13097181
14193445
13194912
13106253
23171267
13179676
13145636
13159514
13176848
13477971
14831775
17266179
13348136
13093737
13101386
13177142
13151485
13144676
13108117
26388018
13168419
13136953
26738752
13137331
13113851
20238117
19093691
13169171
13130538
13166231
13219438
13152234
13126139
13190818
13177147
13153193
13133470
13152118
13104392
13133835
13101030
13219036
21028753
13337208
13208849
13135242
13439042
13130638
13115064
16318335
13763949
13137684
21392282
13177842
13203332
13131690
13535395
13142319
15933698
13236089
13183313
13172563
15420273
15837949
13419512
17992837
13117171
15270923
13170535
13447245
13143591
13102483
14065467
14321593
13138530
13548858
13145951
13110876
13088187
13187984
13149334
13138108
13139445
14054428
16842093
13161607
13130867
13805900
13768950
13128710
13227904
18575838
13158129
13123252
20426301
13507280
13175395
15817997
15873412
13126057
13121304
13250862
13354617
15938749
13154923
13158852
14283841
13164318
13154097
13127682
13127286
13192953
13146246
13169715
15434619
13212465
16552378
14746267
13181090
13142474
13134936
13090248
13169377
13493551
13162884
13220468
13502487
15402989
13157418
13362566
13137839
13101548
13172153
13154445
13130467
14114277
13103029
13087204
13172166
13185195
18294298
13954182
13171706
13213253
13158493
15691956
13215900
13184618
13115723
14746970
13140526
13631849
13168833
13167076
15874221
17370822
14029241
13154660
13115907
13471008
17227161
13570281
13156676
13311842
13190734
13125036
13102954
13090102
13184665
13174531
13142425
13104602
13109143
14102177
13114434
15332734
13162135
13429411
14529901
15099269
13186569
13148746
16068576
13114820
13167306
13784286
21375016
15581246
13294081
13183861
15948026
18113635
14933470
14711799
13165986
13134412
14011558
13124257
13095579
14372398
15639585
13118390
13172648
13135516
16556655
14478285
13146201
13115572
13331930
13744033
13128462
26442558
13222255
13120904
23581285
13106084
18253345
13165687
13149745
17969928
13137733
13135848
13730921
13284140
13102856
14601657
13149248
13348483
13220982
13170228
13935409
14003563
13127882
16589345
13222751
13150441
13765743
16793022
16225325
13098416
13194812
15406643
14076371
17536060
13488329
13135371
13147791
13208924
13093752
13097007
13467504
13113796
13175210
13557528
15470193
15417517
13149057
13099997
13180054
13229976
13122901
13623251
16976584
15746275
13197009
13138712
14843831
13193647
13132070
13110098
13470648
13131302
13094835
14309330
13144127
13100606
13115781
13176720
13149167
13131322
13099793
13941372
14055109
14821271
15177955
15003131
13961849
16095933
15023708
14514110
19017363
13725869
13129110
13106777
14793240
13159896
13145525
14247680
24482592
18396105
14855687
17038826
13104717
13176364
13145793
13144759
13143273
13220998
13311557
15395918
13545939
15224568
13122749
13187653
14462462
13261784
13304968
13180397
14913151
13171425
13124219
13097945
13127447
13167261
13176426
13115085
13742211
15747089
19341014
15139698
15429708
13136546
16493454
16251680
14268735
14098396
15288406
13106393
20992542
13107095
14447723
18496160
13155116
16136116
13162270
13385588
13164814
13691151
13107415
13170361
13164242
13337799
13161291
13261377
15773814
13329213
15795912
15159371
15921716
14080674
13160542
13145845
13131318
13100021
13684242
13138027
13123279
13116385
13095801
13808964
13139003
13204214
13166829
13162658
13157109
13111152
13103854
13204898
13160049
14354459
13174344
15449332
13836414
13158401
14252331
13132688
13118203
13089911
13259297
13136132
14315210
13159340
13484670
13334025
13330458
13334163
16050554
14604188
13094380
13459865
13122301
15554419
13164154
14700816
13107386
13080653
13164612
15519518
13151402
13134109
13173518
13151570
13190701
13190423
13174858
13168872
13135009
13135882
15385123
24971533
13146591
14624365
13134595
13098136
14540090
13108808
13158355
13159577
13158252
13143957
13127079
13279728
13186996
14966244
16190773
13157704
13139768
13091362
13695815
16922545
13548567
13389933
13100102
13177452
13139307
13134441
13132689
13165626
13134097
13152222
13113413
13177533
13646874
13167418
13169935
13123925
13208903
14441999
13174821
13133112
13148880
13152963
13433278
13105921
17968289
13539871
13098653
13626440
13255998
18898224
13532924
13140339
13117250
13101729
16196580
17850455
15352612
13151044
13111711
14043524
13192885
13142769
14769086
19900496
14404888
13157781
13109821
13112785
13179158
18243613
13113108
13116734
13225940
18092317
14237082
17278432
13150841
13105761
13136610
13708311
13172956
13201911
13099137
13184852
13267847
26735585
13688606
13154635
15351209
13186367
13140026
16298183
13189424
13210023
13104787
13189934
14931284
13156268
13128098
13115897
13107768
13162551
13855607
15772256
13188853
13129171
13141348
13192303
13156546
13142073
13133589
13116386
13103683
13173582
13148758
13179473
14720399
13182524
13189686
13119738
13106438
13108074
13105202
26535352
15634938
15346988
14093643
13118031
13116273
13438384
19206919
16642317
13913039
13115917
15275438
13159874
13163225
13302701
18569164
13125761
26370982
22293589
13123935
13113211
15419562
13549193
13137043
13237374
14580002
13151897
13145419
13119149
13203214
13138204
13127120
13088985
13162886
13137461
16521976
14793425
13541064
13158692
13145102
13103515
13204192
13137888
13111589
13508722
13873832
15412670
13135391
13114930
13108006
13171403
14262940
14210038
16347975
13093431
13189166
13139982
14914760
13129173
13100377
13095130
14263441
18298207
14708513
13361705
13190909
13789015
16950549
14019279
13142653
14757444
13180113
13167917
13158218
13141214
13147611
13184702
13376362
13147079
13125511
13201376
13159551
13122976
13123069
13094120
14345364
13123779
13181121
13172701
15533457
13146405
13109978
17023344
13117365
13188868
13149677
16064819
16573635
17975785
13162754
13127484
13113622
13111109
13977780
16724882
13188689
13241757
13149977
18252628
13162951
13107715
13159559
13183607
13122663
13113512
13179682
13134294
13914229
15112509
13129647
13090470
13241235
14298272
13172692
14790900
13222667
13212099
18396792
13144369
13221222
13508942
13268731
13203517
14152039
13152110
13167918
13119316
13263108
18879845
13311159
13125326
18176421
13116836
13149661
13186441
13157743
13173919
13132945
13116801
14937827
15417980
13179227
13121532
15251031
13159689
13130591
13103143
13195425
13151500
13110392
13097811
13170749
13478985
13182178
13146415
13130190
13099243
13118852
13174310
13150879
15535741
14225981
13171308
16857571
15459480
13113131
22675366
13111223
13370709
13104490
13170979
13150881
15961181
13158019
13116846
18126822
13173436
16516250
13149890
14525523
13131262
13167535
13168906
13139573
13138849
13108271
16650536
13397550
15464129
13134565
13879133
17032327
13601593
13136362
13124853
13177353
13161961
13903630
13359797
13150800
15219295
17005282
13248838
13178783
13154842
13140417
13131834
13116104
13108012
13081587
13178358
14022304
16546244
13130698
13505231
13191324
13171423
13162622
13120278
13103322
13088794
13151861
13165947
13155819
13124568
13151578
13182679
19403973
15397612
16461633
13860572
15582269
14360318
13265391
18359295
13189508
13184909
17960609
13148815
13119075
14349026
13134857
13112056
13113756
13173834
13146601
14535056
13112200
15134383
13547287
13247967
13208177
13387337
13130090
13610293
13171389
13141089
13194343
13115429
13090750
14930969
13253380
13146078
13200539
13110924
13103803
13175744
13141848
13660361
13118690
13119590
13099090
14737510
23217439
15324481
13191252
13793683
15314343
15136373
13112236
13100514
13169156
13347224
15515151
13105717
13174410
18791557
13105369
13195923
13154312
13156689
13133989
16765815
16275693
13134213
13215457
13253886
13105110
13170400
13242259
15123733
13108080
13164818
13133900
14792980
14595339
13171644
13140614
13108502
13132119
13219515
13743583
13176156
13142631
13113201
13151160
13155996
13150209
13110319
13099184
13242027
13126872
13106486
13884120
13105497
13095911
13182108
13196225
13118483
13220340
13271310
13193900
13142700
13107914
13087993
13640362
13170769
16275630
13995477
17690780
13200972
13185195
13170942
13135189
13149663
13115727
13206416
13137428
13247062
13607667
13177100
13165250
13686205
13174964
13143487
13129374
13124102
13092178
13186580
13146508
13140144
13231565
13177147
13152735
13136384
13127109
21442224
13123205
13113536
13175917
13160845
17892852
13155571
13345804
13161291
13253983
18035455
13093076
13174869
15121190
14128790
14163407
16780433
14445423
13136543
13509119
13119720
13104346
13164712
13144186
13113123
13443808
13203867
13183192
13142169
13136439
13439483
13127790
14737763
16335644
13094506
13178124
13128639
16974967
15215549
13107652
13161186
13189854
13107307
13173913
13411002
15408016
13195443
14357976
13504203
23428736
13126250
13092184
13175969
13160603
13119363
19970906
18718422
13198873
13606871
13141940
13162764
13110598
13198595
13159032
13114180
21103450
13105001
13174872
15532211
13142236
13135412
13097900
18962184
13106214
13824574
15514678
13133039
15301550
13155161
13123459
14900736
13148005
13118534
14949947
14027298
14526058
13131981
13515495
13697469
26526687
19075739
13157699
16010246
13159283
13144639
13111030
13140843
13154680
13137335
13182987
13597206
13167686
13115818
13106848
13198002
14410656
13224423
19207776
13133581
16563830
13123886
13090001
13167684
13131399
13103754
15026448
13119216
13171214
13180626
13408086
13155729
14436686
13126929
13153475
13088816
13172250
13158609
13139283
18183937
13099375
13179549
16353051
13103098
13199605
13153703
13122312
13247406
16687041
13332237
13598057
13129832
13093326
16405602
15953114
13157617
23034756
13113817
15240304
17212392
13172222
13105152
13134802
13169778
13145726
13147845
13871138
13175433
13131853
13104762
13167922
13155160
14020130
13159199
13137587
13132391
13121548
13644140
19582138
13126626
13119111
13182603
13386054
13358091
13143465
13129784
14243173
13944088
13121501
13129994
13676365
14407288
13122716
13150221
13108633
13129035
13196375
13182546
13146861
13481431
13146374
13146956
16850580
16554434
13144976
13120134
13290981
13176853
13150725
13147938
13129035
13248861
13172004
13160091
13173816
13150940
13156425
13172563
13789697
13191275
17351203
13115210
13131720
13164168
13124735
13357849
13126671
15649440
13185185
16571211
13160759
13150424
13497792
13357914
16309274
16016010
15020929
13175983
13184352
13878158
17198445
13145681
13097074
13093289
13156936
13165388
13099631
13102042
15504121
13258881
13144437
13488817
13141832
13110904
13365566
13126831
20516490
26461260
13826634
13097453
13201017
13676614
13106063
14928461
15455988
13163745
13290596
13144897
13186253
13193671
13121802
15632398
15544014
13220683
13195241
13118893
13092671
13089501
13192857
13327162
16551728
13212948
13126314
15173137
13202249
13138913
13106939
19238002
13138895
13129819
14778904
17101864
19082883
13183296
13158098
13138645
13126094
13165835
13545093
13143113
15434357
13264514
13139159
13101835
21920998
13496426
15443988
13129704
13194200
13149778
13122367
13103340
13093551
13160546
17165049
13128818
13097199
13160617
14282962
13375529
13126114
13112869
13194823
18199177
13138432
13153444
13168176
13131069
13164397
13093298
13182148
13535348
13166055
13117691
13113853
13106114
13173077
13144898
13111808
13114623
13215329
13170022
13132937
13204212
13306366
13173957
13131853
13118016
22699143
13195150
18935221
13152699
17837937
13123910
13169035
13140942
13188735
13395106
13108451
13169482
20445417
19060177
13156868
13132738
13215331
13104922
13161094
13236017
13117282
13105765
16424730
13138271
14023862
13137668
13128221
13990777
14124977
13805815
17460928
13845171
13164121
13148637
13130288
13096362
20448596
13118954
15352547
14726327
13147763
13103576
13086545
13124686
13198855
13164960
13162272
15028629
13572097
13182771
13124383
13742458
13260287
13146445
13146494
13089546
13080788
13173756
13142027
13136342
13112220
17862347
19136272
13124207
13169266
13538194
13140975
13108609
14761620
13153985
13109245
13105044
17370171
14061377
13096155
14539058
13650386
13286403
13115272
13100608
13097465
14635457
17581239
13594707
13129413
13113600
13168567
13366642
13178116
13155468
13409385
13163241
13606430
16975751
15718497
13104100
18201631
16428228
13185786
13114804
17745724
13228767
15211266
18259901
13160977
16721403
15080301
17728919
14709815
15098125
15541033
13106923
13173112
20732642
13127237
13098582
13103773
13181119
13163640
13142872
13196361
13830955
13323358
13200419
21313067
14103516
13212479
18746293
13170045
13400692
13123661
13188691
14834710
13180501
13138797
13118188
13098016
13170432
13190799
13123464
13108290
13176908
13130106
13107038
13422415
13112693
14954467
15821049
13141352
13466867
13152391
13151475
13096182
15163722
13829927
13689754
13181746
13166783
13111956
13164651
13141591
13112854
13096296
13084183
15809471
14043016
15757842
13323458
13118091
13107158
13180828
13142402
13155738
13163451
13444896
13341355
13137201
13102520
13093354
14086289
13242334
13697233
13182867
13738361
14285554
13150451
13133835
13233706
13182942
13146246
13549405
13155263
13102077
13350696
16318408
14027384
13110313
13098001
13199615
15640375
17738800
15551110
13095968
15249116
13196089
13309114
13140727
13133614
13179997
13256906
13402805
13121081
13092576
13339345
13120228
13204462
13167822
13123860
13485408
13115912
13117151
13172358
13199716
13215327
13171090
13152380
13128992
13106202
13736694
13248455
13181580
13126309
13094114
13194222
13154253
18167988
13100823
13188451
13154814
13692258
13180361
13179422
13116564
14747403
13190486
13120532
13174838
13138013
13152998
13087189
13217413
13129212
13095215
13520483
13177958
14085382
13515567
13253148
13983767
14241937
14657407
22926999
13183342
13148133
13127953
13124475
19537576
13130906
15758723
13137894
13542872
13633687
13169254
13134016
15593864
13113793
14505410
13196312
15955833
15163167
13133943
13093448
13390327
15243635
14280009
13117398
13106291
13101679
13087397
13173288
13418968
13112527
23000132
13737943
16076807
15101956
13174440
15036354
13201462
17205069
13164005
13190381
14248953
15559277
13454078
13102749
13088057
13187399
13152080
13132720
13149639
13092343
13181413
14038308
13238248
13109177
13155216
13182739
13138081
13683197
16664233
13313808
13102472
13173536
13176498
19398708
15872669
13209674
13169232
13144613
14878224
17633915
13154659
13113249
14024867
13822815
13133238
13129218
14247216
15307974
13127219
13124526
15336061
13219688
15499185
15281094
13156845
13091975
13150527
13174188
13136916
13125381
13600868
14335262
19557269
13180593
13205759
13105584
15004833
17554808
13110750
13191196
13165433
14113209
13099668
13169362
13156957
15409483
22806613
13098571
13170978
13136459
13106772
13180336
13149290
13117538
13103058
13852611
14171609
14672874
15693890
13108310
13099808
13173406
20975794
18976390
13186213
13172218
13126054
13187525
13953950
13211581
15322966
13096501
13183343
13149923
13138267
13678623
13245344
17204430
16021263
13536873
13863604
16324201
16662063
14294922
13104682
13477689
13144188
13168851
13135684
13605180
13115870
15356894
17657264
13092428
13897804
13259031
13727738
13460787
13482291
13177884
13200425
13172067
13192983
13161171
13112115
13076769
13153110
13122365
13106308
13172753
13144976
13129777
13106253
13114197
13090785
24832259
31883674
13148036
14033571
13113632
31605303
13102820
13158448
13346261
13209099
13142413
13891570
13143815
13129366
13482300
13123049
13103512
18175345
13432774
13160078
14882069
13180191
16479446
13190426
13120035
13193769
14294365
13188930
13138931
13121715
13126110
13775836
13145523
13121743
13478018
13342219
13660002
13177919
15422658
13177739
