11452
11450
11443
11472
11422
11438
11501
11468
11571
12472
12245
11701
11873
11849
11613
12373
11681
11746
13663
11390
11432
11431
11740
11523
11528
11631
12321
12890
11970
13021
11860
11948
12056
12217
11841
12113
11866
11989
12096
12252
11975
11652
11525
11436
11410
11524
11433
11541
11396
12836
11486
11804
11781
11829
11666
11763
11728
11795
11958
11535
11675
11544
11553
13858
11753
11581
13655
11403
11612
11663
13736
11518
12032
12041
12618
16937
11936
11688
11562
11700
11970
12028
11930
12101
11904
12133
12362
11922
12724
11797
12253
12055
12122
12533
12121
12155
12482
12077
12124
12013
12648
11850
12944
12476
12163
12330
12142
12187
12012
12358
11914
12408
11631
11535
11692
11768
11616
12126
11684
11601
11762
11810
11951
12006
12089
11946
12368
12845
12159
11950
12076
11963
12255
11629
12091
11820
12025
12104
12053
12005
12905
12908
11991
12261
12715
11678
13597
11655
12241
11946
11627
12093
12478
12104
11753
11751
11435
11441
11395
11417
11384
12994
12380
11419
11393
11282
11382
11499
11473
11630
11703
11661
11589
12180
11529
11462
11812
11404
11501
11723
11549
11929
12702
12060
12649
11772
12966
11780
12536
13211
12709
12178
12137
12769
11675
12704
12399
12423
12292
12130
12724
12635
12146
12243
12877
12083
12102
12411
11553
13043
12056
12515
12372
11607
13120
11836
13026
11429
13410
12239
12125
12087
12435
12136
12433
11987
12681
12392
13132
11632
12853
12023
12656
12245
12122
12674
13081
12911
12360
11662
12433
12424
12469
12562
12851
12409
13399
12882
11974
12869
11946
12719
12812
12383
12811
13546
13244
12087
12858
