14998
16146
17171
15003
15373
15051
15123
15164
14993
15778
14929
16203
15065
14946
16577
15114
14940
14821
15047
15403
14902
14850
14972
14843
14825
14794
14839
14999
14814
14785
14794
14816
14889
15546
14857
14867
15214
15114
15634
18051
15147
14984
15301
17618
15075
15100
15052
15149
15168
15228
15201
16715
15175
15954
15128
16672
16074
15320
16472
15054
16268
15137
15054
15019
15691
14814
15019
17604
14880
15046
15660
15637
15771
15309
16503
16055
16579
16232
15675
16030
16723
15338
16199
15429
15881
15681
15073
15622
14918
15445
15747
15552
15168
15855
16076
15812
15701
15695
15650
15808
15550
15571
15572
15630
15883
15665
15470
14859
15101
15533
15434
15922
15286
15310
15843
15295
16073
15239
16519
15631
15864
15499
15888
16995
17322
17381
17803
17769
18763
17443
18273
15947
14795
14817
15836
15281
15713
31272
27508
29389
28583
21760
16596
15857
15866
16078
25639
31116
16529
15471
17176
16003
16332
15806
15887
15867
16062
15582
15100
15370
15753
15894
15644
15540
16138
15703
16084
15271
16130
15443
15999
15615
16795
15872
16261
15457
16188
15982
16081
15796
15468
15812
15857
15566
15807
15460
15685
15736
16618
15477
15614
16114
15513
16030
15793
15512
16080
15962
15849
15953
15825
16122
15781
15159
15757
15757
15773
16089
16628
16250
16018
16164
15514
16536
16814
15815
16231
15487
16679
15921
15372
17328
15557
15351
16640
15782
15803
15364
15495
16275
17218
15834
15119
16421
15690
16140
15959
16185
15987
15158
16584
15264
16292
15613
15666
15810
16365
15392
16371
15797
15325
15685
15967
15865
15804
15450
15461
15913
15248
16010
15314
15682
15440
15980
15449
15846
15332
15616
15526
15534
15745
15177
15578
15590
15925
15323
15701
15480
15398
15365
16116
16251
15390
15739
15349
15611
15713
15436
15378
15924
15137
15767
15678
15575
15494
15756
15807
16680
15637
15307
16904
15624
16094
15522
15450
15738
15597
15628
15758
15378
15604
15176
15835
