13092
14434
13095
13561
13698
13552
13687
13519
14876
13965
14097
14502
13853
13735
14149
14015
14409
14077
13774
13765
14115
13431
13616
14073
14388
14153
14498
14011
14127
13684
13899
13686
14556
14026
13904
13644
14255
13601
15392
14466
13594
15681
14377
13364
13595
14216
14182
14230
14424
15783
13996
14259
14071
14276
16240
16906
14314
14125
15506
13502
14007
14081
14139
14177
13922
14203
14268
15283
14173
14817
14299
14337
13824
13528
14472
13695
15066
14067
14568
13804
14533
15344
14717
13572
14919
14236
13837
14276
15167
14489
14485
15445
14239
13472
14274
14128
13845
13881
14858
14033
14904
14194
14443
14065
13945
14039
14078
14359
14307
13996
14002
14118
15367
14922
13667
13257
13163
13028
14139
14038
13474
13547
13571
14549
13302
13554
13444
13530
14673
13429
13205
13418
13510
13263
13210
13125
13365
13180
13493
13795
13599
14333
13708
14619
13561
14192
14056
14014
13939
14241
14361
13980
14500
13902
14224
13763
13191
13834
13078
14447
13102
13008
13900
13096
13714
13186
13156
13184
14645
14057
14000
14712
14259
13300
14227
14120
13482
13101
14193
13582
13769
13409
15010
13719
14390
13789
14166
14160
14099
14312
14931
14379
13708
13663
13869
13692
15280
14110
13162
13687
14292
13787
14282
13928
14874
15109
14262
14713
14154
14182
14626
14257
13806
14642
13814
14413
13853
14508
14222
13445
14381
14244
15121
14848
14023
14251
14002
14704
14784
14374
14188
14512
13936
14112
14805
16135
14820
14171
14369
14209
14384
13827
13902
13751
14866
14327
13548
14338
13877
14575
14330
14168
14283
13910
14534
14215
15031
13904
13991
15009
15881
