2117
2149
2145
2177
2115
2131
2147
2163
2239
3315
2375
3027
2156
2126
2106
2134
2199
2280
2196
2124
2136
2207
2134
2113
2127
3301
2170
2131
2764
2115
2132
2134
2225
2272
2256
2156
2154
2127
2120
2105
2180
2147
2133
2118
3337
2763
2347
2191
2124
2152
2176
2168
2459
3236
2333
2163
3007
2226
2193
2422
2392
2417
2279
2251
2265
2269
2254
2296
2573
2272
2273
2462
2483
2126
2133
2218
2180
2165
2128
2206
2169
2281
2168
2129
2110
2175
2113
2151
2150
3379
2155
2114
2160
2124
2162
2186
3338
2281
2313
2269
2271
2279
2635
3137
3069
2301
2289
3319
2329
2309
3240
2790
2502
2340
2627
3224
2941
2369
2487
2414
2320
2635
2343
2322
2278
2353
2767
2389
2333
2875
2429
2304
2407
2412
2286
2273
2279
2272
2274
2196
2163
2166
2199
2339
2130
2243
2120
2174
2119
2132
2111
2128
2107
2156
2149
2141
2125
3430
2335
2126
2172
2122
2231
2301
2355
2236
2173
2249
2115
2382
2297
2263
2642
2274
2377
2309
2766
3444
2982
3168
2362
2188
2131
2261
2326
2476
2240
2231
2261
2331
2290
2174
2125
2283
2139
2202
2220
2178
2166
2135
2201
2358
2285
2211
2249
3178
2572
2502
2287
2215
2116
2104
2198
2263
2364
2304
2289
2096
2204
2218
3536
3634
2675
2262
2285
2345
2349
2375
2281
2376
2299
2152
2145
2255
2783
2369
2312
2368
2121
2348
2104
2289
2360
3242
2624
2358
2255
2967
2994
3707
3963
4015
4167
4064
3886
3927
3609
3872
4010
3784
3934
3926
3992
3891
4026
3982
3926
3908
3737
3323
2446
2405
2498
2859
2527
2519
2494
2308
2330
2831
2463
2478
2400
2382
3307
2186
2204
2050
2348
2177
2274
2448
2563
2352
2475
2357
2230
2344
2219
2259
2302
2209
2214
2237
2271
2284
2184
2122
2387
2193
2343
2072
2060
3603
2446
2096
2067
2082
2086
2265
2078
2080
2084
2069
2251
2186
2063
2067
2049
2155
2303
2048
2068
2044
2095
2237
2067
2048
2071
2063
2795
3186
2323
2386
3581
3391
2059
2326
3732
3720
3720
2819
2079
2269
2296
2372
2277
2347
2295
2354
2331
2236
2146
2240
3261
2840
3373
2318
2271
2321
2318
2143
2215
2170
2246
2224
2362
2404
2349
2322
2376
2328
2356
2411
2359
2856
2534
2531
2409
2519
2500
3288
2347
2914
2361
3219
2608
2288
2322
2537
3516
2303
2359
2387
2457
2359
2277
2244
2990
2724
2376
2336
2478
2435
2318
2290
3345
2381
2322
2559
2457
3839
3770
3366
2425
2830
2592
3259
2507
2331
2652
2405
2347
2383
2193
2336
2462
2457
2380
2360
2359
2385
2276
2383
2315
2349
2384
2347
2294
2226
2376
2370
2368
2347
2360
2373
2361
2363
2264
2357
2363
2367
2373
2291
2293
2282
2322
2336
2385
2341
2360
2355
2344
2392
2301
2346
2368
2285
2370
2406
2376
2363
2283
2325
2373
2372
2379
2184
2348
2400
2341
2348
2354
2356
2425
2386
2285
2341
2099
2382
2341
2296
2352
3480
2615
2338
2225
2336
2410
2411
2153
2204
2200
2299
2362
2678
2378
2407
2272
2268
3007
2415
2267
2259
2256
2282
2270
2308
2479
2673
2316
2291
2364
2317
2401
2370
2287
2503
2201
2228
2331
