48
101
104
115
112
113
112
114
111
113
116
113
111
114
110
113
113
113
114
114
114
93
53
53
54
49
52
52
52
49
49
50
49
48
48
48
49
51
50
53
51
50
49
48
51
50
50
48
48
53
48
50
48
53
48
51
49
49
50
50
50
48
50
49
49
49
52
52
54
50
49
50
49
49
48
49
51
50
54
49
53
55
49
51
49
50
49
49
48
49
50
49
50
51
49
49
48
49
49
50
55
53
51
54
49
48
48
48
48
50
49
48
52
50
51
49
49
47
50
48
54
50
50
49
49
51
51
49
50
50
48
48
48
54
51
50
48
49
49
49
50
50
50
49
49
49
48
51
48
51
53
48
52
48
48
53
49
49
52
52
53
53
51
50
48
49
51
48
50
51
49
49
50
50
48
48
49
56
62
62
55
54
48
49
49
49
50
50
48
48
52
50
56
47
47
50
48
48
51
54
49
49
48
50
50
49
50
54
49
48
50
49
51
48
50
48
50
51
49
49
49
52
51
55
52
49
52
49
50
54
53
55
51
50
50
49
49
47
52
51
51
53
53
49
50
53
56
49
52
52
49
52
48
49
50
54
56
52
51
49
49
50
48
50
53
49
52
51
50
51
51
51
50
48
51
53
51
50
49
52
52
49
50
53
49
51
55
51
51
48
49
53
51
51
50
51
50
51
50
52
51
51
48
52
58
51
52
51
52
51
54
49
54
51
53
51
50
50
50
52
50
51
51
49
53
53
52
51
49
49
49
57
54
56
51
49
52
50
48
49
48
50
48
49
49
49
50
54
50
49
49
49
49
54
51
49
51
50
49
49
48
53
48
52
49
51
49
48
52
52
53
50
51
49
51
51
49
49
47
52
49
50
49
50
49
49
50
48
49
48
51
51
53
48
50
51
48
50
49
50
53
51
49
54
51
48
49
48
51
56
54
51
50
53
49
50
50
49
49
48
48
50
50
52
49
49
50
49
52
52
51
52
48
51
51
52
50
48
51
51
51
55
54
48
50
53
51
50
52
53
51
50
50
47
50
50
54
49
49
50
51
50
51
50
52
50
54
54
49
48
50
49
54
50
50
50
48
51
51
49
51
51
49
53
50
50
50
47
47
47
47
47
47
47
47
47
47
47
47
47
47
47
47
47
47
47
47
47
47
47
47
47
47
47
47
47
47
47
47
47
47
47
47
47
47
47
47
47
47
47
47
47
47
47
