2957
3114
2948
3075
2822
2797
2863
3074
2838
2809
2889
3892
3204
3288
3104
3460
3383
3560
3072
3512
3135
3133
3066
3298
3268
3465
3413
3175
3044
3270
3298
3131
3193
3299
3206
4529
4156
3019
2878
2805
3986
2905
2810
2785
2860
3072
2784
2802
3152
3154
2872
2856
2823
2826
2796
2789
2805
2829
2826
2778
2813
2860
2791
2818
2873
2850
2847
2808
2874
4020
2790
2826
2814
3826
2792
2897
2797
3738
2808
2868
2789
2840
2831
2983
2958
2807
2900
3001
2990
3032
2976
2994
2987
2925
2985
2989
2959
2847
2967
2978
3677
2868
2963
2846
2878
2905
2831
2816
2828
3010
2828
2790
2842
2870
2805
2790
2839
2782
2779
2893
2807
2789
2800
2802
2788
2784
2827
3644
2809
2789
2809
2830
2789
2832
2825
3603
2768
2782
2924
2868
4225
4158
2854
2783
2874
2959
2856
2798
2809
3097
2830
2914
2984
3149
2961
2975
3029
2961
3001
2984
2994
2994
2987
2987
2985
2987
3260
2889
2901
4174
2782
2858
2864
2817
2810
2850
3867
3882
2917
3372
3081
3071
3540
3421
3192
3367
3154
3232
3055
3282
3141
3200
3192
3298
3220
3174
3631
3303
3306
3211
3171
3241
3158
3135
3204
3244
3123
3181
3758
3443
3185
2828
3239
3126
3185
3217
3103
3277
3286
2912
3116
2901
3063
4230
2830
2856
2853
2861
2848
3213
3371
2856
2865
2832
2868
4018
2850
2863
3385
3464
3381
2936
2957
2940
2877
2944
2871
2924
2915
2870
2846
2867
2862
2926
2861
2891
2852
2881
2833
4053
2968
2939
2951
2970
2963
3005
2873
2900
2874
2880
2886
2880
2869
2869
2873
2854
2928
2875
2961
3422
2971
2912
2852
3473
2871
2896
2882
4123
2909
3023
2863
2867
2915
4022
3582
3250
3203
3300
3648
3235
3306
3363
3252
3302
3295
3194
3259
3306
3328
4101
3282
3311
3271
3266
3282
3220
3241
3295
3229
3290
3311
3296
3511
3284
3364
3270
