246
243
238
238
238
238
237
238
238
238
238
238
238
449
458
390
381
386
404
388
390
393
382
275
238
238
238
238
238
238
239
238
238
238
238
248
238
238
238
245
246
238
238
238
238
238
238
238
238
238
238
238
242
246
246
255
263
237
237
237
237
237
237
237
237
238
237
238
237
238
237
238
242
379
367
367
367
367
367
367
367
367
367
418
258
239
238
238
238
238
238
238
238
238
238
238
238
238
238
238
250
238
238
238
238
238
238
238
238
238
238
238
238
238
238
238
240
248
238
238
238
238
238
238
238
238
238
238
238
238
238
238
238
247
240
238
238
238
238
238
238
238
244
241
238
238
238
238
238
238
250
238
238
238
238
238
238
238
238
238
238
238
238
238
238
239
284
462
386
389
386
386
384
387
391
386
400
406
407
402
407
399
410
399
411
406
360
245
240
240
240
240
241
240
240
240
240
240
240
240
240
240
240
251
240
240
236
236
236
236
236
236
236
236
236
236
236
236
236
239
251
237
237
237
238
238
237
237
237
238
238
237
237
237
237
237
256
241
236
236
236
236
236
237
236
236
236
236
236
236
236
236
236
238
236
236
236
236
236
236
236
236
236
236
236
236
236
236
236
236
237
236
236
236
237
237
236
237
236
236
236
237
236
237
237
237
239
247
237
236
237
237
237
237
237
237
236
237
236
237
236
236
237
243
242
236
237
236
236
236
237
237
236
237
237
237
237
236
237
237
245
236
236
236
236
237
236
236
236
236
237
249
253
240
236
236
236
252
238
238
239
240
243
244
238
238
243
238
238
238
238
238
239
253
243
238
238
238
238
238
238
238
238
238
238
238
238
238
238
238
