24248872
26535003
29409023
24265686
24245298
24576506
24247937
25091978
24256734
25873678
24193798
24275418
24204099
24229511
24738238
24115617
29500402
27424844
26269612
24197860
24268976
26276207
27748835
26403837
28182029
24176297
24225904
24497860
26079617
26259124
27753897
26156694
27971649
27570034
27082666
28918108
28524458
24175968
25498636
28223684
25457896
27209814
28628448
25020493
26344417
27787372
29310629
30366454
27593430
24495499
25770176
27294166
28069220
24215110
29260633
39444322
25381565
24158074
26342761
26298382
24426571
26876123
24919399
25700039
26699603
25704411
26691145
26078138
30660835
25417212
33804527
24194617
25006603
26869259
28007366
29059619
25633071
26166654
29210076
28028481
24662710
24226661
24545801
25360154
29372374
24215667
24203477
26457315
27217444
26664416
24254344
24225864
24312455
24181836
24215418
24309922
24196294
24170457
24194521
25368362
24162931
24186800
24208649
24180829
25362559
24163831
24451330
24356548
27482979
24866578
25941100
27568269
27181946
26615057
26976205
28751084
30732221
25271133
24409497
27961089
29074963
25338720
32447367
24201178
28696446
27849412
24463337
29954703
25284374
28140003
27291351
29113929
29738207
27990611
29321230
24432651
25488545
28385669
30926147
26656120
26503608
29359070
28644058
25579405
27124845
24726746
26650293
26464906
29388604
28002894
29688764
26881463
26058299
25519471
25635151
26290948
24839118
26504999
27551859
28067818
26837547
27714698
29603480
24204312
24198499
25304768
24780870
28644972
27271400
28787657
28481377
28136126
29938202
29768468
24278827
31138236
28288104
24244027
27950577
26222306
26664105
27764549
31270397
24243917
26867612
34428609
26646888
28029671
28997966
24996299
29053576
27941575
40859606
25228677
26426671
29891787
28638029
27197497
24284796
25613209
28404747
29240130
28054512
25846387
29107337
29933427
26847988
30729427
27658865
28563315
27586374
25375777
28853104
26719420
29453631
25548602
26496015
27931113
28571850
29577827
27928534
29098703
27680094
29374764
29723936
30044528
31822712
25041029
25190061
31490116
26955325
28634548
27503876
29177259
29535206
25073167
25859775
26965101
27143882
30741671
29781164
27594981
28517986
28771956
28396595
26725704
25804324
28183990
29220329
35403253
25634664
38921473
25538183
27527908
24659512
26624082
24539603
25814697
47924193
24350735
25598808
28406560
24446500
24424006
26901426
27451739
24395950
30319008
24841020
28141967
29764935
25858117
24372278
26845381
29967673
28341577
27808081
24803714
24370832
28166603
27599376
30415365
27851714
25309641
27747485
26809851
27479061
27924910
26943954
26964317
28614410
29197878
35172611
24370592
27816031
31152753
24298007
24455915
24297993
28951761
41130920
25725121
28042158
26637727
26660161
25633353
28796578
28478918
26252733
24404178
37321973
25872121
24219231
28021957
24281265
24826023
27476707
27880483
28837750
28444698
29733074
24717570
27508004
26298407
24273106
24319021
26003224
28629963
37367350
24885638
24258843
26175078
31206697
29173897
27524602
31105009
25618123
25850661
26332412
24267876
27801382
32520694
26753323
26099948
28371617
27797327
26002391
25684823
26377032
24298459
27024158
28278697
24243481
29964549
29384495
29890264
27408568
25892261
38805811
25746307
31184508
28650893
27614844
29826061
24919385
26797162
28548232
26762669
25845540
27619579
25466939
27617807
27452898
25628241
25910357
25826442
26140286
26989275
26570152
27771861
29280361
25271466
33305716
28295847
26684410
24577359
24321921
26813386
24260259
31465627
29189859
27132456
31505181
30592705
24380129
25516426
26723714
29827747
28297364
29618920
26268718
24578587
27193609
33789581
29161494
27545349
26011909
26831065
29191859
27821745
24560697
24345734
24476686
24286354
27971041
24294270
24427169
24372359
27232333
24319025
26139620
27630460
27209554
27253037
27434302
30768349
26783938
29491934
26564588
25464327
24839131
26456436
26469609
24821566
26124150
25723584
27725090
26170278
27440134
26756139
33486487
24273710
24273082
28240443
25018407
26590894
28161608
26400942
27044989
29779013
26593946
29608335
29987019
33321200
26464963
24227588
24295271
25010119
27177830
24293602
24511796
28131824
26658080
25551807
32804659
24262902
27631319
24319484
25896010
24561172
24293323
24567477
24717353
25888466
24279655
36802689
25374800
38477985
27376590
26671692
31182170
27096221
29494008
32045457
28045404
29390483
26611983
28552592
24307112
24405942
24675148
27167617
25309828
25499518
25690029
25106046
24601371
27082232
24332772
27954613
27359510
24920978
24277334
25619110
25880163
24860708
26860177
27680207
24444290
24282063
33207234
26493149
25124944
24274268
24576672
25772569
27360005
26590928
28316588
26969720
26617061
25395815
25591368
24296360
31597221
24293080
24424912
25344085
28782254
26472121
27358697
30154391
27529399
24396454
24307574
25327230
29074864
24335705
28408981
27709762
29876486
28124423
24344227
26585685
24357253
29769032
30726308
27579934
28715196
28970877
28619943
27992388
26877768
27571757
27511754
25698152
28204263
27054489
27096493
31717392
24243204
28412646
27592810
24552044
27388729
26237758
30767364
27059660
27419314
24232268
24813402
28664000
26121532
25266148
27256233
28303847
26006876
29483796
29250450
29285157
39769797
28558355
24286141
26538427
28489583
29308498
26548265
26735085
26645428
28250089
25805248
30640092
28564910
27500596
24274337
28209592
24263633
24278276
24489475
26025285
27386801
27987166
28427015
28702466
30827114
27728602
26088447
27754183
28767125
24601419
25724605
28046198
27878112
32565921
26780120
32346736
28696828
24280334
25372081
25455446
24705001
26509685
28739890
33826130
28055516
29683621
26945535
25016089
27150756
27554812
27482211
30170040
26859534
31647588
27574272
24396744
29015125
29321864
27817099
28219281
26634683
27508877
27612136
28305233
26295809
27372083
25770924
24713660
27968640
24281223
28478131
26702530
30138380
30281394
26215922
29065761
27646405
26738484
36490472
31648622
31040743
26667804
24384090
26793678
24813837
29681539
28099508
27122589
31597998
29365844
28021591
28978405
28747970
29984098
30167863
31624407
31831075
30777657
31519692
29648783
28470786
27892532
29226468
31238565
29691949
30527234
28301668
31774594
29349836
30956881
30094263
29545669
28901614
30886939
30620151
31603288
28669546
29823677
28910895
28406159
29761456
31013826
30733097
30396865
32448918
30367198
28839474
31468431
29336346
28834936
28522116
31309127
31387013
34199525
30249678
30892433
29532988
32186387
29617609
32508316
30836463
31473571
31321645
30561572
31935904
30152643
29120957
31472732
30073943
29568299
29646677
29138765
28490378
31424280
31769174
29868207
30006462
31993091
28973457
28764779
30374150
29748895
29976624
34010259
32653702
35744823
31980020
29296339
31704047
27317152
24198146
29987659
26289347
24457643
27788142
29332845
28870246
28239886
26314933
26703472
27468241
26330194
28465619
30146397
29687724
26045989
27964485
27517230
27388280
26133145
27474720
26239547
35668567
26513691
29633594
25593657
26466537
25201894
28491210
27172187
27256554
29373671
25220139
27281903
25274791
26480332
27809448
25399236
25576563
29909096
27907218
27158656
25289253
28835054
33830641
27673287
28229413
27711021
30192339
27545332
25296584
26159221
27714123
27016494
29899342
26508312
30041678
26830513
30013193
29312286
29848847
25796755
28150756
26625655
28582943
28431296
27391059
26234751
26429025
28366443
24959114
26867795
28332886
26699797
28505803
26401093
29614512
29394909
31235896
26609598
26397024
27396247
27668461
25435878
27735347
26492137
25211206
30110052
30836955
33582075
29600334
26086619
29971807
25870793
26595544
27921296
26950501
28998540
27623832
26786398
27647758
28975397
31068704
27357334
28891287
26300448
26477658
26351902
27409200
26538176
34005494
28029722
26064185
36056268
25825938
27752097
26520945
26738375
33451905
27614425
28323884
25557691
28776213
27786115
26180678
26563046
28233402
26171691
26080562
27139009
28893873
26799307
27843377
27495930
27127090
28838178
27690997
26946796
27477282
25394424
26408915
28227278
26014211
26968066
28353993
26022581
26750841
30301517
28717677
26152222
27852983
25521188
27763405
29537897
26236366
25366933
27763936
28847213
27627080
27585251
25040032
28013344
27974350
25807279
25752352
27632699
25343502
27082328
27255751
25145894
27299514
28138236
25460136
26569138
30572314
27574747
28069169
29678305
28222764
28624402
27009101
27476884
26298293
27985978
26709278
28140408
25972974
26476129
29505349
25272087
28257413
25759127
26445607
28354881
26439174
26314852
28135181
29892123
27546342
25025051
27185905
26208807
27277515
25295554
26526743
27372142
25125827
26798966
39059174
29431813
27750941
25188701
28884284
28235785
27409716
25983530
27402427
50167378
29907024
25569066
27664444
30256828
26222905
44132648
28887788
26770921
28311709
32334545
26845681
28395988
25908766
26954399
27179705
26493497
27286299
28991605
27098795
33701481
28605230
29225743
27037837
26722757
27786950
26513395
29311395
29602424
26112901
28100288
26194084
28005537
30444830
25408273
27780386
28108620
25282609
27858466
28239915
25377031
26416400
28053306
25922142
26874051
29267030
25083366
26708644
27915369
31662583
25992297
25434563
29151755
27718287
27210688
29841421
26494398
29920320
30966808
27517618
27224391
27296400
30926106
30127756
26031590
27153077
26846918
28710480
27732579
29262728
25892500
29320170
24306608
24333311
28400620
29670273
30371196
30565519
28543285
29115844
27515001
26360118
28967260
26991000
26415742
29374384
30139119
26996962
29717726
32003319
28487343
28579943
29917910
27869294
29776473
29754150
27620477
26579755
30477452
29055479
29385890
28257992
28607173
30000672
30531050
27728339
29071077
31092391
30278512
28811350
33756212
30306356
28706226
28743843
28455763
29272385
32166845
30896874
30364935
30632538
30241784
34965213
30698452
32621775
28107749
30593314
31533056
29118018
32168077
28594015
26800134
28287738
31041739
28588714
28432195
29803401
28484069
31355966
30951192
33193883
27373856
30501926
31923092
30242107
28469393
26473434
30161688
31290135
29752290
30410209
30898617
27822764
30546114
32890630
32069775
29861364
30244476
31677360
29373402
31410192
28082108
31780310
30149845
28911920
32223404
33849356
32032546
32007698
27841996
29494335
31971079
28263468
29375503
32015712
30219255
30257953
30158733
31925522
31608373
31879544
32300328
29781092
30593377
31343149
33464506
30076280
29237936
28334766
30909599
26792080
27839219
32118306
29777275
28944441
32110294
36427727
33526634
31599951
29657952
30191387
28809265
32429906
30411548
31307057
28640195
33031198
36870037
28427250
30196361
30809763
31462273
31092679
30679182
27543425
27495849
25222200
33339360
25415684
25310652
29025194
28448777
28732820
25925537
25871985
27048452
29302416
26924412
25763147
27837034
28969214
29649393
24535103
25656483
25439993
25621180
28970144
26795210
29457533
26628135
26391357
25928779
28931297
25982076
25572783
25094087
26484737
25775628
29540076
31107857
30542269
34153436
34669823
36406411
32416156
30192088
35363412
29745217
31106522
30099334
28311436
30702894
30041740
31354139
29666545
31851497
29486694
32715070
29948648
31334899
32003347
30919328
31412844
31595917
37367846
37159171
29755932
30142381
29783713
31935114
31743014
30877974
31635707
32977208
29038916
30658505
30887914
29640353
31858940
31639063
31228693
31785042
30855890
32162775
33134634
30761900
28852413
32207417
31747889
29044949
30720013
31197310
31907232
29854250
30232656
29570127
30425683
30663599
30402123
30355394
28628254
28766186
25695688
27385499
32683048
25155942
27501315
31594204
26185605
26415675
31896063
29159237
31768287
30010224
29771889
29897281
30238100
27847227
27473170
29384530
28581473
32587842
32228690
32274637
27616286
30552214
28524297
29313401
27187024
29916234
29304709
29763021
25686003
28254137
29887885
30264132
29106890
27235252
25970403
31120953
30036522
27599496
29954017
25519242
31360865
31344962
30885392
27877858
31339655
29382912
30562922
30970745
29100961
27806715
27713510
30255243
27168115
29392396
28394056
27696354
30224807
30040034
27234350
26247843
27184501
32908815
29538819
27056393
30103228
29409681
28416622
28614501
29679857
28224643
26001688
27263423
28833924
26522862
30149318
33536791
36101348
27951568
29479817
25457902
27358886
29770113
26032786
27827886
29884577
28512004
31404076
28042316
26865038
29963606
30746798
29686739
29868832
27279005
30319904
30163275
26741108
25959885
29372381
25824810
30139094
26992696
27252337
29157137
29623232
27616584
28798886
28191284
28567230
28364595
28906839
30412033
25471093
27332409
31888242
26887423
26852170
29393349
29795764
29553361
30216286
27614330
30188860
29715574
25606553
29874118
27223458
29263273
27979258
28069870
28345494
30704761
29903453
25621367
29256677
29802628
32295457
30006458
28873494
26806849
27495280
29889929
28946549
27095325
28350482
30202659
25879234
29333740
29378719
30140301
25545636
27405885
30570339
31573819
29282476
28832836
29774834
28035323
29470387
30080036
29552971
32178354
29309552
29890242
27205398
27970479
26022494
26801911
28124823
25978842
31366221
30006149
28900907
27188387
28799144
28031463
26892962
30333346
29225094
31246148
26579194
26963690
27591001
29488782
27197129
27090678
30549660
33922029
27914146
30841389
27844154
30498465
32349074
28391167
27312244
28207290
31231860
28876599
31604631
28498557
26898154
31755406
27583660
29178251
32876490
27450676
30725309
26311138
30514860
26185681
31990997
29201739
28314110
26244507
29910429
30671836
35034228
31675426
26231229
28666723
26521666
30243619
31186303
29840783
27471820
29256081
28256317
29387347
31209012
32053745
29465395
30094698
28894529
25491365
28387172
29399358
28424480
30587147
28396175
28401758
29703281
25505850
27154096
29654694
27572694
29798501
27391225
29484159
30861996
25891141
28737264
26385921
27252381
29251846
31314646
28300468
26256415
26379561
29321468
31876266
28534751
29716105
26448783
30418093
28219718
28493832
29766124
26319674
27022621
28881056
26234786
30307855
25337323
30714626
29655765
28252724
31709092
34421766
35066801
29328104
31424433
30768347
28261250
28261505
25162930
28485923
30987622
29968994
26229403
29993984
32107727
27579965
28403749
27240083
30778826
29670524
26411546
47059450
25249778
29485782
25501643
33130234
31953620
29379490
26164860
30251837
25714128
27776462
29270029
25917167
29286227
26927326
28659946
29061139
28358127
27835777
28591369
25783824
28507818
29685355
25829467
30023401
31476230
31057748
30298785
28270312
30500311
26123610
27123486
29256451
27892733
28791394
26232985
28268881
27907443
30915505
26860172
26108422
27486889
26200982
26692162
26334673
31973121
29066900
27807199
30635891
27247986
27005459
25926036
27964584
28100865
26253770
25435066
29364289
29387437
26150386
27248335
28857948
31093583
27173284
27563711
26018487
28350301
29330265
28816178
27123960
28689262
27678456
29619795
25608033
30041211
28935989
35461479
29903107
31252461
26336489
29555843
32131014
31623366
28962009
26956863
31456646
26226943
32136748
25712433
31494072
29514174
28373292
30119592
30083487
30316485
26205304
27440311
28410860
28038650
30782269
24826305
28138693
29335250
26847958
27331305
28281289
27180686
28275250
31246580
26927081
26639531
29991081
30426884
29336932
26935614
27123639
27575171
28502579
27840800
29916412
26228713
26690938
30637023
25640485
28510392
31205869
30093917
25810076
30962102
31279227
28561719
25820345
26423059
30555789
30571852
33319811
30271144
28826574
25882045
28023720
31404441
30849069
26347992
30371522
32852060
31040348
31124813
31421674
26769512
26700212
26823956
28548288
31650391
30255993
30680335
25505275
30132296
26970390
27572163
28533860
30448803
27858833
27909448
30864196
27938042
30053380
26982691
26072485
24444253
27706837
29686983
25997616
27603858
29301862
26425171
31572029
28430157
29237364
29092913
27009482
29683446
26547944
32795423
31954201
29873827
30569546
25846076
33370885
30494656
31948587
25591822
26566160
30963955
30410691
30395202
25574630
26400280
30315107
29404631
31323649
32683862
28832757
27742053
36091942
27664061
29940897
25125735
30203105
29374737
26191910
29978607
27888226
26447584
29180875
26243403
28175922
27438052
28989866
29915482
28760247
38510782
28457273
29847399
27064976
28967311
28308532
28590687
29763397
31220709
29862485
26634690
30134540
28421717
26859235
31292601
29779443
29876068
32310456
30365093
26982309
26860988
30139757
28281063
30689847
27698419
31295312
25897796
28510129
27354000
27221610
31506081
25549333
26693845
29274822
28784984
29511403
29502325
29108609
26865672
28427159
28360878
30669682
24941614
26478109
31432190
25541874
27120411
27607951
25882023
31473863
32057888
28724881
29852881
31202183
36756411
28116377
29752586
27230966
31296326
32217499
27342686
26277138
27543316
32221871
28118606
29059420
26585087
29701161
30406159
29495777
30887992
30778272
30045811
30198348
27121476
31628631
25433047
25378369
31867133
31423720
29074392
27328755
31371479
29904216
31600870
29824648
29000284
25731582
28888310
25623810
26723243
28362949
29706642
29399496
29167665
29330754
27806687
31759209
25891202
30415127
27645131
25495521
27597645
27557069
25561256
29712106
31271809
30082349
27741815
30926561
25995805
28640259
27987007
27114331
29487039
27124955
26381572
28243377
26633559
29972453
27105916
29236890
29395522
30653947
28047130
31875382
24358683
27025980
30537024
26406967
27949610
28604993
25500830
28235519
25583308
26105796
32000936
24681168
27413963
32717738
25796008
28789967
30407755
27705616
28538772
28001445
29524741
27127588
29792783
28149641
28713480
28757828
32360636
30486771
28983833
30999392
28348377
29225042
28296854
25183331
26726889
28626780
29705251
28029972
28072635
27256954
28267718
30168349
26022340
31552410
28481074
29272772
29648046
25193668
26840001
31315935
27428704
27700821
35638122
26908910
30614069
27738216
29825679
29477602
26302770
27420357
29244487
24698913
30957431
25098129
28056639
28843888
25222813
28388136
30167814
28030401
28128502
29670290
24939442
26432077
29155507
26461114
29717017
27387084
27882841
29721294
30892901
31717081
29534245
27783489
27839100
27670792
30219014
31156606
28119034
28679272
25329859
29726946
28867470
31659963
26859711
30209894
31510595
30193233
29617984
30191999
29752403
32505393
26256943
27858785
27138176
26809788
30281420
28264643
27866958
25410222
27486818
29060670
27234114
27225118
26695079
28420179
27837265
27695047
25743407
26650327
29378645
28208708
27147153
32323056
28968367
26818726
28469518
29788775
30776443
30027393
29195902
28859687
25096230
28246400
28337706
30528470
27149813
32237438
29024594
29188534
30174327
24903568
27978299
27755331
26598396
28191585
29197462
24811702
30604451
28679835
25470079
28883991
26247437
25156745
26782208
27397655
29801490
27409231
26649841
29213785
28577211
28623499
26061845
27451173
29178159
27686207
28910243
34600465
28556950
33467232
29876927
29015849
41704605
26533693
30579746
29506537
31386457
26802005
30157018
28176730
26840641
28298781
30009988
33021310
28155499
30109229
29395155
26848892
29190005
26746500
35752961
32740043
28679304
30120628
26138565
28139631
27045798
24547622
26699997
28872722
26549268
27079638
29849363
27323142
28438507
28212990
30657951
31800007
26873491
28481700
27984164
26120133
30453800
27238951
28465830
31194613
26623260
24338147
24216556
25750003
24201966
24316563
27630521
24262893
26527317
24134708
24640961
24208927
24214212
24198590
24214409
24152290
24951142
24163009
34129627
24250702
24556509
24277622
26856666
27287051
28017685
27561793
26455020
28483893
25765163
29451149
28165928
28803141
25726990
31187853
25643640
27511665
24948769
29088989
28558060
31075818
29110000
29157445
24534877
28039659
24821516
27039064
28937636
30220187
24495555
26686810
29079694
25393069
31155049
27458238
25196240
25710197
25710776
27075685
24832845
27125636
26342145
30016338
24562974
25841022
29206877
25265266
28632859
24442434
28492254
28570943
25740630
27828464
24684329
28151999
24816502
25805684
25428321
26080681
27380592
24605997
30073085
29519545
25342547
27594283
28296856
25869109
30088760
25398014
25449834
25067223
24831686
25509547
27188298
25528090
28639516
27633508
29017404
26023591
28071122
24580782
28358123
28410359
27465307
27429534
24455017
25459279
27784065
25682936
27332906
25274547
29202723
26042301
25653502
24562373
24635453
24960106
29233783
28262554
25675930
26688000
24447219
29600412
26060848
29505580
30822600
25113629
28358612
24685042
28758636
25388695
33777993
24165379
26575594
25780245
24587824
29116709
25159434
26951173
26292343
26958334
26655448
28660699
26215723
29707789
24437668
28519658
24508416
26452022
26073547
26122037
26655842
27473765
29687034
24729841
24450477
27928928
24783301
27186409
24930267
25772001
29089529
25185743
28637243
24454680
28898768
29460275
27241399
25850172
27941070
25781246
25713264
30061673
27172483
29099174
26212164
26948582
29608491
26292640
27779690
30012560
28122524
29409875
29140257
26305439
24498214
29233409
28475984
36199654
28498602
27658632
28496898
31216201
26765266
27027378
26078347
24651262
28248381
25184748
27134926
24700865
25810801
28025215
25026331
28795625
28406442
24790943
26533027
25017958
25641186
26688189
29010834
29755003
34224653
29072987
26694247
27760045
27229668
29514983
28675536
25935244
27748545
27525595
28689037
24600613
28832609
28679076
25509353
24984247
29357382
25477144
26247656
24640054
27732191
27920573
31064124
27573930
28117226
25900304
28720750
27021282
26328447
28666803
24555862
27932968
25999277
25023615
26015230
30425515
26321381
28375825
24469695
28837866
24210647
25887032
24580357
26761763
28303080
27880243
26322164
25463900
24714485
28883095
28353204
25023371
25897040
29261734
25144097
28673420
26442461
26153564
26511588
24895741
26171527
24709547
27331468
27674109
24566379
26723801
27434034
27764117
25638917
29449010
25550005
27028969
27311131
30826189
24502589
26580432
29903784
25008133
28107285
28002912
24212792
27238346
25161527
24680047
29965084
25539749
27055249
24619552
25838026
27187046
25454926
24896149
26912271
29639644
25236313
26355649
28129258
26252767
26785904
27866195
29224668
25962214
26179644
28167116
31551107
26711180
26189982
26314090
26601731
27001782
24792617
27340733
30342494
30124953
26702851
25793518
27143955
27579327
24439807
29145677
24206390
27278592
24659081
25241147
27308082
26784777
26661895
25019489
26297359
25422440
34053937
25001941
28790013
24574771
29115524
25460750
32301356
24187587
33010692
24485238
27282212
27659112
27172628
28691991
30162491
27600805
27574797
30060015
29181799
24489641
27125247
26007016
29561807
30075132
25620508
27714710
30223769
28212244
24510220
27022249
25533125
24545759
27327772
32232230
26236413
29861674
24728579
24729678
26884096
26422297
28522171
24762406
28172070
24195976
25570191
26506525
26126299
25048065
29236127
26454281
28340928
25659782
28756435
29695283
24448030
27211689
27256397
28536989
24968728
28171465
28670492
25772416
28921071
25833606
26106302
25901927
24865868
24890064
27773830
26362816
25364909
29260497
24511253
26787942
26007052
26639542
27502028
25886615
28187772
26007328
26402067
26957838
26864299
28805085
24486891
26679218
26449148
27539287
26669214
24580130
27634470
26523752
29082777
24440936
27618976
25288384
25011060
28752703
26500569
37160055
24612016
24364783
28559448
24588767
28329549
28235429
25651145
32005110
27222016
28548617
25742544
25839657
25480815
28581808
29958672
25710715
24889196
25145356
26837844
28266576
25060762
29194953
28232081
25729176
28818134
24533338
26599420
25419156
25535394
24175600
26702815
28005847
25553750
29251304
24664998
27078866
29271404
26199056
24787277
25398535
24609471
27450580
26887454
27000289
26715664
28143420
24707686
28912804
26207939
26521187
29802749
27520795
24635959
28650338
31966809
24144609
24483219
28698296
24923011
34735886
34369388
24490584
25731146
26130440
25607187
25751184
26423804
26711122
25949869
26283492
25985815
28868788
25773828
25315259
30012277
29988193
27538384
26819516
24964650
24598773
25956500
25789104
24667240
25735777
25246760
24898936
29245830
24957743
25363798
28133790
29202834
24813760
26533159
29622424
24220335
29077962
24620513
26460403
27581265
25956115
43952747
25062909
24198765
24522199
25191263
24158164
27348565
29566133
27254822
24186841
24183610
32128604
26767904
26141895
25068847
27380683
26146896
27560046
25520597
28270859
36618528
25541285
28460246
44471724
24662338
24885729
28575142
26177188
24992072
24534886
28950237
28224497
29576333
28748911
25366272
25852755
29454457
26090398
27726384
24606022
29369844
24423193
29976334
29228384
27270595
28858192
26613992
24828328
25443772
27565860
28961703
28369542
24150063
29178498
25257167
27034991
27906995
28797468
29136636
30164894
28448688
48933867
24236712
24837469
24323782
30554152
27757925
24364064
26023321
26970427
24710577
29054519
29521128
28348913
25506961
24743836
27699401
25540555
25757557
24769001
27405150
24675528
30600377
24173439
26341632
24150131
24161355
28372819
28192025
27324090
24257331
25873817
25675443
26635698
24172636
28627784
38037782
41830696
24178787
26375528
27290526
24229435
24213438
24208624
28814809
24602271
24735102
24109405
28539613
24410821
27240145
29431021
25053720
29148275
27108112
27991143
28415704
46924109
24226973
24128217
26356704
37313321
24972379
26079122
24215340
24425982
27079790
24197889
27391132
25499452
27740979
24364968
26037241
29088249
26565943
28049637
30085701
25065481
28968223
28164473
31349172
27783735
28828950
26631578
26382964
26270302
24731812
24724787
29118798
26895818
24660218
30429203
27042712
24741680
26278980
25877564
26816113
26880115
25092600
26151813
26421548
26112257
26540646
30618888
28432991
27273059
24707195
29576133
29172825
27648952
27103507
24498934
25901244
27548588
28077654
27070552
27458009
24792820
25174026
24630911
27084088
24450138
28555229
29321185
26514176
25654174
29076978
27682877
31070067
26880205
26005324
24243003
27977310
24792810
26855570
28724961
24322275
27398574
24882069
25049140
28939377
34306200
24217300
26711185
24216983
24203662
33287457
25801086
24775946
24195776
35168346
26344072
27792083
28174861
24656320
34320819
24325041
24205842
27339141
24179462
26140126
25132668
28528065
26659142
27570857
25097561
28124609
26441689
25778256
25230457
37886791
24169998
25008098
25973927
24473103
27067829
28416938
27190787
24539481
28855996
29242084
27216256
29213096
25782360
25970887
28751993
26334043
24418514
27300502
26065457
27824769
24714895
25086001
28589303
25026379
29414001
27979916
28587398
26808087
26482745
26582503
27902818
24482333
25399534
28946498
26723853
25785169
26300203
24611994
28355642
24509308
25786780
26055792
26420885
27541373
24392276
26024361
26700755
24659412
25792629
25504180
28055257
29314013
29250274
27388601
28003989
29656831
26771848
24224291
28906136
24539822
26887206
29212220
32389185
27863700
27484681
27235849
25887684
27287018
28523194
27400260
26112235
26829159
29894433
25653682
27845803
29876673
29167176
26050528
25394466
25913014
25216736
30483529
29988537
28876026
24465384
28628795
29528058
24225498
27158903
26124276
26322383
25027485
28219364
25909008
28103291
28397753
28624444
30533011
28830571
29410562
27205455
33566725
30652329
29420375
24156450
26720673
26866631
24660933
24532115
25611588
27687572
26379817
27079130
28048217
25540293
29438939
29687887
28986142
27145842
28923310
25652760
29307409
26348451
24219463
26931934
28444798
28558424
24218584
28018405
24158823
25318090
27014917
29485011
28596392
24159856
28522541
26222223
28898474
26010555
26502818
27120785
24184836
24814578
24169768
27213229
25086285
31963914
25068060
24252349
24390324
30906672
24240544
29078485
27415425
28648317
25907765
28206553
24477123
26480726
24497964
29133808
28405924
24213030
25283166
26462918
28839029
28779717
29901877
29010628
26761911
26322764
29523692
25229652
27305326
24814422
29183499
28625244
28543009
27655443
25183222
27811974
25465458
29450802
26293176
27157065
24542913
29211830
31782705
28174654
37964662
24191273
26730466
29455825
27389111
24475110
27239431
29065666
29782451
26992716
26591433
28519346
26332646
24493646
29162539
25567464
27882542
28730914
29076661
24358535
29748247
27788067
24889804
26263709
31155575
26445640
27950583
26407200
25022658
26665641
29336655
34166933
24460255
25089169
24468784
28268581
28150441
27777937
28210743
27247832
25915902
31256973
24691731
25904667
27325821
29381386
29354012
25299697
24148443
24267792
26350827
24199146
24909597
25103925
29618996
27167098
24413303
30766653
29074273
28891844
28367863
27938131
29769766
28115163
29085637
25206655
25021693
25446045
28217193
28993196
26783096
29273241
26324097
29600941
24975688
27970071
25732990
28166308
25132092
29154005
30491637
25348720
26367856
28979891
24521504
25482990
26938689
24217178
29627758
27201131
24862067
25706940
31967321
28814301
26073525
29841500
39016012
30999167
24217928
27372231
28227795
28403611
28195176
26051217
25523424
24275015
28367640
28941348
29056483
24805091
29295939
29401749
24569864
29208067
25395173
25620153
25068757
33765871
24225193
27718875
27575539
29568502
24160173
26809461
24240351
24582618
24807506
27469006
24172710
24189135
26862071
24201358
24552346
26471168
35689262
24685592
34341119
24214860
24474691
24207247
28014361
28450807
24232238
36499863
24153453
24177102
24205949
24183338
24190284
25854613
27419815
24204144
25338174
24244332
28171950
24265229
24614499
25048286
24736906
24201079
24573811
24200193
24203502
24224381
27882233
45786635
24232209
25760015
24214533
24204918
26140993
27581438
30103737
26612574
30839224
24150530
24150205
24162295
24170217
25743234
27774651
28086953
29437952
39322071
24168664
32465502
24131823
24135961
24877688
25410253
25107934
33799205
24207119
24196000
24589744
25146767
24139913
24149152
24171185
29636813
24177742
25377609
24801917
24187814
24993120
27208084
25948126
24191016
26940745
29050064
25341697
26388853
25241263
47524297
24211917
25149883
29638385
29728089
29396169
28255138
36111656
25554230
24193763
29484534
24175442
24376113
24371048
25410583
24178995
29542348
25447541
25500699
29287954
29844559
28543505
28061329
26547373
29707915
24455675
27553264
25812787
27870948
25518982
27186059
29679667
28594223
29857531
26708969
29012025
27182612
28690974
27968190
29346379
29511443
30175711
24433132
28465955
28919170
26006489
26776037
27919905
25630286
27212730
28999059
27675598
29155213
29487774
24679895
28879029
26570281
27308027
27955141
27605712
24521220
29782888
37391486
24154664
28532859
25015510
29668726
28790951
26333570
25455035
24407182
28952680
24578629
29056407
28249571
29606515
29687333
27396633
29251438
24167399
24761167
24185105
25120695
29450964
29187663
29756874
30157327
24263627
26134538
27037146
28202271
24506456
28621623
26244597
25783757
27408463
24739000
28080073
27996008
33206181
24478313
26997240
26281206
30585374
28212884
24741606
28566206
29179211
29771822
25390028
24150433
25059352
25319119
26021087
24782952
27355175
27477231
29158407
24295379
26157081
36446420
24201655
25210977
24510754
30043422
29610553
27736443
29674180
26928203
26413973
24472142
28802590
28109948
27995459
29178177
28946675
25059867
28381286
29475552
29046036
29062095
26225368
29264111
30037655
28995094
25443086
25602097
27522794
28348582
28725555
30956772
26352129
29630804
24180684
26246253
25840043
28758893
28581150
29845288
28405351
24430430
29168677
26348618
27818637
28457660
28474717
24190185
27566024
28560628
25110880
25504779
26586562
26067584
29257542
29397030
27555154
45108942
29055203
24160075
26297123
24148211
24159285
24190863
25327707
27562653
24604377
29239271
27527549
26117136
29429130
26227747
25309327
25422781
28326370
24509635
29523376
28922579
30809311
29951910
27521967
27526015
25300688
24207720
27538479
27938265
24181194
28853205
29352044
31647690
24938390
29696753
28519528
28432597
25369023
27812458
26197602
27447989
28588875
26870897
26043636
27353895
27809271
29560891
26839026
29154469
24617895
29498991
28267621
27216749
25522447
24240580
25939893
24562153
27962500
30711303
29059469
28755222
29349517
27631183
24253040
27253391
29474269
27611242
28828826
31668730
27143604
26350640
27542616
29392863
28890900
34242864
24168464
24886711
24124920
25762860
24275436
24215884
26328484
24475252
33840053
24257724
26646801
30993332
27895471
24220990
24957877
25143979
24187885
24198385
25210109
27810713
27790979
24159674
25690353
24635402
24195315
25597004
28521982
28330559
30053769
30038399
24216032
26057009
28556572
29372538
24264102
24200191
24200412
27508668
27414422
28344312
24201848
25029863
26797371
29483133
25560635
30472077
25026289
28296042
25713279
24679373
38519782
24373174
24186699
24635613
24202705
28723096
24998208
24150827
24210440
25090537
24840976
25513184
27912627
26416087
28609002
43439996
25474793
25030742
27145850
24162198
24154500
28466439
24308761
24990091
24939744
27878764
24183798
26639001
25952475
28063892
48910448
24144293
24458730
24779109
24194724
24489658
24256999
26568405
25965274
32019697
28537535
25782187
24483344
24202192
29480144
24179563
24439610
24210999
24208883
24210128
25323157
24176329
24182907
24198117
24607148
24171386
27076601
24215579
24841178
24231460
28281798
24217048
24618122
25948323
24196147
24591710
24254197
24192796
30551125
25662857
25992330
24159011
31914930
26743088
26449857
24174664
24514327
26084878
25766648
29402717
31178515
24249516
26687357
24137338
24178889
24169267
24181260
29347057
24157718
25519203
29257491
28931246
24151286
24150907
25633928
25261574
24688978
27172647
24153257
24991438
24203042
24693427
24215163
31061834
24183269
24332613
25204278
27814312
26145570
28216258
24210780
24239103
24547203
24198748
24305435
24604029
25159215
24135782
24158584
24185531
24178147
29075611
26626232
28569570
28386800
24940691
24252536
24180146
24210643
24205271
26382562
24174932
24762786
28919282
24209957
24232428
24830428
24177460
29271962
24168700
24562750
24639465
27460607
27261427
24181068
24181744
24176870
24733049
26403825
30823516
24155981
29045660
30181511
25043383
24202492
24181667
25110938
24499800
24195632
24162849
28289863
24160717
24203410
24153431
30920914
25876846
24153218
24171814
29429447
24185655
24226534
26420365
24207830
24184731
31863932
26695636
28709135
24129432
27475782
24193031
24184717
24483444
24266448
24342612
29342144
24162119
26805722
25474845
24222555
24202508
29528175
32433875
24104336
24214994
27033167
27681838
26378329
27815062
24189637
24895906
24547638
24201797
25900172
28404768
25925772
24145737
24183786
24403722
43215155
24155093
24181084
24200311
28278506
24486329
26729229
26910337
24262908
26056450
26759649
26533578
26772204
25858657
27941160
24183114
24198939
25410665
28496492
27514819
28873010
24210227
28665260
27666372
28013761
26861246
26987440
26445524
28392000
29816721
24195919
25835428
27571676
32736220
24267405
25119876
25689060
25949369
24202254
24233483
25699084
28979210
24233140
26680775
29116703
25889930
25743713
26735861
29399994
25869195
27025308
24974117
26772474
25729616
25964953
31855610
27583380
27798692
28228513
29613365
25930722
33288733
24671239
27979734
29262181
26263418
29424549
25138271
28055735
28156267
26176556
27877217
25545589
25465319
28204544
25343848
29269850
27492630
26980902
28039665
24785191
27757812
27983150
26407125
26405694
28395846
27961458
26584581
28066110
28471980
27077281
24879345
27852811
33043237
24997733
26676569
25901722
28357977
27305687
46794900
25974032
30427065
25970764
27604909
27315155
26426240
26831831
25830488
29124117
30529891
24949951
24932713
27272598
28167516
26087882
26237370
27516880
27040099
27647455
29084317
27790285
29004178
26499481
28629709
26069589
25978012
28946757
25325209
26682719
28733478
25012120
27268719
26100683
27898737
26192564
27824940
27865790
28058633
25759821
29042069
26932934
27246805
24755553
27079331
26773388
24805625
25985795
26738796
26293081
26355392
28413202
27600933
26420298
25819765
27372573
27845207
25961354
26815708
27006691
28405396
25738149
29375070
29171777
24818415
26696875
28699184
25716882
27114937
28933741
29167106
25866852
26157268
29024732
28664357
25225116
27664916
28495463
27295093
24651538
27611494
30453363
27745275
25967399
25240493
29993837
26060286
27017684
28378647
27172090
26318419
28797129
26240861
29820334
27947548
28225847
26748505
27908128
27681355
26204636
27903923
27571367
25714857
26915259
26279440
30260527
26997396
28450859
27195583
28016111
26922675
27578812
27232022
27290039
28237352
25080788
32033572
27345892
27700610
25204205
28735468
27005469
28650842
30349580
24384189
27441747
28955351
27191962
25669991
29357526
26001052
31223105
24928134
28038623
27874797
26312784
27461954
37151874
25521200
28554787
24338147
26566589
27348713
25359066
26909992
27379741
26929526
26939679
25356102
26892824
32581128
26563310
27669135
25726827
25535204
26274127
26012244
32082673
27816312
28326957
28438370
25875112
27061918
27878986
25882184
25450016
27040239
29002712
26849870
30975228
26865577
26466487
34064845
26289662
27294451
25232385
24752524
28330359
29179678
28448837
28121265
25760290
28183453
25500063
28923578
30188667
26070467
26048525
26278493
28120918
26256053
26834911
25197398
25168595
27398898
32425602
27467204
26719629
25245246
25830224
27187934
24857855
26162731
29500067
25981599
28716488
24964153
27072069
24921270
28432720
28487817
24824841
26714782
28034949
25801886
25534618
27276586
25250881
28947142
28013348
26465517
26396112
27557996
26378172
25297675
25975219
28984445
25377875
25553864
28971245
26450036
29937265
25565584
29192863
29569917
25242437
25085361
27181735
26424924
26515533
27486332
25412778
27508734
27527347
26808415
26529212
28014614
27325159
28315210
30636304
45729076
33143797
25890638
29425082
28050155
25474970
25039064
27864231
25285453
25418055
28380229
24711932
28728802
25544423
27097876
28584983
29625907
26837527
29365637
24443145
29048916
27506777
28565749
27533403
30398093
27455057
28045288
40845376
27581840
27972965
25169367
26772624
25776335
27784269
26978232
28344763
27061785
26705616
25379768
26586398
26419896
26385505
30628103
29035939
25179077
26442727
27437660
26152316
26667148
27301789
44355027
24844972
25605142
27479552
28141224
26527237
28090160
25905241
26871938
27294434
24682582
30832066
27656574
30249342
28456360
28429063
24899097
30829149
25402378
26877748
27784008
28398838
27816405
25888954
25532053
26196826
26288844
27151118
26114270
25498508
28538675
27050126
28101230
25778376
28545512
26754869
27705133
29022800
24878750
26585589
28692866
28744201
26392074
27920039
25267168
27117740
28469924
24937743
26460913
27288416
24720595
26370281
26811904
35549213
25215941
27298732
25320735
26879149
29247132
26639441
28245011
26637642
26222589
27972092
27984457
27465398
26138351
26408740
28627824
25192792
27269241
27427473
27164854
27625298
25704205
26234276
28956035
25151806
27846181
28434689
29756559
25808353
27096170
24876546
26947369
26338540
28370312
27041107
25440207
28164370
26118107
27188799
28702631
30078823
28588440
27541325
25913670
28804531
28012443
29345043
27852593
25426889
26873673
28073276
26942108
27727411
26371136
29228704
29019813
25630554
25355936
30086326
25536607
26956158
27313023
29263086
27659649
28550996
24604257
27978840
25202848
26089367
26986883
26399750
26779632
34694762
25972085
27454843
25921720
26372035
25232706
25982174
27374456
29645171
26382141
26412643
29847774
28055355
27589756
26849455
25107773
24864438
27268818
28741026
27951219
26632672
24375185
25620469
27843059
27967546
28251273
26529511
29573523
25925679
26179991
26908233
31823450
27654171
27288314
25128925
26769151
29072440
24926452
28520200
28302648
27443339
26259281
27953037
24312322
28199314
34461278
26023538
26452444
27133994
27814672
25260648
27500996
28266542
25022727
34076559
28172090
29328989
24487586
26692928
26813191
27592600
24867438
27759113
25809026
26049421
28949322
27254572
24875921
27088573
27529194
25404314
26211354
28708731
25576249
25942061
28419225
26589371
28661919
26685440
27835866
28293146
26311923
29187688
26668992
26218941
28553060
25513924
25492551
27942803
26738414
26473133
30029779
24526364
26198815
27034225
27386097
31747574
27734316
27689781
26688336
30045037
28322669
28003694
25761755
27457971
26855428
26599729
26650715
25726067
26730224
30894649
26162861
28729580
39277505
29049016
29664971
27647570
27187594
24895408
26553459
50199029
27210314
26549150
28188936
25553212
26503488
29023662
25376475
30792208
25695565
28248031
30530169
28761137
29230062
30835870
29166199
30287900
27019409
27659586
28152896
27151566
27137397
25177169
28855814
26037533
30147396
28410549
27947182
26956632
29176650
29243811
31069009
29784832
28314083
25933724
29471364
28607745
25811742
27669054
27183890
25636040
26344167
30062318
28346353
27912460
30760443
32442626
28428753
27945224
29495444
27603865
28228781
27999781
25954852
27925940
28583443
31575601
29561518
29217230
26617305
30597330
27426447
27914547
28130277
27163855
27098557
30741600
28466323
28472279
30485802
27845718
28843766
29731006
25934962
26081998
27263980
28279229
27804252
26406429
34383769
28130877
28553878
26927465
28625063
30617454
30137136
26464250
29122370
25777542
26167799
28900283
26438276
28098442
26428415
27246867
28846348
26289805
31257019
28484320
27084905
30766863
28163410
28392394
30729562
28583691
25509624
30367137
27772540
27684272
28294135
31126698
29347796
32233971
29923886
30182779
33041434
30900862
30385601
30630909
26966566
31921025
27052193
27770747
25912106
28078125
26662998
28060445
29089329
27539196
24654626
28758398
27879569
25569637
27213908
28787525
27709502
30380484
29048576
30633105
26746874
27751791
27835622
27848737
30015018
26214839
27399385
27731413
25957486
29663249
30201466
26401052
30362882
27788166
26185533
25545191
26290182
29282915
26216155
28878450
29037899
25605107
26817138
27554213
30275028
26067523
30983135
26342753
28931336
27045684
28484414
30403333
25966370
29703401
27501747
25740465
30278442
27176254
28090906
26749779
30191119
25156086
29783343
27875230
25305233
28321300
28331288
27476038
28086291
26148224
27481963
28272871
27744210
25432285
28527276
31302270
26096040
26115036
29425937
29893785
29314366
35352019
28182863
28100922
26329684
26953444
30793854
28120812
31405495
28877021
27221277
27089973
26867295
29850781
27416925
25931108
29297876
27134760
26899582
28770423
32403718
29417196
27514497
25445940
29089570
28772074
28882323
27262538
27287213
27845797
31220820
28943424
24833977
27307232
29899169
26856454
28455062
25951638
25878312
29315010
27581771
25484236
29582412
28021552
34521485
25076860
30305096
25980577
27427652
25992978
29400187
32080945
27597383
25238050
28992123
27240973
25911464
28369601
26600513
26255501
29767944
29138158
26262377
28735053
26233451
28891839
26378806
27232729
27194103
27676746
28948518
28077226
28461485
25707161
30472447
28812727
26180113
26323160
26543810
25820468
28562722
28947870
34560514
27540037
28592430
27599388
32625429
26757772
29194242
25839649
28598958
27755438
26248779
25566845
26947657
27489103
30120994
27099735
27872286
25951553
25542112
28096036
30007002
29117577
28018563
26176111
26348364
27524047
28451722
30838582
29193996
28295455
25020944
28360005
28526833
25031159
26347758
30201245
27218054
31899098
29293054
29727371
27301259
30692037
28595166
29455623
26529268
26431622
29263546
34720784
29240713
26500813
30697084
29460161
26592857
35075722
31053732
31389253
30513303
28164831
27394341
28802320
27308439
27917259
28177206
28965826
30951568
29886064
30880302
27640842
28199850
30805433
27572825
27809547
28222181
27647976
28479133
25709304
30877771
28254241
27048929
28154010
27229619
30628092
26681287
33698139
26061071
28131044
29863136
26985542
29789116
27081643
29422505
27213698
29300129
27741372
25245641
25635053
29970149
28442133
25974949
27995368
27180162
25463463
28340524
28994383
30354868
28539972
28012617
28318140
28004746
30283760
29941291
25844603
29438098
27969883
26060507
29808616
28748133
28869171
29653461
26393855
30118651
28834973
29652549
29529870
27052894
25262033
27482130
26784607
29793678
27846086
28249496
30263472
25609287
26930609
27103129
29762299
29205213
25883877
29348548
27357736
28680216
31134870
28146993
25705579
28333579
29097787
28500119
25496173
25883930
28387458
28476813
27454426
31212243
27808050
29345160
30099387
30000961
26791948
26774746
24403340
31692172
30917098
28244336
27673429
27262517
27903352
29834685
29075832
26092991
28365545
28453945
28345752
26165118
28886498
28472129
27883239
30322472
25854901
29795212
27226743
28966034
29997739
30925056
28672160
38577530
27241805
29707537
27069477
30954377
26298463
30315075
26685719
29507509
28452620
26546610
26219113
37787317
27634492
27216743
27420721
27172189
30980485
29456485
28625947
28911870
29992609
39443458
29093134
28921742
27678225
27683738
27454639
26177475
28888013
27943821
26930704
29247814
30834580
26286086
30038196
30620572
29310215
27702394
31545108
28250095
31029558
28174646
25209257
29652100
28152961
26924336
25645413
25422335
29209466
29858272
26467178
27767860
29438094
25958429
29259120
30685578
27108008
27416484
26876753
28451630
30623708
25741479
29399090
24707475
28589776
31037441
30363347
26782801
29320570
26889574
29746198
29926912
26455717
30882747
25781665
27416817
31152863
26760653
30753094
24410023
27282424
26273827
29193704
28864848
28578225
28888626
27895955
29546438
28845479
24977544
29817440
28364461
27004585
25719411
27384345
29478444
26540729
27544296
28978999
25435180
27142593
24800603
33036350
28714654
26259513
28057928
27708427
26442419
29217591
32928137
26668738
25766230
29268590
25589156
29080565
25584428
28993671
25936077
28049988
27876580
25185282
28576245
27151329
29904434
25963456
26584949
25433945
27380035
30179419
27851661
28639226
27769692
27729785
30203963
27294089
28991156
25804608
26446849
27079756
25333726
28418508
29219654
27492781
26730315
29022565
27315094
26041373
28441317
25148969
28549291
30358240
26646464
25908198
27158204
25100591
27566221
25576521
25691646
28814374
25438428
28041689
30040157
26720346
29390528
25529997
27545411
25096778
27904181
27368492
25843799
25693279
28330079
24733473
25956596
25752988
28439314
24656706
27675050
25131886
25576366
29069227
26768477
26030091
28718773
26836266
26839894
24911101
25743120
31233284
25017672
27698848
27994769
25116124
38641068
28185606
27552018
25118704
25309129
29863336
26332707
27923323
26479401
26591224
25719647
25537273
26623230
25516435
25490388
28168532
25934569
26759204
28584447
27929497
26166182
27006407
27666326
29434119
26355585
27979833
27192676
24650168
26052946
29051360
26449832
27048372
24921457
26535066
26808468
33095406
25682132
32155504
31053662
27997559
32439983
29765151
27992026
26234067
25834215
28700644
30651487
30296028
28406916
28101970
26706784
26863074
27460847
26810699
27084225
29900587
30298802
29295542
29172360
25069686
30649235
28573844
26125808
27561279
24843218
28296491
27413787
25390129
26233665
26797133
24739378
25770438
27332153
25015909
27560956
36518337
30721346
27851388
28208375
24626182
27741252
27075504
28632866
27347185
28091253
26600688
25378474
25539940
29150239
24330987
27785046
28452217
25353548
26144339
30141045
29342025
39660085
25455952
27832332
24774712
27137166
37921762
33215365
26621947
28894994
27207103
27979365
25041896
25796544
26232568
26228158
26244296
28286483
29163627
31619071
29169268
26909082
29312406
26409480
28606254
35187494
29287785
28251360
25363388
30063552
26631634
42497609
26642123
28178256
25390300
27021930
27207743
25155646
25414917
26392218
26168399
27565017
25371281
26628824
32438035
25237487
26576587
29857072
24617523
28677917
28879285
27437400
30736258
29736034
28134387
27310032
26288120
27996565
24895183
26938214
28269054
28376092
25853660
27828032
28428203
24733909
25479021
27381735
25255484
26969585
30261581
27504326
27033473
24338248
29626472
26872562
25002536
25472925
28162844
27276626
28199038
28298599
31868029
26494217
26870092
27737712
26576335
27458494
26016697
27507815
29192301
27936222
25231582
26396888
27891167
25676351
25591217
28950401
26152829
26652665
25384984
27561972
26957617
26878284
27669925
24492347
26261863
24945251
26101889
29332637
24847440
28417236
26748936
26201732
29014399
27649861
28177474
25087792
26900296
26751551
25319405
26413855
27207022
24511949
28179759
28830175
24349867
25603923
26802202
24810980
25751382
27540681
24319931
29615723
25755751
25676550
25167222
27366954
26752846
26045389
28858397
26531383
29861942
25405309
28039757
26776433
26956083
26586806
28247020
41608976
24404025
27062333
26825148
25655212
27639649
34760834
27896691
25983457
27497511
26084077
28879421
24936115
31518756
25672270
26765614
25716342
26073432
28589187
25778985
27748195
25549442
27200164
26214103
26079245
27826023
24795942
29655693
27467834
33386166
27927193
26625227
25707657
26366657
28464375
24702581
27917709
26308031
26854628
25302747
26500273
25369219
27710402
24736026
26460702
27761208
33579624
29890596
26774796
28263734
25629845
25720673
26428700
30493326
27733743
27047721
25691591
27738206
25392264
27137151
28248509
25328115
26583416
25514580
25142398
26219702
29137695
26576292
29918157
24978805
26326076
25619683
25674582
29067909
30251478
28187976
27219347
26000142
27109172
29116110
29518771
26951815
27702626
26587606
26219794
29973598
26395619
25429812
25040754
26784566
24956238
28634111
26279199
24903113
27080137
27796836
27086343
25485436
26566053
25918868
27057784
27525347
28244351
25880589
28072962
25916099
25735011
27227901
26022864
28234050
25433653
27249804
25219427
25751308
25973307
27136417
27501190
30206740
24440222
27140033
26655551
26802490
26202536
28987252
24802312
26230317
28487207
26318281
27438949
27112841
28851532
26770163
24826309
25992812
28498582
25574408
29589409
28822489
27385641
27536094
25834629
24261772
26114400
27088320
29734985
27238533
28413882
36810966
24946689
25900022
27431186
31662140
27477787
28239191
41419755
25280761
25526696
27034983
27809027
27169480
25301166
28131664
28372808
25058065
26211271
27732906
25928865
26721060
29188975
40078356
25884048
28902477
24235465
27657362
27332211
25475856
25709123
27390171
30351088
26422583
26189754
26737082
28213226
27570581
26628255
26817032
28008774
26535799
26359279
28545331
29106509
28078560
25999807
25949260
27025737
28098567
27176748
25382863
27736989
26282437
26218251
30220068
28048002
27590851
25485030
25699610
28783676
25408017
27782507
25747686
27731114
26949627
28755669
26001475
29650838
36943522
26233977
28302263
25347026
25837484
28098935
25524651
27342784
27021195
33836836
27435980
28156993
40818803
25683239
28124509
27333976
26445766
25378570
26837919
25459484
26918972
28012532
27679234
24500503
28317232
26523152
28564498
28764162
32112952
25575977
27795304
24717944
25764357
27066715
25400588
26585100
25806296
25949936
27012653
27542994
25552867
26057077
27606731
26502247
26160479
27734322
25464725
26755194
25413117
25166715
28264241
25014316
26900526
27152361
25220754
25771460
26794229
26551062
26990975
30778234
24856286
26991076
25141736
25606085
26353295
24759362
25583590
27352660
25039946
26127614
28024403
24707918
27253476
25257216
28072494
26688679
27328399
26811001
26639923
26927446
29643892
26843426
27644790
25797904
26746555
25301218
25724189
26815238
26855024
26985372
26443342
27763098
28698975
26818813
28991794
27008152
27329782
25188106
26687217
25191995
26032139
27043651
31721625
27463772
27274589
27443310
25484714
28591321
26444614
26670617
24817528
30192588
28256504
27468673
25811985
28006452
27484523
29293709
37070609
32133879
28665682
27999762
26644209
29215958
26230992
28326179
24948570
26578494
25314652
27939773
27363709
27089912
27809192
25221838
26579879
28769599
26385472
27199497
25884495
26622501
26410900
26742608
26512867
28606222
29605377
28373330
28515053
24721853
27208719
28145136
25564494
28022221
26473411
26398402
27682051
25279815
28179016
27893121
25504548
25041845
26560082
24955163
27893247
28275463
34693781
25030354
27438360
28983189
25803674
27524231
27647266
25426832
25819714
28057829
24653710
26153184
28808739
24745047
27912694
27740038
24612991
25696071
27070731
25988245
28463260
25271703
26287241
26858940
26290247
27615846
29167982
25177433
26064876
27652850
24811224
27614551
26211183
28151569
29213275
26116931
25136869
26709611
25099161
25015473
27479788
26050306
27787809
34759024
25402410
28895900
25858718
25630296
26885792
25473374
26578823
28551094
24980915
31384388
26905472
36751839
24625288
29481780
26275204
27554263
26620798
29403733
29861193
26941740
25673679
25858784
25990338
30361963
24614799
28956728
26068566
26564890
24977849
26433887
26068191
27242514
28031000
24640454
25776727
27908993
26890959
27579543
26378877
26421334
26807123
24896908
25562582
26916941
34024487
28977886
26509826
29585805
26666100
26546323
26465213
25121084
27178873
27540268
29386382
24975470
26925099
26705753
24449559
27306727
25597408
25922107
27541380
28615950
24841072
27838958
27951048
28130694
26368074
25505261
29652916
26449646
26722932
29537168
27568308
30474781
27602047
27878788
28704495
27767576
29386022
28839151
28295407
25466549
26642588
38207900
25522638
28024605
26624169
26613519
27483495
25594918
27058368
25720341
25812885
28846331
26403875
27538510
25148078
29664859
26465668
42249915
26684555
25662963
28001100
26815072
25642955
27299953
26278084
27376089
25954063
25604195
28028071
26010510
25770294
25175680
25536566
27276479
27931795
29167240
26474662
30782086
28498368
26960874
27436864
27171272
25819710
26236610
24777307
27146746
27659178
27567960
28159903
34312787
26757319
25061573
55787911
28035534
24611624
25934042
25455389
26884067
26597850
25158362
25732348
27546050
26496174
26078920
25937949
27632617
26443582
28548764
27389294
28951431
24486950
27546680
25827049
28100124
29553995
27081188
45743072
26094388
27474154
27498096
26329103
26784036
27442892
26227013
27558728
25027300
24934707
28444920
30100590
30048671
27848795
27516370
27064708
26882519
28435402
52790865
25850075
25301484
26231831
25566245
30284953
26551880
27730781
28537513
27608622
28878117
24514815
27807069
28227743
29077772
26438152
28090140
27157101
26240474
27409121
26768979
27003371
25893510
26023304
28655788
26082195
28014787
25579630
27426524
27456024
26791267
28578065
27762758
25185087
27671038
27238872
25172792
25039257
28538835
26597582
27931309
27463256
26547432
27242654
40215587
25066629
26313101
27968795
25371576
29663193
24574295
26098596
26958784
26423567
25447915
28758362
27326363
29270231
25377981
26725626
27088679
24885548
27241329
25203244
25735944
27362069
27212163
28227853
26457210
25556519
26803664
27741490
26602199
30516076
26783616
28144287
26820891
25026519
27960258
24733239
25456595
27005130
26613604
26174038
27975653
26403339
27675992
24413459
25133952
27542846
25159507
28383022
26754829
24913068
26740129
26546227
26917899
26738371
28298173
47043893
25108112
26752956
27347629
25116193
25673243
26299202
24901116
26025096
27742536
29623934
25415251
30000000
30794426
27417331
27981480
38383556
25818423
27276054
25852732
28114085
28812800
27241360
26706207
29456551
26225113
30270488
25240493
30384585
26511320
25362435
26738547
25222244
29356775
26646230
28155806
24757160
25125456
27859489
24981351
26120437
27292870
25718095
41265091
31446330
25100354
27117434
34494823
26848459
28331215
28586647
26955522
26182248
25977711
25766016
28161181
25002045
25331859
27237466
25104026
25979716
26419327
27155341
25912428
27300419
27114315
28025473
25367739
26615277
31020988
26342070
28536743
29182033
24887669
26460039
28334845
28364629
25003942
26012904
30447400
24740918
28803253
28121466
25263719
26035515
25944978
27270531
25742712
34186027
26366704
29473758
24919090
27148144
27768162
26080457
27629607
27282401
26661753
27461539
26078845
28286178
25609510
25967429
26788655
28899093
26151170
27699128
24154004
27373844
27111183
24526640
26240931
27334054
25787842
26320073
28185222
29621997
25951465
27237432
34996741
25868916
27125825
25850494
25253085
29159637
30634770
27690211
33085061
25976292
28243737
28097154
25558648
28755627
26964261
28221245
26212064
27969951
27416517
27662806
26465808
25579274
27502522
28977621
27032458
25327082
27908916
28005237
28036556
26020321
28318799
25982608
26739076
27382987
25916623
26817334
27945091
26781519
25201961
27347723
26240323
26493553
27552299
25771381
31249188
26166684
26843360
25718694
26794207
28115350
25830068
25868308
29760987
25401017
28231367
26455353
27213316
26598534
27652402
26931046
25934220
26343423
27583855
26032874
29707472
29343793
27655312
29167506
25962203
30077747
30531144
26361658
28249904
25706364
29023556
28477887
26253896
28864227
26246240
27321269
26843444
27865313
26262163
31015351
27149781
28706896
25303564
28675075
25133548
26641823
36286104
26728403
25358767
32357114
25250960
30456626
26798864
26167871
27827761
25631337
27369974
25521405
26692981
28661761
26387534
27404299
29038445
28287535
26481798
27370746
30208823
27596114
25063240
25449350
27447361
25051355
27057233
26828854
25083036
25684855
26712670
25528937
26284241
27264207
29924241
25967212
26000475
27923970
27010784
28758013
26526067
28800137
24648772
27455013
25009576
27041293
46149927
24170932
27464070
27280158
26034672
28976983
26689124
28050254
28845093
28807724
27045932
25924405
26841811
26167623
27058492
25269000
28058062
26936746
25857388
47401175
24556702
27066211
25854826
26190907
25377003
29819165
34515417
30265990
26230915
28487414
25463742
27789970
25740969
26592893
29372509
30828787
26871272
33364291
25300298
26183535
26527047
26970223
24818268
25829647
27702043
24679338
36696932
30038090
27370877
26783609
25605542
28079805
25792264
26080899
26575540
25083232
27620600
24861824
27354681
28053128
28925475
25206886
30614921
26060080
27484744
25999004
26514166
27094316
25547946
26576960
26696938
26706209
29468069
26704543
28436310
26350025
26314786
27216694
24683081
25727221
29048504
28776245
26923095
25893126
25251103
27461178
25119063
25671191
26841226
26880427
28107491
27322998
25264243
28185070
26858914
24357410
27875269
26587815
28645904
27939306
25910119
28911080
33754687
26643575
29655574
29262012
26671402
29135106
28253160
26587490
29337971
26076306
29120563
28940035
25825920
25123765
26132512
28098216
26625251
27371719
25654240
26161283
24796117
26209814
27269078
37065405
24734932
26365198
29557825
27682151
25207589
30651557
26207858
27810799
27260841
27025868
27538949
26071061
25601528
28710779
26034605
26998648
26910181
26939191
28584424
26857651
28383333
27445661
27695448
28180222
27461592
25167876
26238717
27976711
27416222
27576634
26353304
24572159
26243232
26795500
24613497
28782892
31624330
46787845
34442214
25798837
26357063
25077757
27892633
27817741
26579177
27139866
26027131
28674084
30028101
26013928
26868310
31045017
26184364
28314499
24893763
27238746
28470967
24653031
25870741
27336950
30255826
26355142
28380417
27871754
26097462
26928846
38790446
31516895
26304148
27153102
25184451
27257823
25581676
26554442
26344402
24977697
27930500
31238238
27344027
26293840
25403802
25705079
26894189
36943174
28110818
25708938
27162283
27964524
26466917
25861666
34037447
33140847
28801870
25954017
27056965
24815903
28178727
24437785
28583740
26324803
27592522
27708166
27838483
25469773
26688312
27848438
24738596
25339911
27654270
26257994
27488161
24986857
28033389
29362735
26054667
26137698
29220018
26658521
25827390
28404421
30552902
26701618
26811338
24934597
27684274
40314670
28022681
25489792
27520962
27372069
27956201
24946002
35338180
29587779
29864759
27347803
26705412
26998307
29329016
24542499
29057726
26856855
24914543
28502596
27811347
25200214
27574828
44909010
25712392
25436905
26051155
29022764
28199350
25633156
27307053
26656657
28638820
24968005
26823595
27299411
30218104
29811655
25986299
27467689
27553401
28807324
25766626
26465120
26040959
28189753
26380601
27279086
27231439
26373041
33059804
25701072
25474879
28151746
25598048
24858579
27110001
29055608
28977623
28212157
25006855
25414586
29299385
25381405
28984089
26524485
32451496
25143767
27063593
34406927
24896391
29111867
26586761
26782972
27853081
24699310
27414290
29121670
29359562
26263980
26386098
28775384
27073357
28072824
36603064
25954679
26716442
27806192
25324082
28795887
26780573
27180780
30603478
27063193
28108975
26496809
26906050
25942400
27692555
27623892
25957606
26923610
27088474
28003668
25415697
26067102
26513115
29158921
27811087
25763465
27155993
26479440
28117578
26522424
25369017
26138460
28613485
27962604
29896071
26849542
27955794
27645481
27731212
25468539
25269971
27286175
27996437
25925851
27228267
26265657
27810560
26842430
26347142
27728230
25638772
26284220
26001976
27487379
33281631
25187350
25459442
25778767
28948215
26917325
27416271
24434386
24714686
27308438
28111836
26979891
27688985
26772468
26141801
27404684
26707431
25325220
27707395
27405487
26579458
25201345
27620873
31326082
26184805
27983577
27908268
27744749
28585111
26860943
28083582
24740976
27423344
27653251
24752953
30277951
25785601
30286088
27305882
26485723
27532105
26282242
26987499
24701802
26473358
26967233
28589230
26123504
28147822
25436846
26618424
25440811
27487804
26648042
25459968
25333744
37714398
25960149
29372909
26254784
29044998
28759904
27312057
25807367
26657087
25870626
29335130
26655482
27720383
27543125
24901287
28646775
27808658
25356138
25681650
26681334
27712370
28997316
28174577
27181716
26391249
26450613
25275690
28165332
31201667
31766099
26809842
26756809
25751289
25617826
28409296
27901971
28383046
28376496
24544743
25663342
29036796
29542819
26213373
28735503
25753141
26970651
25096010
28353882
27651583
27271498
24853316
26717007
27465782
26178724
27180695
26831752
28811955
28659617
31985108
26570513
31087940
25074396
25993215
26630576
28274281
28271283
25993061
25670365
34548757
25402816
27556729
24786005
25519614
29165108
28730327
30503959
27221537
26170627
25902516
27871484
26643613
27769351
25430118
25396516
26173787
27696938
27323483
24504006
26964813
29455331
26724395
27859778
25354573
27677187
26995125
24828887
25604676
27235463
32246785
28312964
29678850
29862702
28857054
26706481
24858206
26051106
27026451
26342270
28761865
27438960
26480526
28050167
27350450
27171302
29035330
26184076
27325304
25429915
25363111
27606601
25203031
28371277
26898183
27343121
26429165
26574188
28095477
26068785
26721673
25341243
27704193
29486437
28791035
29028793
25142360
25649141
27069957
26641623
25785862
27239790
29652825
25502001
28786480
27177154
43466014
28097231
26261495
28523439
30620521
29289476
26730291
25482073
39408340
29796148
27643416
27536535
25655533
25885379
26357217
26490451
28208198
25253381
28000895
24635890
27176604
26709713
24730962
26537673
46202620
25255313
26399140
28119886
25678443
30067984
26824710
35902845
27522887
26550927
26914213
24379678
28752206
27878512
25448245
26640331
26861618
29315378
26176235
28550466
25804996
26985056
27681660
26339655
27549062
28859350
27706384
26110500
28668764
26712776
30027836
26470864
27861829
26674032
26357171
24998894
28406589
30402279
30573262
29150069
24922792
26039533
27599589
30410196
25108911
32101269
31694627
25322066
27816389
29857967
26047204
25235771
25210374
25390263
27218173
26563243
30147643
27937628
27292413
25519063
27420764
26164868
27149247
27225198
27192647
25273997
27318330
29341311
29482519
28072539
28318733
28221324
24612708
27167798
27899371
27254776
27577422
25487398
25536675
27338147
26090377
28536355
26256276
25877008
27249580
24810198
26572520
25862852
28698666
30150952
26769147
25361294
27838196
32135509
26446650
24964838
27294512
27770346
26800032
46304422
25089533
26214595
30280193
27511382
64759014
28913790
26386187
27665521
27114114
25342476
26667444
37075476
26096992
28315219
25050635
25972529
27107197
27429829
30528832
27166429
28543992
26856289
25938474
26881729
25419162
31363924
27277143
28462098
28654170
26914491
27216018
25159204
26870346
27479735
26567424
28439383
29180869
26098158
35011952
27777025
26902409
27562376
26975890
26618454
26886643
24499377
25482844
31055893
29535305
27568293
31376892
25308191
28202551
27388676
27140110
24652465
26865580
27444875
24809349
25855397
28401823
24981744
27029143
27280660
29243212
26080990
25270850
26789051
25545091
30226241
26799278
29754770
26051576
26211912
27684528
26715802
29145400
28615348
24976900
26158052
27829349
25182725
27715301
25116591
27962421
28644797
25256886
27078720
25696726
26123110
29456907
28346261
26469717
27107208
25120536
25263898
27035795
29467092
50851446
25127381
26334711
26985384
25793604
26257384
25333419
28541469
26606456
28463061
30774799
26218085
49049612
25800188
25636619
27287644
37249747
25928935
39196043
27196719
25765612
28401752
27324302
27769545
27617035
25586566
24811309
25382137
28278038
27667583
29688616
25097973
27083379
26744857
29166637
27198267
25328816
27304647
26035421
26659821
24668684
26880779
25569873
27945714
27711729
26856147
25356658
26571823
28457764
25808099
28755968
28255705
29064620
28427854
25675313
29754814
30001530
26216861
26826733
27269761
28198208
27686628
26209759
25459795
26992589
25598696
28002760
27035228
25954518
26158399
25235771
30716954
27062114
29159758
27170430
28823102
24752017
28484081
25254895
24584763
27068265
29501386
25651720
28493908
27280718
27653056
25611660
25485579
26184297
28492519
38373930
24590936
26069976
27871622
28519660
30422856
29269793
26525292
27405787
25896708
29155653
29922756
27344672
29991378
26226156
26976058
27144449
27800039
26310502
25609627
26211408
27406718
24704546
26800477
27941639
27720242
25842159
32130213
25474140
26011163
26093681
28424475
26806106
27657163
26593606
28027886
27521130
30382448
26760943
25255242
27597087
25366471
28140310
27419372
25744268
25577920
26468500
24733418
28766018
26795224
25456338
25692071
24939347
26414970
24699177
27918113
26733109
25853463
26698949
25837768
26252962
30671529
27419076
27261500
26646194
25926105
27854090
26326078
27886245
28801087
27104576
26747835
24726408
25560652
29441480
27080948
25836382
25357658
27346461
31251060
27091337
25205312
25711547
28109904
25789846
30763578
28729187
27904073
24619587
25042185
30927880
28244554
27863310
26742280
27587980
28005464
26349578
29104599
26444959
28319679
27328200
28473059
26930426
28688684
27819616
27598179
24931908
26235747
27768030
24893783
27393310
26710444
30263821
27413784
27573638
24814829
28216278
29596594
25905600
26099796
27893890
26275561
28213390
26473218
29684452
26440926
40127191
27776141
25997640
26483334
27308170
28539475
27561824
28422828
27080976
25847866
27060670
26828825
26059434
29205270
27051172
28792032
29245468
26108678
26801368
26530050
25508301
27760625
26371154
26736915
27352750
27150435
29837976
28659001
33041809
25568286
27689177
24449148
26402278
25978615
26940016
28791647
30530595
27391352
25279221
28623619
31706123
27625339
28526270
26688636
27744261
29884713
28751859
27909093
26033361
27239353
26327263
28625709
26128895
27557417
25757808
26963848
25715820
27508374
41335913
27574352
27746160
27822754
28665000
28269111
29159871
30315456
25583718
26331573
27356723
27855609
25062801
32749775
28108899
25610422
26943083
25492728
26092031
27089260
27639294
27316790
26314594
27213420
28284218
26767496
28873309
25843318
26163806
27271309
26284598
25204051
26968697
26304007
27827614
26126549
27526913
25953275
26095298
26187099
27482203
27731378
28196750
27141843
25420568
24851659
27427400
28019658
25611461
26169375
29336318
26828049
25569388
29350439
27918128
26491570
24654986
25611927
28883585
26097396
25633650
29699262
28353429
26455803
27294938
29268496
26025064
27229469
31810864
30628262
25715663
26651639
26106078
27534514
24716331
26569574
25295800
25657150
27863759
27773104
27876448
25419410
27532077
24993402
26346562
28385537
28545936
33001825
28117166
26431718
28622916
26345945
27486191
25356258
27747945
24656334
25549385
28270354
24882313
25985377
28412401
26061060
29896588
27262915
26333412
27860564
28000887
26226314
28014858
27456942
25394172
29611054
30639102
29525159
27644747
45417948
29256809
26003557
27487762
26355176
26764741
28969027
39551164
27105839
28185601
26567385
27878943
28794799
25820766
25281362
29039742
29638903
27145369
28727775
25053833
27606179
25305991
28338573
28716787
30291426
27235342
26148929
25826284
27150866
24851974
26791069
27310656
25394131
25534801
30009596
26312215
27637640
26999446
29034236
30315428
27865366
26297893
27125236
26906699
27063414
36262555
40756897
25991730
25084262
27374713
25850540
27619454
25738410
26010108
25711412
24674480
25894846
26727313
26634337
27153769
25814862
27120169
29084969
24949752
25657188
26872391
26445260
28873169
26910701
28369943
28820671
26823383
39820552
27274416
29984277
31974053
26664842
25743756
27255653
27586937
29333154
28207618
25664683
26858686
24826566
26861604
28869590
25128581
26327966
28778572
29659025
29325796
27820991
25337924
28490668
26983586
31866194
48091907
48086243
42370937
27470032
26504016
28857725
27139616
27814733
24212646
29952636
25336004
24146257
43486583
27853644
24343502
24218442
25550822
24213684
24964924
35803724
24215665
24357799
25919055
26252150
29947901
28424043
26144831
28147499
28047533
28502662
29435931
28615627
24711062
28421138
25533550
24208876
24242445
24208113
24678416
25152518
24254683
25429579
24193174
24164078
24507648
27216786
24194524
25872348
37676649
24175990
24206069
26305515
24171020
25634300
24142127
25716326
28825751
24132398
36178490
24121011
24684071
26181976
26529496
26458429
29039560
27751648
28668240
28223088
28680344
27216110
28151019
28160322
24215408
24589809
24201508
49192352
25172667
24287118
24261006
24176327
25671719
24175457
24173998
24147437
26656677
24187118
24163463
25544667
25677503
24137762
24185718
31516050
24212551
24871307
24428093
24355949
24403886
25209273
24168218
24165225
24171799
27151831
24200721
25886646
24157240
26236482
24301168
24247575
25028928
24354757
24198359
31012450
26289221
24180809
24173086
26820507
26173865
27353591
24177449
26520583
25089361
29870039
28521935
24228819
24197611
24463461
24156659
24353903
26341837
26881530
27126807
24262208
24179612
26821588
24217527
29742226
24245524
24183350
34653582
24188721
24809724
24148239
33885564
26218458
24143147
28749571
24234255
24663015
25547905
27919517
24188619
25747018
24473332
26601033
28110593
24187385
29189797
24144614
24151209
25600605
24189575
28676974
24220991
24244143
25269520
24710481
24171940
27402616
24170427
25879488
29601516
24399867
24207123
24183975
26216615
24204794
24176968
24166078
26322014
24181341
24141141
25365031
24211299
24218182
24663830
25057669
24180336
24290235
24786757
26386277
24220598
26564698
24438936
25857197
30575051
25637809
26201049
24156954
24365037
24154310
24955615
24128981
25415004
24195600
24214551
24269086
25093036
24201909
24737092
26401627
24149805
24139363
25695964
29866759
24222535
24228337
26863210
24199419
40617937
26403033
25404878
24117168
26045340
24148260
24129545
24141914
26244030
30184032
30376976
24554087
24183618
24254764
24214391
24160232
24168905
24153872
25638992
24154922
26973008
24207631
27036767
24197592
26671515
32649920
28971717
26385641
24256336
26013561
24202759
24235524
24514884
24203664
27734088
24187955
24928557
25394411
24158430
24180408
24159237
25933924
24178304
25145717
25114893
24171458
24172551
24180189
26196212
24192132
24140478
24147403
26314694
24619790
24240127
28027944
24133649
27289251
24151249
28575207
32216244
25089843
24135796
24140736
25985369
24722512
24385924
24516995
28009292
24200103
26743500
26300117
26982616
24204178
24265033
25781608
24238492
26278387
29315567
24146673
24123389
24134149
26143483
24140496
24209660
24658171
27611407
24199502
24183725
31535356
24130734
24438288
24665546
24206557
24168356
24172227
24254325
24143622
39609329
27197027
24126440
24145375
26153018
50790486
24713277
24147915
24606684
24157970
24783548
26026899
28972101
27989993
29126335
27307469
28251941
27022224
29815390
26685157
24195110
24497576
25623051
28458034
33343608
28118018
28825475
29513636
31328363
28264472
30768219
29667015
29577613
24963390
24135244
37043153
30100909
26008608
24163266
24587731
24140056
24146697
25014040
26290641
24218906
24201773
24230933
24342695
24785208
24496178
26191206
24143162
24140179
24153208
27563372
24166238
24938446
26529549
31391165
27376093
28157890
24176936
25218188
24580384
25559233
24214239
24198226
24475583
29506068
25228042
26900120
28523871
24153060
25277645
27053904
24791908
29052583
28845470
25922796
30588758
29276764
24157420
27048192
29065774
24296780
25051671
24825714
25925146
24270183
24188945
25279676
24144071
24231624
24177617
26676296
27497483
24185690
24174422
25705411
26447976
24116757
25621851
24152176
25961039
24153600
28357384
24256396
24489506
24220507
27048576
24160001
26390165
30844696
24187310
24135987
24146608
24369715
24151424
26183962
24208265
24157632
26538192
24206104
24188846
24202022
25677407
25140206
28291674
24988519
24217704
24667994
27163404
29519094
27642185
27879457
26488544
28211554
32080825
27988744
28695911
30390728
28620571
27126761
27873854
24212084
24170353
25502624
24130665
24191814
24209849
36727639
25205294
28325520
28031423
28967792
27892053
32209936
24252366
27310575
24186999
28694323
25112766
24173695
24235877
29222484
27988112
29627926
24177662
26445603
24206108
24537417
30157875
26806485
30605985
30485816
29618434
30501258
28492549
31398843
27165375
25695887
24172896
25691333
24159637
24242679
30395486
27479033
24201198
24183701
24795323
24163195
26005036
24198462
25905915
26168297
29945322
25062407
24159795
32101572
26214273
24251921
24190595
24144534
26300434
25755013
24150580
25559363
24166947
24389970
26555161
32021047
25937460
29420087
29125256
30240962
29733606
29319659
25742389
24472394
26315975
24208746
24188295
25718309
26312170
24491265
43557922
24204556
24747793
24505260
26566085
24162989
24163439
24742028
24144148
24154989
24206802
29092531
24274614
25815855
26464112
24292288
25787588
24764943
24169738
26100823
24826072
26945711
25397882
32275039
28395963
27346554
29079123
28515544
33383244
29850158
24218535
26824074
24142278
26695632
24237452
24212305
24892306
24173772
24768055
24808158
24718781
24276170
24269495
25740028
25290440
26061423
25154969
24190625
24166117
24180084
26088823
24202791
24741780
24189510
26487378
24660586
25310276
26411710
24174376
24658504
24163077
28514442
24164689
24313171
26304111
24192109
24188574
24689978
26564980
24274819
24256798
25102406
24182046
24657866
24224029
25617481
35311912
24870809
25238839
24182548
26545214
25392384
24175897
24242764
24183973
25848676
24184347
25043165
25704213
24150011
24160361
24925232
25561067
24130348
28651509
25192355
24197562
24458076
28313510
26066121
24176847
24182557
26446818
24180591
24233293
30392491
24158034
25389470
25291839
27206406
39381883
27387017
26058294
24197252
24539812
27939645
24251305
24249623
24395593
27401016
28580090
29192579
26701248
24457135
25469342
27015905
24678654
25988270
25207232
24137644
28262814
24221915
28134600
24197908
25633585
25865273
24157243
24211592
25594611
27520476
24464467
24132233
24994999
30663370
28767992
27266604
27427022
27004557
24219814
24462941
24214295
24590875
24146972
26200251
24164502
24468044
24224558
25823159
26135462
29780597
28796402
26460109
33304913
24192744
24126363
24953401
25111795
28257549
35757625
24177304
25570112
24193102
24222786
24966281
26160735
24209666
25030052
25535969
24176976
29675628
24421613
26591588
29361889
24548073
25409467
31658183
26635377
24257905
24170730
32346808
24194471
24899241
24439037
24224436
24178364
26213174
24983752
25958739
25671379
28724258
27297879
24970363
28205046
27398598
26833995
27966744
26371391
25274507
27588531
27667397
24920348
28360171
26495061
25667671
24773990
28547019
26826203
24796760
26728453
26245633
26096657
39163853
26137307
25275418
25532366
28012095
25376784
26518288
28922180
25850755
26051925
27955358
27726905
26448212
25452451
25729200
26203340
25735269
28072775
24898163
25603025
34356306
27674766
26549874
32982270
24977233
30788424
26711320
34918309
27212835
26853292
27618328
26215766
25462850
26947314
25943231
27650333
27357141
25583779
27730745
25799784
26592942
26336787
27335354
26388670
26312453
24479624
24202027
26463744
26503464
33959579
28603153
26919592
26294055
27600373
26943132
28255415
29258910
26589454
27574688
27797605
25678667
26477855
27930901
29185313
25658407
26619344
27114356
26008570
28903798
26660000
29214051
26860078
30716016
27619973
28895114
26637380
25710049
26672037
24552344
26805137
27544512
25442857
25786987
24658806
27459919
28007036
26164162
30762783
28454483
27210672
25530958
28086936
25933119
27551062
24877464
26916100
28232120
25425538
26737250
28014817
24685131
25687261
27830981
26621613
27863595
28607477
25426915
28248722
24489203
27940961
26916498
28789432
27284595
25845935
25745527
26559869
28225781
31086402
26067181
26665630
28463490
26832607
28461765
24876813
27885520
25409266
26924458
26728995
29786955
24458539
25592090
28636983
35262648
25753677
26162742
26353707
26464161
26714821
24929047
26577877
27102697
26071854
26873671
26605959
27589701
47090891
27253036
25246729
27733934
28954064
27148567
26542305
26558174
26788155
25194489
28649040
27910443
25856041
27805922
26309952
25489307
25784679
27157268
26964531
28773725
26703505
24648778
28232375
27041060
28756386
27563555
24909789
27879408
26615520
26762027
29557570
28949148
26709662
26074282
25456744
25997646
26112606
25870763
27318223
26447245
25135144
26080391
26456938
26243856
26521528
25284632
25883014
25044882
24925247
27407476
24273694
25384501
26029652
27550240
26993665
28212939
27155157
42044531
30565923
25883021
27493083
28120160
24575702
27163973
38499742
24704917
25567582
26668557
25796268
29500853
28126542
34389522
36361504
24667577
26388017
26982887
24474633
27907606
27776003
24892623
24910265
26893236
25598119
26247719
29450911
26731399
25833193
24420551
26708942
37007006
25894827
26417263
26366553
28728759
28099069
29226567
27994277
27300059
27815082
29257378
27952065
40096398
28161053
30671054
24642091
25834197
25148348
26829085
26704137
27367332
26084608
29832266
25143871
29078750
33226367
27519249
26014212
25032737
28459397
25411464
28260438
24393553
25287673
27225628
24926821
25772061
27876052
24668467
30352804
25900571
27224243
26704929
28788825
25401618
28667661
28643318
25192048
28877197
26040251
30623923
25341820
27489956
26143487
29234146
28705930
29605525
24219213
25064719
28556060
25853246
28567226
26693201
24623190
28233004
26219916
24661373
30102893
27993404
26702144
27549128
27849429
26461498
25683015
34389091
27872315
26640096
25039858
26859726
26199513
29343285
26538092
26757057
27556911
27910659
24429739
25263776
29396632
26774115
27803809
26800948
25424921
29038382
29038134
27092569
27312531
28065121
26439833
27055860
25998533
26343517
27943470
27330716
26880031
27689994
29053572
25994577
27277660
26435622
26933754
25125858
27289234
30331133
25725102
27224620
28044633
26460364
27252426
25836389
26628195
24909775
25532669
28885622
26978698
30626442
44720796
25471980
27467291
24701448
26269118
27720355
27135148
29942744
26944572
26842231
24975405
25816188
26854565
31517229
27062427
32270312
26725284
26751185
24512475
24668603
25901090
27420315
26856956
24482148
25206450
25895666
30076845
25839173
26735995
26960201
25675306
26760878
25418835
26158986
24733063
26671574
26510236
26271210
29507735
32619683
24358951
26526994
25729494
25831986
24876191
26433412
25268927
28475271
28203686
25101712
27115654
27409385
31220295
26399372
27145205
26831360
26623876
26992583
24997275
29453714
28074619
26866080
25018938
28580422
27001975
28612848
26592918
25405429
25102335
27381083
25972079
28497239
27152465
30319650
29345062
25870415
27688215
27221281
34593234
25877522
27382816
26733460
27791934
28637674
28279993
29501340
25000934
26431277
25763465
26793849
30011784
26591439
29615143
26535877
26813022
24820581
25962442
26633232
26106413
25991441
25712187
26389724
26651424
26473940
25390184
27367619
28127076
26639620
28518447
29049333
25021321
27907991
28494704
26462197
29323842
25155031
26838394
24852714
25545801
27314707
28396538
26643951
29176014
28190515
24783531
25408697
27160644
26060968
25335751
25195981
27262487
25994261
26227876
26102087
25522963
26527877
26450925
28083780
25334018
28704191
27816374
25601253
26527970
27019421
25582343
32092284
28176944
27001955
40438356
25248446
25929834
26518680
27207460
24487402
48024894
27121644
26360025
28590630
27151072
25828175
26398225
28446974
26602170
28444473
27123913
28102297
24392855
25790251
27311223
27467302
27648284
24753895
43711832
25898464
30010669
29714638
27912857
27226830
26611447
26705642
29469531
26962240
27026616
25382464
24969261
26295569
25195085
25660827
28098123
27336733
26944375
25955761
25285629
25944730
27746432
28067132
24969255
24921823
29124485
27330216
28790133
34508786
29333135
33764563
29233297
26136118
27779022
27376834
29820255
25687490
25984635
27336375
25489645
25495915
27544185
24176523
25517715
26785058
24528715
26699961
24640102
25783769
27154448
25120753
26678464
24922264
28281421
27395584
25919715
31657903
25224101
26323145
25840449
28209561
26032768
27753058
26884707
30351994
26730882
27284229
26377920
25989456
26293826
26497193
24826141
25688329
26140097
26621779
27148699
25725418
29208256
27337885
38669963
27438645
28460266
25906951
29553398
26539340
28194129
26742206
25288997
26381349
26294334
27434987
26832061
25510546
28474550
26579227
29558772
25617477
26293780
25289129
28391488
24582111
29646588
27196302
24918430
25330463
26876379
37697658
24325743
26653014
25622541
28460512
30098187
24969631
27670644
27382896
25273871
26442057
26898994
29140324
27397643
26806461
27388461
27376844
29103378
24705535
26315262
25831238
28829409
27019297
26638218
25715209
26858936
26910825
25861101
31858590
27155763
27722037
26422101
27553477
26866041
28030944
26731024
25563255
27656362
34802076
25430723
28335915
25740142
30661403
27181068
29221526
24202963
26685470
27239339
25793936
32049902
25763625
26472432
24369291
27693512
27118361
27362428
27379292
28228734
24418245
25549028
27683212
26317557
26598497
24416323
24185797
26097653
27243854
24438219
24677535
27057127
25165996
28561073
25647464
27119831
26278399
25484708
26911109
26556696
25047179
27329248
31663297
30091214
30399903
27176878
35836560
28499390
29026032
27477795
25608906
28502573
26797436
26094543
28790489
24842116
29042354
26893368
27208713
26684594
25581194
25666724
26613671
26235351
26603180
25228555
26963536
26119879
28785283
27115052
25141244
26926285
26209122
29793830
26749830
28629434
28155997
25350186
26814403
26916747
30061793
24491772
25857914
27253101
27940817
30287087
25967382
26608419
28638699
36564651
27642520
26006364
27052708
24360975
27148519
28304426
27581149
27059451
28315615
24301804
26007725
26101306
24874160
27377624
26773236
24902079
33561248
27380843
27130982
24894900
28335417
27317594
28432021
27558347
26967437
27069347
27272440
25439241
28915833
27270278
26715943
27517894
24600392
27790990
27554229
24857598
26000695
26531491
28802079
25935281
28184252
25031443
24650401
29769214
26351303
27361197
25423649
29113608
27223133
30201074
28138760
27757324
27626186
27580652
25834258
26821238
30198131
25751842
30023433
29525474
27568103
26422933
27415033
25199082
25238276
44863695
24216717
28041719
26668738
27062059
25757331
45519472
26751428
29877220
27942222
29521783
29075641
29111374
28436852
27432239
28067159
28218635
26548049
28009486
26456579
25777056
27926403
28133759
27616146
29337963
26402880
28158902
25921864
26733878
28894694
27467999
26065540
27742073
26510179
26433560
25107339
29057592
28522665
25871757
27434543
26857951
26490083
27044792
28405983
27289143
25380510
25809747
28134163
25396438
26606441
26353845
37644596
26429476
26936267
28249293
25288100
29878916
26312419
27004146
26742583
25376341
25927974
27958505
30078470
27108076
28300143
30566132
27809068
28425839
26719605
28158892
25166284
26387227
24781451
29759722
27152432
26333901
26194200
26412204
25840997
28409570
29349566
25497898
27628368
27184891
26603655
25482716
28586630
25775027
26417343
25147147
26094146
51741060
24163313
24495326
28159987
27804073
24703796
26107605
26439414
28326841
28774275
26445307
27136418
25095352
26610996
27135068
27006468
28290177
24948450
25522624
27890578
29823178
26744677
28085229
27066072
27522298
26986371
26274604
25404870
29151278
26851890
26858618
26576243
26265694
26069877
26418734
24299340
26164754
26673761
25805831
27443496
27433872
28307754
27664302
29318585
26826920
26857275
24681049
27474924
25026728
35566534
24327032
26481065
26691382
29042392
25899821
26648261
32196649
30602783
27499968
29236712
25818285
27287958
27489753
27676854
25372965
35382830
27810469
26340988
25865517
29655232
28257105
25213157
26040036
26866477
25285187
27268540
26806682
25127461
29443349
27136860
26046469
25782301
30724631
26648517
27143027
30882440
26083917
27081259
26723531
26619241
26794316
28290974
27077229
27793941
28269825
31362642
30372907
29946534
27376726
26752887
27774216
24858614
28194581
26658532
27168168
29813365
27673937
26221545
26800063
25260488
25791803
27735922
26442414
26606495
24719667
26960958
26924117
26639557
26459367
29088378
25254495
27253604
25505600
29249246
26009679
28351227
27614021
25307740
27665810
26855315
28739007
27749595
28509835
29250422
28380367
27848531
26745042
28027356
29282381
27045072
27390201
27252447
26910004
29076525
25619731
26797936
28714979
25303631
26940373
26432197
31129108
31322590
26243543
28969947
25927298
25768629
27240757
25682643
27246782
28164646
25872437
28437813
25301557
28071454
27502696
24501059
27032733
25032573
26003250
26311593
32056383
24137557
27856768
27050814
26583144
28634038
28636827
25631773
25205022
44445828
32511280
26294620
27193433
24965435
24373044
26355995
25336775
25245669
26815466
25300618
26266025
27601228
24400996
25721507
25427232
26855116
30047235
24914482
27439785
26279766
37868041
24127568
24822324
27898820
27129980
29517920
27378668
24961387
25339941
26795291
29182286
26998812
30188783
25117722
27891993
31209693
28927411
26694360
26717808
34616230
26102570
27654486
26364182
25400344
26642801
26987648
27178231
48341528
25235537
26930158
25752848
26915362
25914998
28275300
28107408
25844276
25729732
26019132
27444826
27157995
25883636
28023174
27970798
25451792
27316766
25471335
26293770
28511746
27857507
25624572
33897689
24208279
26307674
27470152
27951615
27628487
25435962
30749497
26912732
27098609
27238545
28226423
27348441
30159998
29579647
25501519
31192213
29288027
27295818
24780517
28129115
30995155
29034887
27095210
26358298
28814727
27821105
29066054
26047318
27918426
28556817
25697902
26732898
27467951
27856154
25661821
27150910
25588266
29174226
28093666
26022405
25534957
25172568
26454549
24983895
25443382
28740916
25611341
27298698
25465162
28095155
27706473
29326639
26864583
24826476
27272460
29761672
27236464
26391176
26343626
24818816
26638696
26260374
28122695
28830059
28012697
30725205
28868346
27089493
26959995
27577212
28765408
26278286
27022294
29044569
26685379
31671880
28343433
25965050
26413471
25968792
26447161
28106251
27111039
28968231
27629753
29052163
28930446
24974999
26336614
28915016
26567111
26956727
26329000
27252774
27731431
25058034
27985790
30743245
26396447
26379931
27407882
25946523
27225932
33071256
24222636
25619206
28281603
25774178
27880060
26780602
26173977
30095841
30299521
26978124
25210594
26384662
27079142
29033034
26048537
32790116
24175885
28647182
26266330
26808712
26004070
27455258
26755832
28674474
25590136
25996679
26656511
27578429
35031341
25995511
29149333
25785207
26420205
25567871
26084183
27881210
27085815
26409864
24823590
27184438
28574051
28460786
25879120
28268274
25080819
27340345
25032469
27877941
27732565
27709490
27488177
27898122
25397647
29055162
26731982
25474371
24892442
26941393
25911525
27223217
26756383
28751138
25927752
27791234
27880445
25923274
27854346
28424331
27114565
25011035
26893008
25469521
24776306
28695485
27723772
31176959
27744135
28235942
29238702
26221500
26672436
28867968
26542524
25366084
27811548
26726828
25210035
27284276
26355330
28717683
26762006
26855508
26209176
25742868
29632391
29501611
35573379
26341151
28833175
25900792
27412481
25374940
26795876
24149991
27303413
26365386
27460366
26520758
27488270
25130109
30386770
26689917
26427540
25407193
26925065
26113972
27212811
28350506
30100698
28282833
26842492
29641113
27434091
26218914
27829980
29094512
28045749
25383804
29167450
27367612
28554455
26283844
27276265
33917856
25217174
27194741
26375639
25999541
27375804
33613765
25878291
26752202
26227565
29171637
27490279
24816145
27633984
26626097
26986841
28122953
28624420
24826144
25109896
28298107
30294676
25488710
26657700
29303589
26155719
27148924
26700058
25218258
28882802
27792702
29120616
28041796
27826496
29935874
27091725
28666485
24680857
27807394
29078771
25721752
38673226
26012065
25584606
30317923
26857364
27853755
24542601
27648128
27704249
24896327
27149961
29353132
25922258
27740088
28693257
30036305
25726881
27337528
25257992
27865701
27371002
25952852
25699874
29980560
33529907
25297057
26302074
28667468
28209630
28232494
26111767
28307740
24699272
25418105
26732136
26093210
25770047
24885496
26085012
27452792
28160202
25432482
27994667
27049534
28965245
25989759
26654048
25444250
27115439
27622967
27329149
28645465
27395942
25724717
27630074
25594542
26792624
24940103
26779577
24575679
28276641
24787715
29552485
26245564
27287644
26186333
27149768
25277791
39023873
24746589
25516825
30207050
26941255
27256465
31600897
26481613
29372667
26297332
26751357
27222354
29348995
29318603
30392783
27259946
28176539
24966996
25417791
26493970
28699273
26057078
28764005
27656587
27390925
24744173
38533860
25877095
26375595
27624161
26748288
25463726
26770745
39368167
27363517
26741831
26021204
27081616
27026293
26523064
26830485
26291637
26000563
27459181
27898725
26456280
27171611
27890433
29893066
30724017
26931822
26450869
25610534
27568036
27857655
24613257
30571974
25708394
27466300
24629347
28772091
27937270
24964044
26783321
29599922
24663594
25653687
25473831
39298230
28631771
26158113
28154008
30090525
28028689
28175965
25085079
28149024
25087483
28480648
29521856
26727978
26388857
29411970
27061314
26277854
27511015
24803574
30709471
28920670
26130466
27661658
29343241
25680237
26830331
25735944
28114976
27879171
