4687
4918
4658
4683
4665
5279
4976
5626
4678
4703
4787
4756
5758
4722
4811
4840
4816
4742
4767
4907
5154
4883
4675
6091
4688
4882
4815
4941
4972
4900
4712
4863
6195
8310
6346
5213
4912
4943
4820
5054
5162
4936
4709
4645
4664
4784
4759
4867
5001
4930
5200
6178
4716
4885
4915
4944
4937
4895
4774
4736
5069
5101
4963
5150
4707
4998
5008
5673
5569
4662
4715
4813
5416
4829
5161
5037
5390
5091
6138
5347
4694
5062
5039
5147
4795
4739
4788
4939
4949
4768
4734
5258
4969
4941
4866
5779
4714
5017
4817
5094
4678
4762
4655
4734
4681
4757
4656
4677
4646
4742
5997
4617
4614
4823
4739
5634
4983
4744
5001
6412
4840
4668
5384
5381
4669
4677
4657
4666
4668
4673
4654
4665
4666
5696
4669
4779
4681
4659
5479
4838
4660
4659
4674
5330
4670
4680
4699
4648
4657
4658
5239
5681
4667
4671
4662
4645
5590
4665
4682
4687
4678
4868
5788
5823
4760
4773
4785
4620
4647
4634
5049
5759
4664
4695
4664
4783
4661
5283
4683
5545
4786
6141
4610
4647
4636
4648
4682
4714
4651
4694
4670
4681
5197
4630
4746
4711
4674
4662
4663
4674
4679
4651
6415
7855
5773
4684
4680
4666
4648
4648
4691
4654
4670
4648
4655
4661
5371
4708
4665
5876
4689
4707
4959
4637
4662
4649
5023
5062
4726
4740
4718
4758
5657
4696
5313
4754
4725
4717
4765
4644
4636
4671
4634
4747
4662
5733
4683
4835
4787
4653
4926
4669
4680
4690
4669
4640
4660
4641
4644
5583
5454
