17273358
19451315
19084975
17971925
16868012
16792866
17974175
18081100
17518128
17562004
19466626
18844979
17249486
16993927
16842005
18818774
17605826
18938288
15562021
16834122
15862251
15587737
15867844
19509900
15609559
16315199
18691790
15560758
16476401
15612112
17511658
16406371
17216798
15548589
15609465
15583221
18340310
15584889
15595763
15621297
15562153
18652115
16689125
17982872
17477422
15676334
16925829
17149902
18853941
16572680
16439972
15575332
15598645
16023020
15652489
15613808
18730202
16681204
16314234
17121930
15568564
16264747
19763150
15537057
15552491
17282910
20362791
15620517
15619250
15605990
15653945
15607684
15976532
21124900
15568531
15566167
23358993
15546986
16712147
15875990
15766075
15580006
15582970
17807313
18570004
15592036
16859470
15587952
15819231
15564375
15574489
16900747
18980215
17419965
15598462
15612421
16101667
16643524
15539101
17657436
15868896
15604936
15740026
17475662
19406330
28914508
15498484
16090764
15593569
15956736
15898061
18624293
15672057
17687535
17563067
15958826
15646217
15583017
17133561
15902479
15551530
16660944
15563742
15593439
15596002
21465726
15555332
15963608
15587095
19091733
15637625
15604934
15678211
18073567
17245759
18926611
15559241
15618242
15635240
16866478
15557697
15570069
15587105
15655995
16815248
15548329
15563027
15775157
18846522
15613621
18636849
17754129
18806856
17200101
17880236
15555443
15626078
16322501
16623576
17197323
15578873
15610443
15600886
15605741
15610530
20512741
15679150
20320714
15633746
15538782
16086099
19613319
17279255
15627515
15574835
18498011
27768187
15816962
15606632
21658114
18394266
17202535
17928060
15587457
15817726
15565321
15726476
15603335
15575105
15592182
16524347
15622531
15536574
15651661
15564898
22446115
15541309
15554929
33058697
17202447
15602037
15632663
15628009
18452062
15578509
15575192
16248507
16323310
15529672
16907180
19704421
19189428
15540858
15559030
23762899
18325771
15581343
15603344
15771647
16449609
16309486
15603909
15599419
15865493
17575805
15578725
18344633
16239967
17138541
16533932
15551477
15553295
15667836
15567130
15590038
15604426
16935126
26012216
15532607
17131678
17407566
17213964
15617546
15531983
15574786
15575465
21103710
15619248
15533519
27762804
15687271
16158811
16365022
16285394
15504050
15578123
16544255
17540896
15542854
16108412
15570147
15576785
15584073
15944707
15708847
15546736
17290902
15541569
15577971
17120124
17593465
16146810
16884349
16225901
15647283
15590952
15587967
15605488
17539667
23188528
15818034
15784370
15576076
15580398
18001472
15625715
15628813
15617920
17104356
15534559
15550267
15708404
15547130
15591121
17074761
15590835
16946333
36773784
17557965
17297412
16311094
18422574
17705725
16446558
18363464
18477142
16914107
15610776
17698442
15608921
15632607
15898128
15549922
18525583
15601692
15613208
15599492
15612315
16147220
15538413
15595878
15587760
20229252
17098199
17309097
15574191
15593256
15606910
16701240
15630814
15612884
15530580
15800831
15631460
16399045
15572275
15595548
18839695
17293386
20128191
15555128
15573919
15575079
15960303
15511202
16882373
15602267
15600384
15610613
15937761
15578087
17460785
18102821
15608755
15564991
16085022
16446751
15658459
15601542
17158223
15542512
15584660
17845243
15574424
15603248
15542032
15555077
15655203
15593801
16023382
15559089
17008097
15535392
16928130
24712074
17670023
15533038
15837514
19937734
17972289
15700136
18972458
16539795
20315647
18646672
15591160
15592535
15596934
17485445
15505965
15563187
15576858
15611264
15598994
17301324
16597321
15795394
15732638
15705442
15591696
16410146
17007802
15572184
15587285
26784097
15982395
17848986
15587918
15619728
15615281
16940840
15573669
15593041
15598956
15675665
16043030
15604369
15606476
15614826
16706383
18525611
15902244
15906637
15579507
15788537
16555420
15566913
15878152
15555627
15575920
15572763
15605484
15588755
15595604
17456140
18178253
18940035
15574953
15597942
18190538
18061906
18780280
15667805
15594337
15709752
15598958
16370923
17203499
15540312
16648465
16776691
16402070
15570512
15574933
15889136
15530144
15560204
18057537
15571616
15595259
15621403
15611810
16406346
15580431
15676904
16229944
15500377
15544350
16508564
15598743
15609340
25855542
15825879
17067389
15534260
15561032
15578934
15593382
15703913
17518940
16342712
15499234
15618187
15528426
16100753
15568599
16491203
17712533
15615806
27104799
15570900
15744346
15559011
15567559
16598437
17063136
15496614
15550799
28847833
15547285
16644968
15554267
15604166
15574096
15576616
16271686
15572162
15580943
15595228
20724587
15951409
18292471
15610532
15618058
15672109
15525581
16163794
15533692
15555656
15587041
15581325
16588684
19534830
19297202
16235598
16130479
23074551
21739120
15855373
15599953
15616618
15556081
16878534
15542515
28626266
15618935
16231392
17021973
15581223
16219588
15601810
15543726
15636894
15572046
15593012
15604875
15940243
15569855
17218282
15568514
15564874
19140457
15626406
15616109
19030068
17757840
17552929
15567460
15603004
18066313
15603385
15868026
15564110
15584051
15815278
15568246
15585229
15602669
16048422
15550612
15831183
18221281
17435423
15926946
15648840
15596638
15721367
15586269
15613449
15837824
16199684
15563972
16669242
15588987
15921929
18346943
15539201
15565875
15584287
15623320
15532408
15953947
15976501
15588643
16749704
16248580
17892822
17367484
17464542
15665299
15570269
15721205
15564707
15728702
15601252
15590460
21837199
15562934
15642061
15566594
15602752
16534729
15536800
15567425
15578519
15585923
15810131
16812142
15613713
17138099
26133085
15550043
16632745
15557517
18956757
15652237
15750425
16436513
20572020
15539007
15578001
16986005
15597459
17753917
18226745
15589249
15604075
15604304
17957694
15553846
15549314
15572788
15595468
15826167
15550627
15566858
19823176
15502569
17025064
15588647
17780137
15570832
15590112
15587394
17037981
17153643
15607562
15608737
15613772
16568593
15620712
15526428
18654010
15545938
15561448
17258887
17319248
15905366
15564859
15567800
16881446
15540769
15552392
15998632
15592028
15592031
16905917
17726833
15539369
15561118
15757576
15686491
15686755
17011923
17742104
15607581
15650032
19738881
16635149
15589057
15596304
15592882
16389451
15499948
15599348
15586052
16001152
15863843
17100758
17110046
17670750
17314172
16849842
18003408
16773221
16894452
16759777
18662481
15604999
15532804
15612874
15620337
15847861
16333984
15616049
20604958
27557867
15642977
15652431
15607743
17656516
19318774
18149846
17415040
15543039
15583815
15756693
15590685
15602433
15611093
18864864
18554646
17161233
18653277
17930100
15668963
18690163
16293590
16454846
16994640
19390759
18205007
19047535
15551298
15588853
15808633
15511366
15553510
16530022
15516036
17499229
15973192
15505932
15550114
15564484
15606691
16800983
15812322
16007652
17783076
18144288
15579302
17737571
17665493
17075732
17650603
19170937
15504220
16966877
15657921
15549044
15581237
15868037
21136349
15590196
15577797
15592830
15696308
15861006
15546563
15589457
15570504
18266272
15816578
17382686
15567806
15579894
15597951
15605041
17113567
17364538
15560128
15568221
15972635
15800316
16512856
15615602
16235969
15502571
15539672
15574423
17198748
17762757
15561378
16886651
15610656
15634072
16253173
15685295
15615062
15569306
16356696
15563086
16672751
16953160
15607182
15735702
15669784
15678354
16826414
17543210
16964764
18693632
17074344
19425601
15910521
17974021
17453914
20077609
19297954
20992979
16343137
20319542
15688016
15694554
22015393
15756408
15705469
15695997
31484498
34477640
17392424
18689633
17766497
21367543
19512362
18595552
17341722
18384101
17396136
17759658
17420914
17083589
20042459
16310850
18555816
17209051
18621220
17280027
19957037
18446207
18143476
19372326
16662893
19442632
19790410
28082570
19429215
17233678
16162349
19478372
17363418
24494542
16070984
17956118
17712222
18133192
16338376
23809498
18014272
16353500
15537354
15565430
15607315
15600813
16628709
29059997
15606957
15617132
15527911
15561470
15605762
15645606
16162599
15574374
15584457
15591601
15612893
15607373
15622992
15968377
15573713
15617093
17300544
16987943
15595531
15599303
15724049
15764596
15600506
15602741
16779531
15587489
15595183
16547570
17307137
16695803
23420508
21452726
16995716
16645291
16512758
17606864
16711163
16026977
19116874
16133162
16719013
17690035
16500558
17746282
16418511
20161426
20256256
16465709
17184576
20240391
19342689
18823565
17016653
15893721
16876178
17003429
16933697
17077801
17105961
17687912
18885754
16438169
18364202
17092567
18493132
18211862
19394631
15938528
18242764
17818009
20760310
16844572
16899072
22025461
16545545
18859947
17567518
16868030
19330695
16639825
17637175
16914410
15923588
17618689
17328330
16394883
15538835
15854114
18275617
15618505
16313602
15601584
15621301
17074474
17544849
16522182
19022874
17986678
16356277
16259888
16156941
16341571
18851841
16702926
16461820
18248898
19003805
17524213
17230051
16270422
17259816
18633540
17086259
16096178
20240529
18898555
17180128
17798217
17106929
16843296
15738467
17273045
16739560
17665546
17955724
17084023
15624568
15608168
26350029
15812635
17107207
17750358
16133954
15536230
16213051
18443130
15733244
15545418
16262405
23644982
22139461
17392527
19826805
18347028
20271106
18192091
19190594
17617277
21544719
16815423
19578593
19348581
18031097
17651268
16145910
18465765
18494972
16974179
19216216
20903362
21468939
18403781
20084228
17054895
16671758
19019569
17534178
16783089
19818518
19898359
16652824
18449147
17204701
21310748
23987145
18401002
25331705
18622126
17965962
17738516
17259249
20702210
19383345
19167371
22457540
17039151
18389607
16232324
16434373
18187973
17963373
17522716
18078005
16498761
18314233
17543689
15955292
18663023
20146643
16711819
18345886
18237087
16717689
19787667
28025231
15899162
16904678
17747762
18185938
18593601
18489673
17958504
17194968
19070852
16717671
16139203
17153969
20484112
31649621
19738191
15565962
15788490
16993072
18901017
18363845
18664770
17001691
18670671
15975263
17442794
16908637
17643551
18150190
16293537
17298226
17098988
18058584
18253794
17489981
17589904
18445076
25884960
15549111
17922789
18750901
18548656
17132683
17261764
23572553
18248170
17565183
18065093
17340744
16606397
18003713
16649412
16170847
15834818
17181214
19036103
17303351
20745723
15834636
16860582
16224820
21713367
20080212
16719321
19842739
17644697
21147523
20625768
15918615
15735135
16460478
15763765
15708926
21747451
20316035
15637034
15719539
15746605
16312008
17879123
17589252
16287897
18185511
15869610
16904241
35068000
15990248
15566838
15787870
19834457
16831425
16906457
21934717
15957632
15827354
15731690
19006916
15800025
15591318
17445782
16059126
16677646
19795909
18296023
18464359
16107211
20937053
18975399
25540350
18462618
17770464
15849356
18955991
15794724
15870400
19610325
15887759
29710515
18357812
17016232
19452266
16590443
15814346
15940046
17401756
16112198
25374984
15780252
16531919
16964631
16660884
15909719
17637782
15830969
17131936
17325449
15800626
17361136
17336794
17266021
15579468
15991150
16298906
15767897
18999583
16766906
18386690
19983038
18047228
15743526
15606333
18499469
15726515
16619789
16626986
18540778
15910214
17638968
15737328
17202488
15724487
15661770
18575792
17816778
17269374
16630083
18541148
17375479
16176396
18389867
16979184
17391333
18096764
17068704
17531503
17170872
16923820
19330774
15843531
15702731
15898268
21146135
17030670
17207397
15862647
15920053
18482551
15896540
16112655
16047820
16748017
16920335
18440721
17153622
18107194
18318677
18927240
16787508
19081375
17424152
21292429
16990825
18292312
19314311
17317820
19143900
19671892
16699808
17835553
16749151
17650878
16200275
15906983
17548798
17090092
17712831
17871874
16308150
18622157
17270252
20487248
16724014
16201422
16883086
17364993
16462135
17800790
18197390
17643370
17637945
18973015
18568115
16212107
19370999
17074269
18765996
16079200
15607706
18145515
17833538
18578416
19750368
18088170
17648227
16801862
16722148
18007242
18302938
16075501
16938074
15589174
16298714
16634175
15598558
16341711
15991462
15585534
15886287
15556277
17288765
15562503
15571188
15620347
15613171
16624225
15609002
30533632
15596927
15862428
15616220
15617109
15639428
16020721
16742442
15612084
21319055
15577021
15583039
20080895
15608225
15538288
15562702
15568120
17742432
18161085
18116879
16786287
17314030
17830223
21083769
16397251
16458930
23307144
16364339
18577291
23040642
19406289
20297934
16403386
16345197
17277112
19222821
17095898
17060720
16000867
17603830
19856895
17149640
19644944
16600307
16594916
17407825
18595072
18211970
16851088
17800092
17141785
15685498
20276616
16570875
18384707
24575210
18160585
17025233
17785978
19035203
19323856
18382402
18949174
18901326
19209840
17951562
18213370
19327369
19381696
20067275
17121768
18338320
17494118
17766170
19091526
17541932
17366737
17121871
16925142
15944323
19327720
16681574
19358514
18862706
19437318
19743701
18164628
21631100
16926849
18418004
19048450
20245932
16481914
17173315
16023467
16593876
15804065
15997609
15530952
16477130
15611239
15617397
15553748
15570762
15591008
15652939
17917912
19260378
15606069
15676845
17390957
22269335
16253613
15585698
15619433
15630434
15614570
15535386
15558650
15577867
15630839
15617157
15606527
15540039
15561660
15985294
15498100
15571900
18762232
17572291
18027017
15608284
15815244
16941923
15521541
15568544
16002338
15623497
15536720
15633254
15654868
22992828
16551738
17818978
17796499
17840910
16856537
16910321
17186028
17509796
16150887
15612423
15531933
15852139
15568475
16186891
15507702
15612015
16568819
15583451
15630548
15570276
15600026
21244385
15990392
15558589
26203911
15597977
15854575
15609736
19073673
15540523
17321505
15569272
16005700
15626120
15620081
15538944
15591905
15997530
19151899
18056790
17860023
19973794
17134371
18714416
19455122
19149613
16748012
18987063
25244676
19070061
17272921
17506101
19404030
17723058
19800125
18583786
20058285
19091286
20022584
18419814
19037351
21016351
18907328
17383149
17399287
18802085
18414000
21760551
18513144
19450295
17779494
18229824
16951080
19090435
18862064
18472432
21219234
19063186
20494063
20161580
19332481
17927486
21218972
17559721
23642277
23616026
21740194
23578433
18996965
18106219
17565567
18966961
16690627
17066764
16883928
17990863
18439430
18024724
16801371
16155210
15668853
19299645
17991470
15527750
15546355
17236367
15537988
19432290
15668530
16292360
15520757
15564891
15600306
22712806
16431182
21461334
18490883
18003176
19998603
18635461
16340140
16959233
18733075
17800949
18447430
18083993
18222187
15529398
15598529
16004016
15744664
15658908
15607050
15525575
18052423
17675121
16972611
19323571
18519341
16695880
18806823
19902819
15809501
19750394
16607555
20711486
17577073
17756586
18930484
18249968
18107418
17123779
17224403
18026568
16385544
16664612
16880498
15663818
16634810
16424491
17031467
17923031
18255041
18419663
17133490
16716151
18473751
17531060
17146216
18284986
17763356
16112072
18213709
16983343
16182094
17988894
17104720
17272403
16000231
17243424
18789384
15539516
15606006
15573381
15729575
18545426
19972916
17263240
16116850
16996872
15638330
15604343
17885966
17199928
19016843
17288076
19286930
19022567
18215074
21773742
18522165
16963839
16891140
16223578
17354078
17226256
20233048
18931542
18138402
20027055
25216700
15986207
17038326
19547921
19732363
18154813
19449176
17527967
18725923
18583210
18086322
17333379
20477561
18346004
19347782
17038010
19795772
19024007
18737700
18785020
27361515
16418756
15630696
16320750
15572917
15723293
15523420
15726301
15611190
15795124
18049984
15636325
17512467
18476461
16499062
15583451
15580002
15586283
15838812
17637965
18741972
16619759
15556318
15567518
15578648
15593827
16638048
16193289
15667947
18556943
15584046
17401711
19143605
19616369
17840403
19345199
17539627
18022709
19710259
17669011
17100933
21409647
16986399
17674063
16470740
17078435
22058012
15789189
17513137
20500504
19436527
18086813
19301285
19167183
18699846
16248046
18838420
17274549
17831389
17503565
18283940
17727208
17267616
19661426
18094007
17168684
17195527
18879057
15638645
15583659
15603019
22814140
15615140
15599833
15761669
15642462
15566229
16084784
17164517
31581015
20649803
22066752
18100926
17287482
23189585
17886357
17886746
19118536
17932982
19063208
17526512
22981255
16943233
15572549
15951428
16191685
15626052
15632510
15616809
15653735
15621206
15564376
15621633
17736560
16595812
18332025
16871952
16537294
17560770
19129819
17295899
18541226
17962385
15870411
17645882
22247089
16807269
18070448
17383639
17723237
17232565
19488452
15586856
16990573
15622090
18724995
16382740
15652351
17708565
15700403
32127883
15637269
15862391
18189691
18528636
17203070
18230810
15561085
17903970
15672335
17219317
16822006
17860341
21754137
16455711
15880097
17060125
15979606
17447424
16296940
15633134
18212459
17783231
16754808
19810527
19141438
19520591
17805657
18039310
19006802
19779587
19862391
18800919
19364940
18538398
19404688
17827686
19057376
18847311
19614396
18796174
19533463
19472084
18399002
17348120
20367226
18452184
16951937
17110824
19875405
17606325
17266385
17203505
16452422
19258064
17366322
16771554
19424381
18346973
17729333
17490909
16707216
17109594
17968509
18512303
16025368
17256907
16163751
17710581
18600094
18822044
19843269
18490198
21148743
18642955
19005373
20553542
18846200
19627320
19448374
19034356
20631627
20399369
19432938
18911452
19891725
20738431
19658992
20382815
19905425
18092981
19060539
19664225
19910352
17489977
18113196
18296288
17806186
17463018
17995213
16001241
17329814
17342083
21478162
17196837
19551649
17044944
17883984
16421466
18979818
19153050
17623531
16862562
18188046
17676126
18247426
17052519
18758354
17875508
18034451
19454713
17338325
16106226
18709208
17206594
21580981
16647546
18311708
17083767
18845704
18848086
22800589
18291416
18245685
19859391
19026327
19125239
19287097
20451895
25611890
23153210
16262872
17867181
18772879
18628482
18579789
18038205
17448054
18697138
16450757
19631261
15626107
15725007
19215237
15600882
16019169
15623138
16285624
17265201
16476545
15757485
16788572
24281305
16787254
16678717
15673754
17962516
16559341
16328691
15984087
18102073
18344270
23177103
15667257
15620203
17301716
18281879
19039524
16143853
19726290
16980561
19355497
18641411
19070637
18726616
18206567
17761478
15986622
16914615
15985255
16562314
16438991
18299537
16646689
16559437
18562928
16012006
16142233
16863746
18536574
16261190
19347992
19092769
17907005
18121905
15985913
17865114
15613843
15855812
16874309
15906252
16808783
17386015
16256394
16258203
18005761
18303167
16447933
18312954
18707053
18266713
19244799
19134997
15829694
15726766
17368999
17710067
18413679
16164019
17437119
16796071
17952901
18599460
18176906
18475500
17750801
16116807
16439022
17049991
16832048
16502495
17752167
18190175
17357734
17704090
16167094
16021551
18681242
15615848
16596796
15854883
17070832
15793511
18600799
18500481
16034679
18813549
18255429
18030214
17412623
15860390
16830161
18021770
17289564
15783542
18318212
16521454
18397054
17753086
18935326
18669422
15777149
19242007
16205690
18690443
16330841
17051677
16476879
16368065
17682444
17594093
17551910
17998261
19312425
15898278
16648722
18526942
19375779
15817429
17669229
16187306
18904462
16066730
17933148
18529178
18770523
18592441
18732908
17954308
19844232
20402009
18735842
20121867
19871182
17944947
16095306
16219850
17484381
19160277
17544079
18693448
17967775
16370477
15899886
17718647
17076328
16317958
17425259
19351857
19496338
17556565
17792190
22163853
18309218
20235300
17862140
17765561
17064888
19047696
17861338
18414555
16697415
18512012
18414531
17833053
17804425
18803880
18462029
19013187
17751130
20673207
15976878
18376495
18290637
18827498
18765567
19405039
19304712
19040486
18055503
18648148
19502158
19503947
17846086
18222787
15934888
20261148
18783414
18128508
16369301
15878432
17318303
15886164
15605019
15897093
17229491
18754688
15687819
17643958
17827015
18071403
17338780
16993063
16548081
15725966
17172598
28453196
15642364
16677613
17565405
15806359
18056025
15683044
17544132
15649853
16929050
15696306
16026081
15907338
16266092
25897568
15717012
17807528
15660665
21417143
15789674
15671425
17234602
16606477
16101559
18061556
16092495
17760653
16275132
17256716
16631130
17658467
18345224
18488208
17983623
15965127
17860479
18523161
16118974
17194196
15998227
18345945
18680888
18156356
15829779
18064395
16545716
16152480
28284602
15622349
17529279
15856569
17808279
16345209
17604110
17182145
18427528
19213417
18452610
18087295
17792682
17769954
16232261
19724946
17112111
15982121
17506226
15942776
16341723
18426927
16103943
16311245
18286091
17946332
22952101
16745489
18291179
16689958
18117400
18740440
24273101
16440617
16760539
16964311
17000015
18164821
21967087
17847180
16752920
16746533
18544316
18121376
17801166
19746496
17793699
23122814
19673166
19212050
19524227
19241268
19469790
19217104
19712190
16762592
16734114
20386233
19970927
19905533
17457966
19746356
17963564
18829927
16709836
17856445
17090922
18665911
19573960
17358048
16766773
18099940
18044595
18494990
18792571
17316343
20783805
18014543
18925138
17604090
17288957
18029121
18317282
18210197
16733756
17253816
17714333
16135220
18248524
17239677
17139208
17145996
17668576
19260856
18016446
21641022
17572799
18270812
18564149
18084077
17922787
16741855
17795101
18594656
22842926
18821953
17074409
16349285
18721865
19223088
17490097
18464921
18988310
19967870
21945651
19259900
20828427
17675133
19707628
22171867
18132044
19854380
17222743
17307460
16699400
18871167
16679648
16316734
17158847
18332440
16570539
19745295
15566574
19065903
17809776
16208971
18466981
21991854
16435928
16596881
18102738
18482337
18692865
22756293
15913651
17162579
18502575
18166482
18221237
18776576
16452008
16975845
17698793
16693816
16780876
17473783
17264260
16031145
17126052
17551866
15858958
18496183
16412678
18424268
18582634
17626741
18484493
17764502
15812121
18351131
18575756
16889409
17761427
17894234
18445806
17047540
16341933
17019002
17998649
15872634
19454146
18328939
18166393
17955269
17819045
26196471
17343783
17288322
16830791
22301750
17646544
19533259
18330392
18885052
19222712
18801006
17779765
17473642
19018253
19754814
19330864
18237976
19876909
20576999
17407221
18013595
20353462
17377819
18319545
18244692
18761202
18304071
19214986
17733375
18570345
21485527
17370253
19400434
18486699
17269816
18482744
18189864
15899421
19380331
19200701
16980046
19419664
18942066
18532361
20106269
19520113
18745923
19445016
20792397
19821378
18535469
19331902
19528927
19291866
18696992
20058754
18354755
19568947
18549753
18473593
18031843
18453199
19473108
17197513
21004752
20518991
16129317
21000925
16181975
17294136
17026587
20642791
18181562
18041872
16481236
18074686
19448047
18690506
17471239
16717825
15589563
15596961
15541450
15563775
17006042
15616260
16246819
15617790
15555692
16582248
17244397
17504452
17741307
17168079
18722504
15510806
17817399
17997124
15723924
16828244
18793208
16151740
17630809
20659577
15612229
15852444
21101938
15601119
15941266
19136473
22168390
17357313
17298336
16824251
20991171
15603622
21804896
15590136
17393759
16186156
17538767
16786969
23991086
15539048
15552197
15651689
15566592
15673944
26481620
15570145
15611745
15582614
15689294
15761637
17303706
15623248
15623201
15721058
18409623
15618795
15621424
17282969
17642008
17589892
17282740
18288390
18117812
17989150
18616010
17405113
17254297
18977339
17488825
16800150
17246225
17901871
17614027
17641392
17510717
18340969
17268877
18045152
17380695
17488248
15572164
16708498
15910457
18371824
18128636
16986468
15832684
15619374
17522800
17442319
15585660
15620302
15582336
15598079
15608972
15617156
15644430
15527029
16575036
15548922
17629917
15578302
16844878
15776278
17962208
18160585
18251635
16094235
16806619
17818511
17235843
17445803
24112985
18312271
15618572
15644742
16868136
15835911
18457851
16806784
18486592
18894388
15580743
15579259
19185989
16742476
19307446
22213958
17645751
15590195
18669556
18694197
18784612
18331402
19814667
15886598
19508095
16191634
16824273
17171085
16247109
17596148
22072706
15748248
18482258
17937619
19302884
17146909
16838610
17874801
18650649
16420717
18363399
19320090
17034713
18265620
18721113
15856269
18423966
16084994
18039875
18647925
17329319
24543041
19207029
17255365
15570539
18798008
15672983
19714055
23057471
22744937
15927074
21458434
18971217
16333525
18740132
17994283
16021785
16349446
22532731
16656140
16291311
19233116
15711209
19533496
15857859
17063702
16879052
23025913
16010430
16614030
15945398
19685863
16347023
16079481
17492381
17442898
18043781
16888566
17057747
17374563
16951712
16572520
17292094
17404817
17914498
18509936
17543815
18651729
17183550
17550981
18314110
17829101
17900492
18911706
17866371
15736534
18725200
18560836
18022085
18991763
22951754
15914220
17422561
16926968
18446396
19594321
17181704
18144492
18971468
20588928
15864879
19430718
16894195
16426030
17599833
16863716
17390256
19899141
17303053
17331610
17234268
17720982
18812294
25074343
16173564
18173336
21336784
25494088
17054738
17548761
21048148
18041650
16132275
17220289
16602776
18850238
16665772
18665002
18762920
18540954
15920961
16731859
18479120
15779187
16739038
15583990
15565787
15558707
19985091
17528122
28775490
15591065
16070732
19918615
16440576
19962804
15655874
16904770
17742833
17463431
17677400
16400727
17097996
20429453
15544362
15556621
15578974
15766623
16168466
18256111
15673944
16634377
18451232
16536943
15985761
18621836
17215620
18158451
17846333
17772871
17021566
15561859
17393117
16614707
15682135
16465664
16794328
18096111
18799025
17214791
15561411
18048498
19082783
17441950
19485958
15858208
16309532
17611108
17990826
17560245
17413968
15590118
16254698
17049679
15669225
16352708
15712779
17601655
16887384
15568034
15974124
17800317
18736096
17538914
15634098
17523066
16311687
16004731
18796789
18745778
18255331
15906190
18462082
16943938
18008268
15600501
16423182
17528095
17668335
17951117
15745454
16676938
15981172
15610707
18130612
19286049
18479341
30922082
15836394
15650850
16587511
15524350
15545562
15562655
16427436
18088978
16777771
17051901
21548761
15530842
15548431
15942417
15613450
15533625
15576267
15599460
15583024
15591920
29218759
16805004
17799208
18323381
15623552
17102759
15584215
15592890
15596809
15951571
15834731
16818664
16415594
15559413
15568983
16350984
15576722
15578127
15570470
15714688
15568770
16906776
16690015
15596720
15610579
17661016
20356362
17911075
18140909
15862216
17491445
15598822
16080014
15619656
15602350
16100126
16789338
15796101
15939182
16064409
15573025
15935817
15605350
16699444
16220331
18335982
17577335
17201834
19617317
18737554
16456023
17962719
17747033
24260028
16699443
16474234
20036187
18329110
19557620
18581956
21089849
17817469
21249215
18704079
18491839
19024421
19742325
20294155
20710994
23353303
27440551
22121564
22925122
22044165
19285042
17080172
21096713
17167619
15542686
16613069
16585004
16172767
16994531
16781278
18274582
17282365
19227561
17576179
18923432
23298035
16351046
17476674
16969566
18875957
18157246
17900547
17500795
18726088
20107007
17893893
16668013
16195481
16831947
18025118
27329688
20138649
16461532
16101716
17938245
18134947
17328074
17041440
18230917
16307535
19654517
16291316
19044078
20074252
18370458
18747223
18080769
19256691
23742194
16945691
17989666
17304938
18991371
19360455
24005558
17712509
19031703
16955850
18460660
20584925
17542795
17838419
17095730
17665974
18379678
17599049
15895071
19642659
17613958
18170774
17890393
16878377
19147905
18814272
19694709
18744759
18408713
17309372
18629329
19031779
17826006
17879725
17775233
17232588
18837575
18190839
18314062
17132080
18777929
16198837
19185668
19271852
18252577
19347011
17681210
18596665
19926916
17790214
19268915
18746993
18545284
15805802
19347229
18797435
19116334
19814810
18926159
18548128
18869000
19617325
21677110
17309790
19950990
18465958
16703271
18426838
23900796
17920417
17765058
19599188
16335300
18530446
18070457
17100834
19225221
18217258
15607310
18692903
19980226
18134649
19573450
17960144
15929564
19942487
17966610
21319438
20729506
17110373
16574773
18919258
18494092
16390388
18212342
18492843
17210198
20338558
18113857
18482882
19428150
18225777
18851247
18779623
17680148
15911234
19373467
16546755
20746219
18986362
19282865
17605437
19276920
19236433
16231999
21179385
19747130
20066000
18860339
20303595
19747079
17461651
19627914
18893040
18072797
17603278
17727824
19559272
18782222
21346234
17148011
21733481
18505569
17178696
17435592
19138107
19327614
19844147
19492066
19244446
17544245
18642832
19522285
18589336
19174027
18607008
18414867
17818291
18217328
16617776
19616401
16812794
19175097
19104603
17479289
19196507
18457323
17562526
18969870
19013372
17437669
18533172
18717591
18781454
17116855
19060799
17845092
18507032
17486566
19142030
18938353
18733250
19802644
18975381
17423770
16900063
16322470
18061942
16398966
19353669
18443088
20705458
19526401
18429101
16523258
19868030
18126540
18899670
19233986
19193108
17514152
19447268
18833364
18467741
20364716
18895327
20291385
17970718
19820204
18196450
18651531
17545044
19372927
17526011
18942690
19041299
18926940
19835008
19194009
19480540
18146855
20440968
18228040
19134457
19998597
17757858
17349729
18230428
17061066
16714815
19005823
15832338
23218625
17255952
19356872
18943742
19103596
18116239
17229751
19361613
18793836
18827678
18062380
19463584
16126776
18620412
18005871
17645109
17759522
16849428
18662205
18660494
15939856
19560575
17538538
15843326
27376407
20754124
20159090
17936376
17831921
17419598
17270083
20868862
21595826
18659434
19368977
18988395
18115132
18088114
18572303
18035333
16079080
17513633
17633555
18854911
16654072
15865647
17759692
16372056
19233831
17504413
16365781
17850790
20996428
17783374
19889754
17243691
15678361
18256766
16399795
15885545
17490116
19333592
19196312
16991801
15798898
18839663
17722534
15948077
19044582
19042556
15879283
19971679
24040892
16335759
20319069
17296070
16567793
17791351
18670021
18021646
19354824
17186437
18864084
17755383
17412523
16676702
18920048
18336961
17212172
17227304
15782942
18303183
16487528
17762093
17245603
15980199
18810693
17768055
27327992
16750411
18562000
25743225
17445145
17384559
18900738
17795428
19016870
21747621
18813072
17614038
20329266
17841342
17245617
19500240
22685736
18973211
17874962
18212260
19878248
19166603
18169822
20233117
18602270
19297271
19791631
16766423
18066139
19627987
17912854
18273236
24037420
19719428
22975997
19763552
18480900
16572439
18455001
17683106
17790152
26498436
19929488
17310983
17397030
19294226
19343417
17584477
18079065
19176418
18210255
17588031
18730589
18872082
19184388
18177894
17731147
19345294
18065836
17502692
19214171
17709951
18535276
18679572
17302251
23745368
19967539
22776835
18568068
16698120
19314730
19296967
18337445
18783781
17685147
17235471
16801565
19879559
18854394
19646045
17100759
18942806
19590372
18004327
20159772
20201596
17801469
18745841
18820372
18919706
20524883
18695352
18673541
18650541
17785091
20988457
17733891
17980065
17454174
18287319
19346299
19219131
18903458
18136895
21410389
17483255
18757578
19284523
20641228
18247170
19179117
19352675
18676665
18166086
21472604
18199007
19254246
18269914
16027426
15998704
18330990
15751598
16150725
18013596
15757550
15951057
17645528
15907205
16730561
16237458
17567674
17069425
17819197
15734270
17621123
20496510
16922185
17607610
15610428
17447002
20130957
16933704
19313060
17124277
20951249
18853059
18777811
17934817
18407567
18131786
18640937
18731261
17047751
19165003
18116729
19117134
19192465
17657853
21788451
18002154
19254363
18335815
21202830
19009530
16577503
16523704
20958023
18640243
17179419
17863290
16817103
16917221
17686941
16165659
17684621
17096436
17262859
19335300
17383551
19292177
19752815
18254157
19110565
17670392
20172796
18344393
19588731
19847985
19380268
17799101
16807222
18440405
18990414
17944499
18631550
18358791
17773809
18903491
16994829
18288260
16406344
19387032
16085733
17367691
20210535
17375702
17499091
18622829
17851803
18945452
18742502
17306205
17944290
19815268
16255080
17288895
16680741
17839156
22358881
18195517
19585240
17968482
17580175
18760923
18279097
16642680
19101099
16968335
18467052
17140463
19855822
17863568
18069584
18967091
17529675
16918003
16892594
18533402
18478742
18826491
18997290
16677653
18077828
17181400
17388567
18887338
17015050
16249214
17642107
18666421
19330990
18361286
18255498
16870501
19044701
16640002
15975923
17714848
16659561
19248318
17306288
16622620
16415931
18944684
18057313
18549357
15964149
16300064
17541705
20605638
17387777
15852076
16453690
19538870
17679754
16015531
17589925
16271332
17572549
17730932
20804587
15842440
16808614
18099703
17443924
19766664
17295076
16568799
18522560
17244843
17849824
20069030
17126244
17144262
17051864
16463281
18209092
16644501
19482669
19092117
18501767
18195576
17787514
17912489
16455092
17173279
16903928
19105511
17248290
16061070
18832172
17273177
18839103
16548257
16322040
18337587
16938734
15704753
18049048
16453968
19054766
16337730
16139699
16904646
19015667
18873918
15644513
15923050
16716017
17325309
18473658
16514761
16709272
15999980
18835225
17406811
18042182
17133201
16432540
15924734
19357248
16596499
17526947
16376756
17349818
18430210
17687302
18615638
16706859
19376037
18818965
18429745
15934321
17058145
19797234
15650499
17584554
18621518
19468020
17901465
16537058
16665859
16005403
19327698
17898680
17725630
17406744
19672886
19180460
16070350
15957754
17062984
19093122
15789260
19710361
16130227
17198977
16290749
17174241
17178007
17953380
16603732
20086877
18730404
15598391
15916513
31494519
15584317
19228507
15566931
15557927
15620983
19669564
19542228
17608551
16242204
19141531
16706027
15643603
16620043
19043261
15913973
15826364
18342279
17641162
17257683
17441023
15863454
17710044
16370856
17000736
15856187
17537478
15955491
17436392
18440573
18843462
17187239
15698094
17988451
17249287
16867075
18664264
16247971
16609958
16201593
18923899
16534515
17337693
15897618
17850898
18034642
16953761
16432081
17804810
18760564
15707707
15966001
16958651
16817911
15527377
15552913
15738718
17826199
15600646
17371360
16542663
18338740
15696551
16240370
19041848
15658660
15889205
17291725
16419652
16304760
16136376
19262467
18784335
16103232
17808795
17443020
16929600
18695272
16687348
18693488
18882947
17736198
18075777
15541023
16409870
15975064
16974935
15801578
19004635
15654247
17409915
15890706
16045955
18226000
15993816
17593609
17670768
16278283
17342924
17723833
15569966
16565662
15929497
18269056
18265877
15741151
16973282
16201250
19638164
17990481
15636396
17721064
18022835
18390356
17173059
16932339
16458244
17393027
16227666
19017039
17702553
18340885
16245028
19855174
15842286
16591061
17030193
17111534
15570748
15717148
17155264
18463537
18480631
16997005
16193980
15969674
16945569
15798067
18442095
17191541
17824776
19439576
17051964
16207730
17645260
15769498
17996021
16644077
18959397
15983616
17107809
15824910
15849364
17866005
15957271
17068679
16456446
16611188
18583821
17026012
16156971
18501332
15798887
17599865
17056954
16158313
18905297
16328989
17391268
16923743
18204414
18940646
19160336
15645130
16735798
15853849
17361250
16441076
17601734
16727913
19065796
17963150
17609496
15712062
17112107
20215103
17425115
16101359
16214353
17384654
15893400
17224500
17449327
15691269
17576646
16328817
16568254
16402849
16160151
19592739
17662471
15984318
17785906
16016561
18134086
15915778
17635987
16234739
15967378
17156866
16009910
17782563
16799683
17750181
15534173
17328864
15897472
17969581
15920300
16982042
18590518
15914412
17089583
16252958
17839709
17666064
15871574
15629108
17717550
15728794
17305675
19645161
15620233
16635446
16703222
17408072
19455268
16083728
15952650
17726369
15958600
18706531
15780395
18946052
15726823
18042782
15795685
15854479
17396263
18382339
17650547
17961962
18009644
15878610
16448693
16565419
16071965
17945249
15887928
18552072
17979841
17157136
15765758
16731567
17112333
16492216
15918073
15975461
17754216
18481671
18426872
15739993
17755097
20028268
17533210
15975093
16909485
15958566
16890658
19127580
20146238
17322618
18197201
17637106
18672221
17832829
18929091
16253130
17247568
19367885
16603598
15896292
18237616
16336586
16108036
18136667
15895594
15896618
18304130
18665398
16299487
16602192
17949703
16025836
15893347
18255384
15597245
15911552
16542990
15585661
15718328
17449226
15968416
17522428
15935555
16710722
18504298
18110099
15951884
17419132
18152995
18376225
15816924
17165054
17829402
16438902
16407552
17897088
17700591
17097096
18992758
16213265
19339381
18635859
16619180
19643538
16033463
19516822
19556902
18223528
16604514
17390632
17406482
18626509
15959072
17744381
20583636
17800268
16415658
16693432
16146796
16222763
18105384
17654829
15720299
19602472
18059338
15765395
16369423
15962956
16545806
19312680
16184780
16668511
15914558
17238485
15763834
16616661
18480276
15884926
20050320
20424850
18212648
16633104
18654612
15822459
17308162
18108169
17914831
15698789
17563335
15894099
18125112
15690393
19157731
18153323
18017514
17951101
29417869
23498487
23260352
15616449
17711409
18489329
27245232
15772741
15564764
15578072
16459763
15651570
16612788
17616548
19087927
15663190
17572061
18142658
16318189
15988424
18083012
16453700
17767949
15876327
16322396
16845634
20066426
17771559
15662532
16133098
16993655
18641715
17211965
15990638
16354359
18330126
15992505
18256424
16704893
17486537
18561711
15544033
18580625
16067798
20051109
18508705
18395394
16355365
15975216
18793625
15840108
18782546
16892700
15625187
16876188
15834504
17694828
16183617
16438051
18502063
15884379
17662104
18185271
15760784
17540274
15678061
18158478
15669280
16962859
15901604
16854715
16443170
17298525
16246856
16373843
17075349
16994073
18611773
16635387
18524368
17909294
16610809
17412129
19047965
17626221
15739074
17830770
18125577
18230854
15641439
15909892
18156351
16006477
18818796
15629541
19019664
19787302
17371567
18987634
15592974
16348999
17060312
16897957
17290969
17902389
18061739
15756841
16850754
16908702
16237300
19923605
16754433
16853233
18721342
18268080
16162506
19277132
15650807
16804773
17730998
18463223
15747470
17451358
16357928
16103660
17006742
16684353
15546561
15557529
16799569
15618622
16009464
16516138
17054926
18194794
17002456
15686897
17843575
17292693
17517129
16242273
16408445
17198372
17753771
16580948
18223248
16375803
18077672
15919487
16882735
18580045
17343095
18217969
16549388
17867734
19481327
19742085
17772962
15791596
16270599
15973220
18827492
15874796
16277217
18174516
17621784
15823334
18250552
15554087
17530990
17987972
17074450
18916584
15830236
18692267
17581988
15832958
18120919
18393836
16516021
16025452
16949658
17108920
17973716
16862265
19122943
15832420
17703575
17669127
18168870
15545002
17982224
15910253
21686637
16153327
16606245
16550982
15924216
20005541
18493207
18300423
16621634
19084518
20357429
17761220
16688527
15983847
18894377
18160592
15575282
16414472
16627258
17795600
18376208
19999482
16030637
18965753
16701108
17920931
15931485
17356084
15850289
16070665
16735337
15961378
17066231
19733888
16748321
17670520
16988916
17598571
20650273
15593279
16045983
21030730
16957748
17792561
16547587
17265107
16407095
18630187
15912019
16252698
17568541
15793468
16874187
15947681
18486563
17209184
19775675
16429152
18820482
16885364
18725183
19244166
19050020
15576109
18085529
17996384
15656768
16041892
16082670
15914584
16639622
18498688
15898263
17994903
16293505
19307273
16343506
17586583
18066571
20118922
15685780
17678284
17923884
15896247
19020482
17912385
16533969
16797375
18745094
16371954
17393876
17526015
15680296
17880234
15854562
16006902
18258516
15926243
17175180
19227882
16942599
17081996
15778478
16795222
20140790
16257517
18083291
19730611
18457977
18101966
16713921
15851410
17033082
15816186
17761313
15961646
17175740
16980460
17130677
19351477
15798254
18784856
15776203
17411566
17895914
15707485
18353645
18605460
17579427
17408917
17046022
16674958
18442602
16246208
17118936
16282502
18179273
15943141
17566384
16185951
19443803
17594568
15820919
16934992
17036906
17446723
15850179
17227342
16959140
15834130
16985837
17420233
16167356
18973448
15787667
15894393
18088145
16041892
18432761
18050542
15800421
16100031
20204109
17278231
19017580
15657214
15989110
18701162
16149543
17095555
15997184
16382103
18083045
15547029
15548615
15552533
16907903
17245985
18788161
15608649
19906459
17219838
15849163
17471844
16643889
17482788
19424153
17788946
15731497
16370027
19022937
17826215
15829188
16844634
15942084
17755288
15593276
17215467
15859929
15930434
18437445
16396100
15939275
18607469
18264707
18925331
17665060
18868115
18171613
19528996
18176450
18261472
19263708
17606392
16291539
18989301
15729243
16803158
17369646
17299557
16549689
17440110
18248916
15841431
16361776
15913958
17305779
16891292
18390340
15544868
18914618
16204538
16257593
17180187
18121756
16090620
18467043
19051075
19025961
18416798
17895036
17267303
18914757
15849738
18235821
15966447
18455901
16143839
19083124
16173725
16397168
17830568
17538458
19018752
19792571
16774962
18104440
18131007
16383605
17821688
17433615
15547805
17822281
17843499
17513828
18340898
15712590
16679461
18103725
19847219
17770649
15855103
17274516
17181026
18394793
17866526
18434037
16550082
15929631
16881195
16488496
16392859
16958679
19358192
15525011
17427447
17498896
17242517
16380124
15952550
23207588
23076296
16735651
15998247
15550860
15558331
15582188
17029261
16187740
15566537
15851150
17104656
17232775
15599866
18114937
16645422
15722419
16760225
17095670
18410634
18069845
19174088
18639837
19160496
18664106
17818184
17770559
23795027
15598286
15847611
19799448
18065582
17066638
15557652
18977676
15615992
16067058
17023585
17282448
16275429
15883469
17526437
19511736
18574213
17350357
15591930
17988510
17844933
17712591
15996758
15973835
17686154
15530938
18356729
16002525
19723094
17283474
18319941
15695457
17428339
16651398
18495344
15724384
19077390
17338120
20595307
18928390
15905287
17672655
18736756
15797935
18197243
18674043
18745900
15584838
17838690
15880873
16604301
31427323
17391351
15593039
16010552
17661924
18072346
18124677
18129124
17820845
19637550
16438699
16690491
15625572
17257431
15609792
16815398
15837520
17178105
19060517
15960200
17320726
15922703
19248519
15582596
16051780
15992318
16098619
18599291
16215805
19628706
18068623
17396787
18726282
18368330
17160116
16737439
19203354
18660269
18781945
17815346
18415851
15773069
16976560
17147674
16676829
15954533
18563819
17221169
18399528
16234636
15910667
17353418
31329624
21382246
15589474
15593009
16244177
15574514
16672104
19315577
15821790
18371606
16812745
15681826
17067897
18045002
28200252
15600110
15596096
15749612
15592883
17399118
18105976
17462019
15594658
16108851
18267436
18507803
16212999
18242435
15605277
17969341
15559968
17407902
15652390
18127803
17929531
19048002
15786978
18797309
15730867
17056441
16271554
17192789
18862762
15881029
17635410
15987054
16006752
16523993
17740615
17665901
15823894
18034896
17972382
16180894
17821347
18924193
18036099
15833574
17140047
18341409
18837900
18206620
15677655
18748245
16847240
18234287
16174493
18765478
17823419
16496791
19241152
16068845
15961893
17427432
17697313
17849721
18299436
18936868
15634198
17141461
18579164
15717953
16878873
15775797
15978008
17785727
15922396
16316320
16859460
17330122
18858340
15835550
19016221
18296141
18706891
18240869
16740601
18047920
18803436
15979921
15740438
17556392
20212209
16264721
18171043
15792266
18606943
15916038
15932845
18919146
18849337
17133010
19725353
18215773
17852900
15844599
17425133
18613672
15497420
16009502
15634310
16330125
17907992
16474298
16128548
18206777
18299887
15730926
16768128
18645926
17390447
19084461
15819326
18545142
18177245
17267357
15836286
17353064
19650666
17726741
17186534
15886922
18324483
15853190
19719834
16265104
18196665
15690575
17835318
18114117
17019937
17709268
18628742
15954851
18224761
17533730
17700922
17546372
16446458
16193246
18549302
17359428
15799014
16835073
15860650
17001105
18196289
15750154
15915965
18947750
19374355
18004033
17660807
15781068
17175444
20835102
16569028
15582493
15690889
19001704
17325090
17262223
17957282
33934170
15556486
15569783
16593755
15792054
15743415
17290091
16198429
16836882
15602185
17340164
17980143
16347711
16310212
16392699
20095815
19346450
18043982
17041251
15582684
17476791
15631594
16464928
19238059
16627522
18059576
16200501
17147376
15755387
15959311
18016008
16019585
16131247
15765322
18674379
29871475
15558613
17421833
17673852
17978742
18124789
16992523
17188456
16091022
16313642
15857607
17349735
17621411
18328454
17158676
15716147
16727458
18254519
15643725
19361924
16968658
16690603
15923091
19026881
16993598
16041069
16305774
16946150
17167885
18963239
18556872
16475696
16533387
17126610
16304080
17469926
15594548
15603083
15532658
17615727
18297445
15703189
16921312
16123512
16564896
15886987
20439988
16818553
16974272
17030268
18823084
15610016
16470281
21165599
16909029
15713781
16151600
18178562
15646508
15710254
17051572
17246073
20070162
15915924
16021645
15990455
17167345
19978022
15573063
15574297
16194567
15687452
17995112
15649132
16143914
15892587
18365750
15720878
18081199
16560484
19886547
18128958
18157459
15661819
17356881
15728111
16672478
15971767
16466570
18589949
18782176
15610891
22139729
17737503
16479800
19209383
16321813
18280848
22069164
17503492
16076153
16327009
18476321
15680705
15916355
18450910
16777956
17855857
32779185
16448059
15543243
15757180
15535136
15526869
15548346
16807731
17532992
16853015
17693219
16417442
18462667
15814835
16804944
16646478
16097485
16748981
17279572
15672985
16867904
18343918
15794415
19792347
16417481
17154242
15957231
16510108
19886384
17532773
15667155
17634283
15843805
16175920
15947114
17350042
15900855
18081842
16309319
19002640
16053294
15905955
18429275
16781247
16544668
16061271
17914203
19457608
16794804
16664232
15914155
18233758
16043050
16917229
17877240
16107918
17310820
18737694
15641876
16822754
16863245
17363234
16726880
16549174
15914809
18211808
18660610
17091667
27881037
15902798
16050886
15805581
18628812
16506147
18872538
15898548
16900311
15602456
16625976
17093713
16901538
18034402
18135735
19051183
16638139
15976194
17931269
16299394
16173537
17584613
16451443
18546875
17247742
18291689
21079201
17070006
17229066
15692802
16731922
20327237
15626116
16592011
17732741
15642453
18388856
15623829
18919505
16506368
17549279
16214874
17932447
20588031
16115820
15770345
15563058
16708451
18265666
18876695
15554159
15922800
16223825
18163927
15691960
15959700
18219557
15712788
17855215
15640906
17459510
19003065
16375391
17848150
15759321
17610689
15756624
17820317
18768573
15686669
17345187
16974638
16742861
15827930
17073351
16897810
16537090
17769473
18618354
18896193
16570879
16404060
16010790
18172426
16209369
15638100
16369155
16951462
18611253
15566424
16429906
16008592
16711045
17299068
18884699
16809635
15582011
15757079
27340328
15523824
16727811
16384481
19968784
16909528
15656546
16907708
18199092
16893730
16827531
17008269
15905636
18576993
17937597
15660050
16537115
15823858
17190132
19620567
16153857
18020377
15674452
16429128
16927632
16544801
17206044
15693688
16368558
16132240
16882013
18400322
15709001
16084861
16485693
16780037
15727593
17252464
16453477
15902049
18728722
16011531
16082523
17147160
16560867
23710347
17864565
17475449
16837854
16226033
19346086
17301966
15716190
15981302
23169833
31583898
18750840
18749744
19600297
17403880
19237222
17310995
18354162
16492576
18135342
17175427
16466408
17245707
19347217
19016477
15541803
18891425
17059485
15585954
16167087
15941571
18383355
17490567
18103260
17068426
16828084
16918184
16045179
17244490
18569917
16924148
19701177
17913974
18670487
15791912
17009751
17410953
15679229
18669263
18723481
16231628
16186625
16505268
19558969
19137932
15591416
16292159
28658141
15522753
15567181
15558388
15588633
17910980
16757432
17946080
20797922
15550166
16235507
19203330
18311296
18133127
15626528
15992647
16255793
19269951
17107352
15955479
17784833
15745324
18073951
17135994
15756853
19091069
15632342
16393254
17884112
16812414
17280175
17695202
15935865
18390029
17792505
17232180
16428553
18022228
15571890
17165431
15749510
19069084
15886366
17168775
16419471
18579365
17692360
15688333
17202646
15730630
16934309
15911927
15914511
19301500
17007877
17003488
16866129
20021671
15938319
17317991
17013336
15671350
16464491
15555906
15565493
18564799
17942984
16245188
17061837
19433395
16154023
16165197
15868738
16206871
16001885
18734650
15652540
17048068
15872572
18809661
17771479
15818955
15569457
17493997
19662383
17523897
16017941
17235595
16098735
18852271
16912005
16015385
17559581
15835921
16798618
17409763
16292843
16654831
16324898
15977089
18284522
15544416
17347431
17686674
15793590
17257736
16597849
17571972
18053612
18564343
16014681
16390176
18420177
15907212
17883968
17489402
16226242
17894655
16202372
18085062
18223016
17207832
17784940
16433367
15925490
16389345
17370785
18882177
15909714
15913881
18922966
17865279
17677542
17075429
17046294
16687066
15888104
17620560
15658298
17148948
15719994
16184293
18841781
18489441
15645896
18474483
17531020
18100253
18002455
15680304
16537594
20715978
16496519
15799125
16286651
15923566
17257722
17446591
18189858
17807225
16705253
18572452
19150741
17052853
15925434
16169427
17240043
17835706
15817940
16162524
17282986
19252303
15854924
15880487
18437504
16960092
17098969
17264646
17743958
16501210
16933274
17525339
19349074
16974053
15766389
16718405
17288136
15576935
15842564
15545169
15558455
16399951
16322548
18002971
16385836
15889516
18228445
15732925
15959275
16911204
17433546
15620556
15626116
15612450
22320226
17780886
25265414
15601162
15589135
15589606
15576346
17098494
15699056
18569181
16233811
17682448
15771054
18307789
18171088
15612553
16732010
17866617
18364797
16832634
16100029
16781160
19921421
15785146
18079974
18542335
15716432
15945692
18627395
31275367
31595275
20229511
19717388
20024810
17699144
15586153
16694277
18305930
25843376
17726587
20231863
15875291
18315948
25447089
15603609
16601293
17789274
17645622
16099155
18304444
17977692
18671301
18225527
17363877
18267059
15702410
15929422
16604588
18453029
15707957
16177998
18097032
15902080
16604047
21111736
18517992
17511482
15505169
22903023
15753299
15570559
17454542
17361063
20373377
18524657
15593553
17606184
16171945
16244471
15935246
15974410
17900308
19489212
15806485
19090171
16604047
22370498
15722152
18010561
18382831
16867640
19246989
15773696
15926028
15842060
17440556
18931875
17453481
15734138
16986111
19284348
15642287
18394894
16421641
17957002
16029638
17852806
17276092
15627568
15902707
16305778
16285515
16813481
17223479
18443173
15842570
18766290
16861674
16451313
16321037
19034470
17625538
15979374
17057719
15637838
19134838
16943568
15629371
17987753
16119853
18774446
16456406
15949932
17637644
15901974
19889194
17441291
16481487
16264075
16976019
16936692
16954694
15856675
17516418
17601586
16116226
16963677
16414547
17410650
15601390
16542244
16327795
16958120
18778201
17501083
19270707
15937389
15951408
16595278
19116575
17931772
17916853
16315436
18768291
15931145
16344995
18284419
16742259
17638991
17114309
28617773
15543574
15534431
16616763
15536637
16395436
17364779
17826358
18673123
16546638
18484474
15754759
18641391
15801923
16067194
19468563
17698814
15554139
16195758
17943642
18039722
15580979
16222310
18420638
16503494
18821150
15705522
16640476
18633816
15710263
18038010
18343695
17872209
15639181
16392104
19560032
17351904
19571433
17222593
15617647
19386927
18366961
16021046
16406875
16003955
16880319
18339456
16804899
15699876
19575284
18934197
17738149
17714485
16361857
15597985
19580143
17017441
15779047
17833081
18206232
16417089
16639996
18811539
18619163
16988757
15866557
17082049
15945349
16882623
16107014
15916550
18249538
15660147
17404542
16827611
15889004
16558616
16273680
17928449
19076842
17639422
15689564
17192904
17564162
15658970
16723247
17335522
18804358
16196379
15911144
16517869
15960982
16894961
17292820
19913282
15835373
16600230
19195028
17823803
17528776
15719658
16579105
21992947
16796126
15549923
15648622
15731379
17289371
16765507
17093700
15568711
17059234
17320887
15575241
19011387
18075017
16511436
17218096
16127577
18161465
15988084
17095260
15657376
16919277
15978441
15820281
16319167
18009401
15727924
16687304
17646294
22045977
16477947
17314677
15553877
16429057
19524919
17423480
15736112
15963815
18749770
16444872
15620419
18595649
15853760
16969207
17266689
15925982
19888667
15595035
18118742
16281233
16610023
15599900
18405350
17393033
16106815
17199087
15551575
17250825
15930090
16817686
15796336
17690394
15572620
18008260
15690616
18793570
18826427
16876365
15721836
17144250
15961756
16719265
18573815
19208119
18143320
15733275
18185302
15775735
17501686
17724034
16068229
16164182
16769106
19214858
16975125
18864292
18858344
19510229
17795125
15687122
16659675
17404601
15777840
19121987
18550511
17077351
16396693
18701830
17050565
17654309
15721584
16755013
19543894
17627137
17903588
15755959
16541655
19188418
18982592
15673385
17703995
16738134
16638572
17282056
18256042
16370213
18624434
18661793
15776039
17401179
15575538
16297307
15661159
16569000
15847693
16555007
15894659
17234624
15806245
17475711
18183269
19545104
16713586
17773891
15683880
16098747
17906040
18957240
18597568
16325508
18675746
16066840
15822397
16342481
15954437
18895745
16837151
17060949
17253848
20308834
19534515
18840089
19936479
17090814
17413703
16512273
15879942
18585339
17582295
17125516
16705416
18184142
16172914
17766923
15589277
16494776
16045280
18844194
16954866
18862616
15711280
19629000
17419147
15808146
16813321
15648731
16054665
15594246
17323330
15731869
19302237
18099456
18520365
16114625
15961522
16616982
16483860
17066414
15608027
15544080
15565368
16957788
19714730
18496341
20927991
18383091
16246559
16007491
18555448
17828621
17089231
16119038
18960461
18508827
16558025
15632716
17070489
18182553
17356812
15619571
15930921
17949175
15827336
18223000
17051940
18463736
17412393
15600784
20109060
20658311
18518270
17927270
15978022
16433614
15650391
16504295
18848119
18648037
15752704
16124645
17450101
15624341
16544622
19086208
19753246
16304969
18048707
18286722
15777334
16236383
15937390
18047183
15741951
16534601
18048702
17280124
19566326
17219333
15562306
17583888
17564071
15820687
16548378
17662251
18897135
16241643
17773744
17366362
18393215
18918350
17284966
19246307
22028228
19374905
15538563
15722604
17899684
16495253
17856225
17269422
15718731
16681831
16440206
16196475
18723783
15941850
18720262
19864496
16025176
15626652
15957724
18342496
17176652
15682338
18044305
18566497
15605176
16035890
18593292
16931105
15922217
18202321
18400895
15655163
16337480
17067960
15920131
17631874
19995052
15884716
17359004
16651086
16839117
18606571
15694785
18277324
16052347
17214220
15655106
17905396
17025602
16483434
16850348
18655954
15538784
17674691
17471318
15677161
15774836
18537054
18303175
17848642
15668089
18551908
17682196
15610001
16310704
19102021
23882993
15809349
15598763
15632453
17985835
17394078
15545699
16035090
28751911
15614787
17812308
16309135
15524312
15534173
16052627
15546998
15548404
15561006
15562038
16047704
17260403
18350840
21231759
15632301
15606864
15606395
17677207
17692866
17867133
16005419
17484888
15569704
25234909
15886784
18138642
20398101
17935645
18517102
15605019
15620783
15635740
15861266
15550432
15588692
15554112
23536880
15727010
18496272
17677441
18040200
15571081
15729683
15548908
15561631
15609959
22182698
16079787
16045595
15753201
15640264
15793363
15532441
16441222
15611627
17072272
17035968
16283684
15508817
15579427
15575237
15585483
18013170
19327524
22463393
15502628
15577256
16378622
16818960
16390041
15720648
16217136
16574344
15944102
18145035
16083370
16280879
19732651
16865209
16886263
19518488
19685359
17154546
16249711
19452911
15737847
17159957
17866556
16447253
18410944
16391030
16362968
18060465
16457506
17491425
17981704
15637623
17108922
15797314
17021064
15902906
21882807
17714548
18464988
18351605
18307941
16114430
16390764
18393042
15658735
17421432
16975365
16012068
20550031
17815176
15556285
17495227
16955573
18083386
17187922
17211005
22440425
27975035
15601005
16827495
16069808
15555887
15546792
15560697
15545774
15583291
15688933
15955509
15835655
19230450
20884524
16171198
15553629
17220247
15612255
15597719
15587441
17108037
15581475
16110924
19434240
16252464
15792849
17595455
16239736
15639339
16251126
18551713
15677109
15554825
15564922
17217954
18024679
15562438
19122693
16337074
18058952
16089475
16354022
18226185
17485089
18970024
16706952
15752775
18135506
19417084
18427386
19046537
18397401
17525337
17652470
20465553
16867163
17091445
16039184
16222802
17340442
18638774
18509465
19885620
16371209
16612507
17134469
16891008
18901041
17326684
16083612
16583932
15530178
15596965
15858999
16619175
17117058
18526830
17946035
15526619
16675119
19894875
16723737
15531957
19806026
15513719
15607987
17086761
17688702
18605384
21010468
16714008
15923267
17779811
19109299
16497327
17814479
16236837
17744248
17939253
17730550
17833156
15527532
15544982
18747542
18527963
18449665
17497510
18824640
19884531
17615914
17578023
17786434
19826341
16408137
20629931
17575537
17414081
16894461
16671613
15902467
18982955
19443226
20455002
18797770
18292915
21070224
17403582
19027273
19552270
18499506
18910862
19558381
18782679
17363263
18894056
18008502
20081284
17567353
19644873
16631877
20129735
17183059
20278314
18230325
18359388
19380182
18837126
20252673
17595585
16349747
19191681
18352922
19421858
18502900
16879815
20265667
18240392
17006255
17628108
18320697
21633231
15945251
19037434
17078742
17229977
16631105
15971219
19357644
16655259
16983276
20077127
16023259
15589962
16179900
16643554
18151591
18496950
20088028
18293370
16389072
18608460
17380295
17294127
20010000
18789235
19679792
16639131
19625954
16367155
17661191
17597958
17382735
17520179
19959004
16920617
17689407
17927959
16642568
19380979
16841470
19575955
20172504
20934036
18553694
20035466
19930279
18919794
20965350
21214796
18422589
17678980
23185748
20235532
16745472
17668143
16713115
18545510
17666255
18716232
20485026
20479995
18269576
18641439
17295946
16970931
22027119
19939522
18456505
17760388
18214982
18084028
19261944
16652746
19388689
16913368
17895662
19685760
18633676
17844482
17123568
17779265
19248120
19772497
18956161
18199155
18481235
18816115
18381356
19289709
17981438
16615885
16326272
15581721
15583817
15614871
15589882
17809972
15628405
15640899
16068251
17061824
16565469
16066603
17583703
18188873
19183824
17671196
19178465
18469297
18780541
19217768
18873786
19538202
21513130
18701680
20478679
17674666
19677570
18528541
17641315
17314803
18666251
16976138
18829519
17720107
17417018
18512999
17598157
16742826
18648945
18109520
18475275
19694907
16602466
16755582
20229205
19275021
17275099
17768928
16871211
18908490
18664020
19917538
19008793
17142673
19161409
17740675
18080250
19231156
19787028
17940215
15853933
16668460
18168337
19044522
18060886
16757520
19367179
18158232
18822796
18103402
18504639
18758008
18131504
18073705
16460003
17160336
17588777
16286555
19467949
16961699
18741676
20075019
18010651
16575776
19138939
18016044
15751877
18218978
17631736
15836879
17504679
18061152
19002636
17616625
16968382
19591587
17949748
17949517
19517847
18619075
15987298
19285693
17389552
16072906
20042652
18357085
17951692
19548642
17615219
16026581
18687187
18007872
16612198
17717304
17705468
17524081
19458583
16186985
18103921
18593613
15835696
19512393
21038422
18252639
18932240
18974198
15771219
18501088
16630386
16352971
18511432
18254286
15894789
17713479
20900358
15914569
19271117
19092396
19707721
18255910
16005049
19185508
18648202
15950313
19006863
18179050
19088637
16803250
19226868
16991828
15978771
17521670
17919184
16754967
17888206
20287418
16529555
15941805
19111660
17895534
16104924
16414747
18711485
16497835
17875597
16742984
20083007
16467218
15976214
18463461
15848709
15955013
18909010
16892887
15964989
18522108
18065943
16138860
16903985
18326624
16742667
18808602
15669312
15893769
18483694
16026349
15898759
17069067
15808696
18385489
15847067
16206844
18297705
16909195
16998261
18612502
16213571
17436731
16659446
16407444
15888369
17889865
15999892
17914983
18029690
15661477
16204445
16201027
17758052
17700837
18445714
19783587
18416909
16733230
15939589
17099826
16465632
19521135
15842506
15952593
18725379
15831016
19041124
18689029
21379233
16408827
18483089
18120220
15767113
16554255
16017650
16520608
17597972
18430910
15762681
16468250
16729541
18369345
15964900
18044272
17840915
16477518
17994842
17080657
15703553
16513191
15664171
18131010
16201494
18356993
16219227
17129503
17786521
17071360
15940496
17587039
16367504
15977030
17858998
19561659
16943363
17885224
18195245
15679810
16289868
17167652
19525240
15716588
16770599
15992432
19763520
15751058
17536954
16103470
15927381
18709361
16078634
18231198
18738637
16825225
17368407
19351995
16601416
18371259
18457882
18428329
16757126
15879829
19406532
17196739
15549355
15924564
19457106
17183640
15559771
15930976
16406304
18524004
17858356
19186700
15660229
17696484
19555985
17743210
18197187
19713540
18892199
18171973
16343769
19444488
15893371
19456760
16818980
18450042
16646520
15741183
18345474
17470846
15936806
18722498
18610948
15823466
18308136
15689665
15627229
17340731
16469243
16765576
19354595
15608934
16945266
16545513
16728877
16945399
17157506
15912837
17414526
17082538
18673003
15974506
18884700
15796519
16289321
19758430
16064441
17253297
18350756
15852302
16727110
16368922
25201130
16970265
15575777
18127356
15842271
15916465
21194172
16381144
17011197
15683525
18042273
15875939
16193731
16940182
18750743
18635334
15606216
16799299
15828410
15958018
17027516
18609833
17949515
18973185
15843896
17293085
15895799
17781911
15860845
17933722
17338671
17128148
15877329
16447090
17961992
17189436
17689697
18852356
15897566
18494395
18187800
19002764
15905029
23205969
24706065
18266558
22668415
16768925
15540263
15548953
17867761
17383945
15534506
16135883
16348125
18902112
17247496
19758783
18077942
17080202
20229067
19471702
19196988
18276248
16403650
19084998
17712530
16589936
18158209
19095923
16923866
15751032
18157320
16669408
18772946
23761684
15601790
17814203
15942871
15855627
17668530
16339249
16759736
17183684
15679722
16361022
15917111
21565883
15569261
17978293
17158004
15660568
19825916
17108835
18159245
17391004
15568687
18213949
18542910
15563739
17976055
15671789
19017680
15794633
19240906
15705010
18042564
17148391
15849773
16854450
18733289
15688879
17256683
15922567
18218169
17136318
15815932
16683348
15919958
16479324
20196633
16610429
15529563
16297724
16174365
18303114
15741752
17293677
16296888
16037298
17369881
16335806
20587956
16885363
16391737
16698803
17363162
16571236
15932790
17891779
15790069
18352724
17466473
15736823
16287824
17654325
19382444
15756800
16704618
16223385
21713459
17136115
19263069
16153015
17990359
16066013
16605847
16091946
17511459
16072830
17922532
21969671
19384085
18125823
18705466
17457507
15772266
17852715
19315018
18821558
18075393
15998312
16860825
17405509
15908945
15907129
18001496
17016864
15912455
18006977
18260603
16542976
16029768
18189537
17629438
15884885
18197239
16686349
16025599
16219557
19435441
16081821
17435027
17222006
16930280
18919473
18978266
17822168
16333236
17688553
16631101
19751128
18602043
15584144
17106361
15852054
18339377
18032965
17838990
15657222
16811569
15924826
16415637
17214744
16873767
16027129
17364598
19853744
17432677
17494965
15640310
17894600
17955760
19488997
15741631
15933354
19161395
17037763
18231007
17516470
18140570
15647998
18786802
18617402
17883785
16731090
20156128
16145240
15967615
16615132
16485792
17172437
17847928
18201304
17229288
18650929
17563741
16073167
18285463
17723639
16371251
15618756
18701623
15724323
17176323
15814198
17722187
17347651
18169395
17917193
16635011
17223612
19386412
15787779
16238858
18445121
16234619
15895707
28121793
20672563
15644190
18614927
20684836
16298677
25616534
15614602
17291410
17747320
18390347
18570110
20347905
15963010
15776495
15951591
19227179
16577502
17975773
18935414
18057835
15668545
18354866
18156495
15984924
18672745
16232623
15924181
18295992
16908416
16339092
18471127
18034201
15878886
18455812
19618570
18351515
18420683
16038533
18294924
19300885
15754079
19608418
17440989
19467677
18217150
15631915
17300971
16108523
16336251
16035368
17059148
22318302
15875707
17174340
17749889
15585222
16921769
17381500
20499674
25170204
15589183
17665456
17420364
16111345
17528830
17227653
15532585
15977239
15876126
17129860
17277788
19668488
15530527
17264764
18468551
18223691
16238409
19489939
18455628
15684358
18950694
18390255
15672189
16905429
15921748
16894788
15876301
16823572
15821721
17746789
18906251
17226769
15655725
16581447
15932633
18294230
18284346
16217157
18615393
15574254
16747953
18169836
18100729
17459601
16261397
16356000
16653639
18528510
17835998
20132714
16421611
19230066
18607545
19204500
16914156
17225189
15579303
17629280
15970679
16835449
15858454
18591423
18262211
15550194
16903328
16744007
18822771
18796911
19018129
17634118
15587370
15578757
20673679
18010194
15591203
17005966
15876652
17299037
15659932
18533149
17222500
18736976
18463453
18395778
16935933
16923538
16445827
16111459
17651833
16012957
19105340
17299666
15642526
16864679
15742657
17593493
18882280
15626036
17055261
16509205
18936984
17738168
15988407
16399758
17013408
18457786
16827742
17878400
19005256
19061804
15793253
18565082
16221761
15903510
17723265
18955615
19636185
15543245
17782676
15645557
18247688
16174428
19104861
17217230
17133258
18879441
17365296
22714335
17525775
15928681
19080207
19959203
17620541
16899445
15644229
17372063
15976208
17125558
16346022
16259090
18108415
19352229
15722277
18114964
16577479
18608525
15897535
19014239
18993662
15843157
15641444
18430809
15685849
17991925
16809794
18009166
18882508
15963423
16679511
16307494
16121798
15934079
17883357
18506847
16466175
15970740
17591943
15641899
17183910
18336437
15749933
17322662
18889124
17621872
15588410
15573505
18768669
18692853
15550744
15827797
16130863
18693254
15864853
19532013
15987873
20007789
17840572
15619664
15963815
16525604
16881979
17875634
15591863
16295882
16560026
16393282
17944591
15815590
16867358
17939167
15793031
16958266
16452408
19213773
19305378
16838735
15567734
18236907
17654220
15553681
17140766
18016075
18668949
16386766
17568269
18181926
17323784
18490523
15588510
16274874
17344623
16239302
15660426
16300282
17719833
18524823
17935757
18404189
15672528
16604537
18692850
16470606
19202121
18824625
18510121
17885221
15794839
15897940
16630418
15562127
15563773
15695530
16551816
18428315
18000877
17756613
15630282
18049567
18027374
18553265
16390961
18431089
16005915
17424245
16668353
15982244
20192227
17998309
18136441
15834357
16285364
17960849
15855176
16363447
18094007
17098394
17972510
20038832
15562676
16991577
17660054
15639949
16520495
15797761
16471224
15909936
18223000
19371021
15760810
15537533
16734075
17972169
16356133
15937803
19056247
16508523
17087135
16415933
18617916
15565662
16532986
18242520
16024261
15881635
16639590
19595235
15734000
17344102
16742092
17350046
17025718
19286537
19642787
15722273
16106968
17754305
15912745
16075455
16547052
19599777
15957864
16530468
16205104
17372617
17880848
15877325
15913629
17374130
17582420
17402249
15612086
16983306
19243688
18940147
16938748
17208856
17870519
17673533
18579055
17875479
17673251
16157995
18097192
17867608
15579310
17132781
19387284
19210557
16433370
16287850
15653682
18727026
15713636
15846151
15685250
17665348
19534458
17913671
19175178
17401877
15720587
16815221
17675871
15657489
15939229
17652068
15664376
18998607
18522422
18165288
17761529
17699512
18577920
17724102
18098843
16296483
17067913
16097624
17611620
15691483
16938270
18451845
18621804
16569635
17022259
18355317
17621835
16935344
16955488
18373948
15624987
16315749
16267109
16715560
15805097
15939633
18263283
15536341
17670431
17334941
15723435
16945742
17706644
15916560
16265911
15877698
16291907
15898526
16819361
17159141
15851097
17557934
15859080
16659163
18114708
15935231
16131537
18830927
17550229
18558330
16647437
17093084
15701740
17342535
16584687
18953431
15579344
16268549
19201404
17360710
15635340
16087207
17239269
18839710
15587933
15939678
18564315
18286897
17743676
15604745
17011534
18360365
16308512
17283150
18660068
18051095
15693497
16729318
17428365
15549542
16276339
16782041
15819614
19294783
15902323
16159095
18046055
15718137
19273776
16233935
15910956
17609238
21432964
17967332
15531191
16505320
15564610
15568156
16545086
17964719
18462741
18483999
17320099
16050686
19173864
16352637
18032517
15568806
16854738
18514346
15943032
18792654
15583045
16632525
18391935
15774301
17930295
15570998
17839603
16095375
17587408
17029515
18308440
19278939
16307305
16137633
18614546
17356523
15534744
16998544
18305054
18121236
16244968
17257538
15728424
18213676
19836887
19447492
18133495
18941279
16665906
15682824
18913404
16053422
17481027
15809738
18996938
18941034
31508261
15584756
21464227
15613645
15778311
15555203
15544861
17645335
26712558
16441858
17332615
15601438
17864378
17617134
16068276
15561446
17143945
17908531
15564785
15567013
15567370
16817702
15643483
16701259
15950319
18431955
19195804
16007274
19139870
18308477
15928233
19096624
18624102
16528663
16566211
16088731
18785094
17631450
17764750
18514255
17610819
15583200
16014002
15909416
17880303
17315277
16387432
17917691
18448541
15536401
19105822
15633280
16829526
19050082
15625078
16067634
15940933
16051370
19593309
16871069
15704353
18360688
18218984
18085557
16461925
19023126
16336692
15862718
17538348
18357600
17225118
15749388
16537247
17207902
17497744
16559410
16787857
17740765
15609729
16407075
17422118
17658351
15684137
17796803
16197963
28286645
15545045
15571725
15858852
17049888
17435864
16466171
15953836
16866532
17558696
18330158
17977211
15933293
18420506
16392742
18725674
15648496
18287352
18676991
18369943
15745389
17750148
15571027
15563391
17833146
18543779
18888602
17415813
15609307
16977283
17730119
18233945
15605580
18723758
15558223
15870215
15698720
17828137
15691771
17701318
17196826
17511605
17207320
16982637
17911597
15868001
18131600
17290390
19026514
17601523
15792114
16806906
18756104
15796211
17153758
17326283
15558745
17366873
16577413
18702606
17855740
15578374
15577297
15647210
15549656
16754792
19252261
17692094
15542503
15543324
15536844
18665857
16583216
15513360
15522371
15527344
15522668
16774725
23601127
15740824
17957714
18122709
17005867
19133694
17979447
16227863
16404434
16133908
17690485
18306235
15582539
17338748
15525451
16528241
15963052
16355853
16478093
18601117
18196844
16445872
17938044
15829173
18470845
17140431
17844964
16759592
17488979
15802380
17318996
20891249
17542011
15547579
15583616
17262698
16388584
16321015
15554772
17240384
18285223
15600948
18835523
18301940
17447505
18510310
15927811
17678067
17668530
16686568
15788266
18147980
15532820
15532376
18250489
15706665
15561843
17723970
15764702
16412619
18525333
17094746
15735316
17589771
19613661
16967751
19135815
15521848
16214747
16103813
15936769
17338293
16226669
18305625
17529344
18119274
16944001
27473088
25840377
15656030
15529871
17292862
19568076
18323740
17670274
16814864
19636191
18017173
15544201
18096386
16505367
18866615
15558053
16350811
17804851
16144357
17925542
16497854
15909983
17381994
16559709
18087542
15962548
15976340
16441752
18979218
17922005
16926422
17552703
19854569
17962210
16448797
17555113
18713583
18499695
16289810
19104335
18734471
17063747
18757554
18024236
15784273
18834826
21562917
15537340
18094918
16814127
15637952
17140021
15937906
15942301
17483154
16333039
16684678
15834090
15749005
16922153
18650437
15544694
15555197
17176469
15928971
16659392
17924246
18579763
17662555
17437280
18897050
15893600
16327854
15929751
17721531
17426777
15703446
16493360
15790216
16785622
18207579
15672778
17662964
32743285
15541699
15545097
19338789
15884686
16988253
15939607
15559381
16650725
15671421
16249034
19828952
17086005
18429958
16858782
15727745
18081850
16123106
19268409
15540819
16421360
17346907
17729666
17988653
15868304
28141067
16516918
15606417
15610012
17990015
15955191
17713869
15556840
15874936
16569482
15902646
17580070
18815000
16557082
16445775
16409766
16279175
18024922
18587451
15600189
15934261
17310719
15654762
15880217
18026600
16108554
16766043
18419216
17667128
16111075
17258280
17638490
18456033
16789801
17963416
15916703
17644663
15727135
17866761
17692939
15811792
17406167
15848038
16889076
19121768
15554352
15889740
18507410
15601327
17063847
17120968
16012465
18033434
18805392
15608962
17370705
18145097
16529027
17550668
20277735
17262507
15584987
15590203
15575820
15554797
15564756
15542979
15557539
16983642
17579642
16666437
17573447
15857668
17075963
18069275
18641417
18755777
18099313
17432744
15648846
16945210
16754587
17309143
16442695
16529419
19002685
15616419
18249607
16321106
16380250
18523162
16192366
17440861
16713389
19215948
15856374
17794815
17604651
17640575
18242187
16214856
16758887
15706374
16309533
15687945
17190095
18926923
18476670
15968915
18692613
16143360
16035811
15857294
16167875
15950515
18350656
18973518
19268015
16787255
18610563
16468725
17135828
15964772
16854453
17812462
15560055
17677455
15549306
16240504
16144576
19532102
16090760
18798207
15797225
19315910
15687407
15934519
16145890
18434979
15678605
16530386
17317048
15785857
17757763
19055100
16128621
16330712
15766511
16689264
16991455
19013158
15602310
17832588
16047314
19331359
16603235
17424143
15646193
17615688
18432271
18202105
16705670
19071782
18782535
17688828
15985590
15816482
17012476
17595140
15695398
16031832
18736325
18289663
15740949
17350696
16312740
18712215
16603881
16375584
18153907
16400636
17195767
16558802
16011253
16741163
18258110
17933177
16016056
17391304
17371447
15623674
15920672
18262546
15542094
16498462
18217355
15885724
19066550
15874342
18365483
15731598
16053237
18509300
17168893
20074625
15841748
16276087
16032081
17993220
17643665
15553161
20610440
18412545
15542288
16640115
16651219
16065445
17828523
15592350
16402987
16579306
15792912
18677354
17651851
19032280
18257167
15671439
16836405
18777985
17472225
17662536
19297716
15522599
18119140
18504261
15533430
16997159
15625488
16503933
15540240
16203326
15744566
17073305
15877611
16577275
19038726
17770455
16428224
17699715
19417480
20563252
20217333
18611718
17102385
17881908
17517275
17490816
17840213
19144257
19068593
17167241
16155000
18060447
20651987
16354735
19865077
17336851
16873994
15893426
17510486
17120500
18702389
18120155
15560279
19515494
17935082
17847160
15543822
19129729
17844158
15990866
19197121
18347286
18774334
17266303
16779317
15948646
18400029
17053699
18086814
18988042
18412402
15880232
16862436
17240730
15781872
17320603
15922979
17938328
15583498
16926461
17913109
15532708
15874524
18567670
18083847
15577150
16981325
17005633
18517153
17145528
19224753
15544029
16103630
17832397
17848389
18542993
20693209
18359335
17137209
17562043
19679666
18375542
17341636
17027977
16064255
19586263
17250114
15896481
17193302
18679534
17198914
18768496
18760095
16779681
15873047
17414063
15631297
16452369
18657750
15838861
18562587
18540029
17433622
16507861
17741401
15654143
16375427
18084643
15704908
18810724
16458524
15815272
17716097
19115133
15958663
15815286
17559703
16467279
16725102
18267340
17532663
15695891
17596631
16068692
18889719
16546119
15924627
16119025
17144489
18330595
16252232
18098543
19091508
19091658
16437273
16491489
18104293
16270093
17205668
17752185
15909928
18188221
17707063
15936351
16176940
18459220
15974563
18432909
17273461
20925475
15882403
18304185
18037358
19000844
18965322
18973372
16638791
17234433
17192588
18181932
17455729
17232761
17139159
18254267
20563294
16988790
18102565
16657133
15975885
16407168
16114219
18019358
16853458
15892819
17429413
16161539
16877888
16125447
18804256
17889479
17432811
19668668
18563686
18138504
16450580
16069477
18560203
16357882
18471450
18353272
18180220
15837146
16775643
17680238
17436736
15796038
16404550
16444748
18406946
18875434
15712507
16484386
18874404
25847301
17082144
17519403
16806044
17455639
18364045
16428982
16906220
17357820
15595877
18135337
16212298
16557145
16427027
20796642
18600243
18225567
15667390
16405363
19459901
19529274
16467114
18996589
15705053
15922136
17715366
18241364
20260923
15618874
16982351
16977399
15635786
16382045
17889531
18017911
24169297
21584016
16373796
17925208
20411068
17258351
17880267
16559213
18073423
15671485
16381901
18027882
18314847
21452543
17270819
17879292
18523948
16184053
16908076
19971455
16408606
17876468
15752021
16438704
15825686
17762089
18328021
17120561
18167529
16339383
18174453
18206598
15757359
16089181
17320442
18473888
17214371
16554222
15924297
19057228
15866977
16737376
18286190
19284324
15564941
16504897
19299816
17455513
16330676
17589506
16292524
16407032
17887288
17702647
15627466
16265346
18200801
16283845
15951481
17040473
20243712
17519238
16098200
18639802
16061230
16276837
16383055
18546458
18701353
15561882
16623927
15914153
16203537
16501962
17474352
17276049
15903207
16080848
18880335
17244819
18497403
20975691
17169979
16759480
15800799
18969573
18229782
18863473
17574139
16025951
17618756
15770905
17652761
18905514
18850473
16434624
17328421
18766334
15837080
19301893
17865258
16670399
19777030
15592324
17498112
17714773
15591753
17051196
15685098
17925926
17862676
15683697
18442218
18980624
16184435
17502278
18762429
18282288
17373960
18397624
18310317
15651771
18945979
16248866
15843849
16187969
17309868
15554126
21189561
20617535
15542410
17442719
15607105
17803322
15530562
15612581
18230477
15629851
16338404
19220147
16515420
15605573
15596778
15790544
18165849
17824812
16256811
17992811
17845452
16033375
15595070
18255465
19397212
17601348
15660490
16490914
15619691
15546590
16364124
18084980
15790007
18149290
18302665
18481586
30942380
15557652
16560349
18176297
17102664
16345607
18184459
18380046
15631519
16698093
17650805
17804293
18443931
16821785
22163936
16117183
16297797
17375578
17877776
17175673
17797061
18216831
15959372
18411685
17427169
19735503
18201850
16438555
15952731
18149704
17211335
17887983
18050443
18435377
15850037
16320145
16946725
18989725
16250155
16026615
15758853
17618609
17022466
18777175
17694772
15607911
16632044
16123187
16882556
15726315
16474122
17602859
18669792
18402778
18649718
19700447
17407092
15657021
17535627
19324084
16805921
19967302
16524788
17369855
15629372
16007463
18136097
17486883
16020985
17192756
15755211
19917932
16581945
17458011
16034978
15629443
15998023
18633977
17899169
17238067
16976806
15998505
16272990
17516110
15717715
18112636
19668045
15627862
16296075
17058515
17020744
27310802
15573708
15568212
16779391
18302046
15616349
15562940
18069892
17706312
18102144
15646131
16271170
17160646
16628302
17284812
15941043
18273242
16101960
15607672
18561636
17507734
18517663
16151485
18759532
18297381
17336430
16441266
19013268
17964180
15673198
18994130
16440393
15913571
17739142
16421939
18599439
17803585
15962442
17103509
16938498
18979311
17804718
16130690
18023618
16074969
16385374
17551018
15967666
17452144
16551151
15950104
20221648
17780474
18348816
18141920
15620771
16049493
17826770
19259388
18554810
15977776
17753824
18920360
15635401
16017948
18064177
19389069
18775553
17173646
17853540
19005795
15632649
18784671
15609232
16166944
15966805
17827950
15917523
17704613
18400969
17756396
19530109
17733943
16052731
16602908
15784108
17510896
18550183
16857469
17062307
15595334
16546004
17997949
18960833
17274498
18051503
16581439
16159156
18144177
17224464
15668150
17739280
17502300
16413508
16699266
16224505
17773769
15744013
17679893
17289208
18154609
18375291
15573423
15573701
17265369
16884684
18232112
16178380
17817922
15775429
17935440
22248787
17839147
16691543
17300506
16923931
16969885
18953820
16133496
19413843
18442714
15611341
17405224
18008656
17239873
15710319
17342248
17733321
17589785
18127488
19184329
18260450
18670771
16234847
15996508
16790134
16957486
27253292
16596543
15712880
17899881
15520119
16322987
16092272
15976533
18299066
17870884
17596688
19198719
17870233
17392944
18785030
17627037
19134337
18183102
15773344
18219337
18141484
16288340
15801984
16978498
17949293
17733401
15692030
17792724
19845105
16863029
19433582
16614079
16246640
18040486
16656650
17680782
16134133
15957276
18451097
18532689
18041597
16830444
16011155
16419754
16410294
17567061
18932362
18155593
16574785
15732862
16779524
17152661
18309570
16676643
17358622
17622270
16993112
17927439
16663097
17451681
15997820
17952037
15889669
18178627
16117889
18946974
18092691
18354111
15711999
16559026
16852357
19427323
17352861
15889187
19274962
16611441
18940383
16520060
19345058
15771212
17791445
16583342
20992056
18036819
15705999
16703394
18523411
17226822
19993474
16709615
15602582
19310897
17418066
15680401
17846313
15899493
16009223
16326202
16535688
15772636
19625136
17748697
18671146
15769806
18503254
17410906
15716263
16319731
19210319
19143259
17939947
15774411
16969883
15922105
16775405
18818530
17959425
16921026
18519170
15597032
19691189
18775547
16030178
17710670
16571427
16741719
16637646
17646709
16532059
17261510
16433457
18904606
16370745
20027735
15770160
16137621
17584889
16676849
16147196
19009882
18082539
15638204
16907538
18688505
17227746
16672642
15596843
18854667
17310402
18434786
17979211
17331625
17210883
17706004
17739282
20002563
16619742
17528609
16091140
19231646
17658733
16153958
15920190
17450265
17985583
16483988
15579579
15587951
16635068
15626744
17409109
18155245
16080928
16359998
15799082
18954376
15905153
16319976
18415609
19460904
17572115
18341678
19653118
18144384
17850187
17996922
16465950
15932629
18268089
15656546
15912472
16194000
15932170
16503681
17620242
17977426
17691427
17005119
17316918
16143509
15806080
17105542
31412111
18991144
15626266
17419840
17891683
18386657
18622188
18234970
16263664
16981735
17644218
15630982
16693161
17437973
15619697
18892822
17446723
15753315
17198604
16226269
19642689
16190206
15966304
17065714
18569373
17277679
16630715
16963291
17059640
17135020
15645167
18454477
16486812
18375498
16857673
17958454
16063238
17796382
17136068
16521044
16908816
15999015
18764194
17376706
18511774
16053680
18015707
16864458
18042218
17785597
23581640
16600573
18203275
18922098
16061362
15660162
16330600
18867903
15592769
16113742
15967498
17430865
16289359
15949125
18587582
18213617
17827688
18060193
18185284
16605430
18118356
18835822
17276060
15718141
17259318
16403156
16132401
18103897
18137381
15585210
15842434
17707580
17811156
15721770
17282306
15607361
18469039
20669805
16355611
18055345
17513399
15917399
19019146
16211576
16459784
18720278
16120154
16366909
16617063
16730450
18338809
16076545
18517961
18469855
17837537
16807479
19331485
16272155
16344780
15971235
17007465
16873598
16401214
18252237
18183037
17794071
17752433
15945391
16135598
17064150
16687423
17539004
17527957
26211137
15606121
16410036
15544791
18528519
18151760
18223286
16704679
15980504
18968085
17938944
17934044
15727666
16828811
16608375
16453677
16176270
17934369
15681599
15990341
17470509
16582416
18501187
15794230
19394152
18476037
15714643
18241844
15683442
16347554
17752705
15660594
16488422
18291581
16744899
17295007
16972434
17300189
16993476
16734463
16467148
18213556
17717586
17294997
18060045
18588503
15979061
17651170
18450157
18490936
18191457
20379692
18556835
15573730
16885310
19498182
16509584
21397464
15854548
17396704
15818280
18539599
15521612
15950391
19264409
15992461
16405293
19447951
18091094
19343177
17063158
15621838
17744622
19949518
16036138
16236608
17505920
17998183
19340702
17505896
16234548
20130736
17878274
18715740
17020695
15657921
16298457
16870724
17598815
18759488
16157511
17516133
19719044
15800917
15794262
18589281
15661196
16164775
17394103
18002459
18219301
16200587
15569986
16298108
16667702
18870682
15936251
16976905
17639367
18055312
17383576
15753488
16864825
16260625
18915493
17331042
17711519
15628021
15783816
15629289
15613627
15602680
16492615
18442021
15712168
17985047
18000057
15584402
15696425
16681328
17236050
17085004
15841919
16958283
16024204
17288440
18945705
16210480
15947287
17595878
15712860
18299783
18535942
16448835
19078400
19251083
15743223
16334986
17638155
18015128
17137136
18015002
15720075
15714685
18013785
15665431
21165013
23877699
15623379
17304775
16680831
16145507
19380127
18464745
19059274
19841617
17582057
15910686
17222203
15917490
18584262
15759252
18660521
18514431
16782151
18784348
15884191
15921063
16752267
17044568
17353560
17145097
17648062
18437014
16462386
26347309
19170503
15601327
18111423
15652954
15886341
16462153
18462112
18174152
18309338
17337286
19333368
18006000
17503372
15747534
17306106
16200346
15828796
18259554
19493308
16332779
16136081
20438815
16949952
16872271
17271325
15960509
19058541
18417236
16797087
18621109
15941329
17653964
18942543
16085079
15770568
17142781
15958697
17454186
17808221
17978088
19614806
15831536
15858812
16519626
15855639
18277419
16607995
17944452
18298499
19008927
16986192
17071671
17295263
15657251
17866278
16049680
15857922
18214601
18329843
18792464
16502208
20697501
16985087
17650437
17658251
17260218
15578471
16415585
15637157
18677679
17620810
17616574
15566686
17651304
16153790
15659095
17898551
15676394
15619390
15805495
17333581
16108481
19299276
16024596
16682063
16879116
16257363
18678175
16374973
16426969
18280819
15765967
18433060
17376846
17898313
16300207
18022846
17492292
18824745
18215407
18059411
17268160
16380534
18067162
15957504
16515668
16895446
16259815
17127059
15706249
17594306
18852040
16318879
18974987
15703130
19268700
16395602
15719027
17994460
18216250
17988326
15612042
17238215
18567479
17298674
19575122
17097117
18012717
15783678
16015773
17317842
15969531
17327515
18222358
18526759
20861695
17962756
18413090
17639799
16201266
16342745
18439068
15705190
17233355
18323005
16281643
15952593
17119933
15721981
16793347
16735396
18378514
18767217
18486605
15744047
17884935
15711321
16450456
15817015
18516314
18183328
16104384
16087238
20749938
15779776
15620685
17165153
17505716
17711407
18774026
19762873
16481163
15902579
17617177
19738252
16586326
15602194
15867024
17338429
18387128
17464690
16644026
17656457
15826193
17322167
17394906
18342939
18070025
16497065
15770493
17204996
17439853
15893059
15830407
16295404
19343200
15720896
17301787
16234473
16096255
18290049
15866352
17438338
16865476
15734430
16524458
20681286
17621898
15668857
16151391
18727185
17235156
16295368
18452852
17149086
16568935
19200177
18072718
18164390
16083224
17244616
19606850
18522891
18224196
18237043
18560090
15646554
16489159
16004284
16874870
15919752
15917744
16267908
17181641
17377575
17171946
15732675
18367917
15546825
16548862
17706926
15695282
15655240
17990148
15655400
15971550
17806980
16788825
17250850
16905013
18160238
17927908
17834063
18856005
18536479
16426932
17685893
27116247
16614272
17558087
17172271
16187772
15652449
18709769
15758076
16951496
18776555
16268820
15833519
19003107
16251346
17826933
17003159
17705108
17628933
17471411
17710085
18335560
15786550
18551671
19395378
16357025
18364898
16580281
19646811
17397053
17318037
19505545
15821547
16515803
18072876
15699670
18020784
18319959
15585312
15902393
17410028
19009853
18305075
16397481
18328101
16112278
17763068
15923349
16532654
17933462
15633133
17432515
16400583
19532655
15780277
18793416
15838071
15979848
18085931
15672207
15952507
17232215
17519222
18905279
16612921
15663663
17290876
17752587
17953260
19568140
17312043
16118159
17587265
18848724
17091187
16520225
18131640
17364161
16876716
15940669
19529851
20404907
19955837
17467791
18807854
17558466
16216810
18600684
15552534
15852103
17055840
17291505
19324470
17666534
17986410
15605860
15901419
18148361
17437254
19744180
21356783
19446875
16001487
16586103
18986236
19122453
17683504
15660345
18612228
15816488
18089191
15696507
15901063
18569348
18837290
16009358
15537472
16302503
15828110
16165815
18239101
16285878
18892477
15589212
15685701
15728788
16983653
18474374
15750806
15931433
17220328
18870382
15835680
16707965
20789594
25976610
15659064
16436584
15840679
15967730
19194203
18918317
15875397
19207061
16554030
17139817
17975025
16936281
17478842
15953886
17984039
17439590
15630387
18860721
19128229
16689244
16169846
18245573
15610811
15675426
17402180
15806103
16223049
17524303
18696691
16255490
17489325
17036200
15859387
18202582
22466900
17459559
16186962
19862538
18910304
18234537
15669114
17035466
18549523
15797622
16520611
15805073
17731189
16337397
18950575
17310075
17699033
16651263
16995926
17796811
16901486
17230887
15652943
19755391
15750002
17465601
17899789
15700226
17856026
15916832
18912491
15798364
17870810
16154897
18116729
18382479
15880627
18199955
18321196
17145775
18790571
15688285
16877437
15877912
16851207
18730294
18234598
18245758
15684835
15921870
19152020
19284627
17988372
19365054
17833208
19222578
18524257
15632372
17805272
17544162
18245307
15701164
15677740
17379542
15808865
17966034
15562810
16132779
19356283
16406455
17660783
19881643
16543875
15665335
18632367
16597049
18968570
18254740
18595208
18031625
18567780
17244933
15914102
16408369
18681530
17290853
15720020
19486672
17520766
16659303
17350521
19401229
16380662
17869333
16463291
18575310
15951380
18857821
18619677
16267948
16531161
18492343
17721446
19096823
17798016
15722186
26447627
