2826
2831
2824
2850
2927
2837
2844
2876
2821
2799
2889
2901
2841
3046
2823
2853
2816
2824
2858
2780
2830
5115
3095
2955
2919
2840
2890
2949
3008
2975
2812
2877
2860
3137
2884
2884
2848
2803
2873
2867
2919
2943
2952
2790
2812
2840
2914
3508
2843
2905
2950
2805
2795
2834
2881
2794
2844
2913
2801
3053
2899
3202
2809
2813
2820
2977
2779
2827
2826
2824
2826
2796
2864
2954
2788
2805
2822
2875
2789
2847
2794
2841
2839
2778
2820
2865
2824
2806
2826
2852
2778
2812
2816
2825
2827
2828
2803
2810
2828
2779
2794
2809
2822
2823
2799
2823
2795
2804
2790
2822
2811
2814
2800
2820
2833
2772
2788
2864
2772
2803
2818
2828
2824
2778
2797
2792
2816
3097
2882
2869
2778
3047
3258
2788
2819
2775
2789
2800
2764
2825
2827
2763
2808
2801
2808
2811
2791
2790
3005
2792
2801
2817
2822
2805
2835
2813
2810
2787
2797
2826
3080
2790
2799
2791
2815
2817
2815
2807
2820
3276
3294
2984
3052
3069
3032
2967
2880
3028
2998
3390
2882
3425
2889
2789
2817
2848
2954
2843
2826
3036
3193
4234
3841
2785
2807
2845
2888
2788
2805
2807
2810
2852
2818
2807
2791
2814
2792
2813
2819
2835
2781
2767
2811
2807
2804
2787
2828
2917
2830
3484
2786
2776
2836
2861
4791
2810
2788
2822
2769
2800
2806
2811
2781
2789
2801
2804
2809
2816
2802
2792
2827
2793
2798
2803
2840
2768
2768
2825
2807
2801
2820
2825
2772
2795
2822
2790
2806
2800
2805
2807
2777
2994
2793
2806
2764
2840
2764
2812
2796
