1778
1609
1717
1683
1552
1581
1652
1596
1697
1762
3165
1633
1731
1665
1591
1738
1585
1589
1640
1633
1713
1575
1693
1569
1585
1683
1655
1579
1612
1685
1674
1667
1652
1702
1897
1727
1552
1559
1598
1608
1599
1581
1635
1574
1629
1696
1666
1678
1677
1697
1589
1613
1685
1672
1643
1644
1573
1641
1888
1703
1641
1665
1653
1675
1672
1670
1693
1677
1677
1688
1666
1671
1680
1688
1674
1666
1646
1658
1683
1674
1665
1604
1664
1671
1589
1661
1697
1666
1643
1594
1597
1672
1677
1915
1666
1693
1665
1667
1641
1783
1879
1613
1609
1628
1583
1551
1623
1753
1628
1564
1587
1574
1551
1706
1559
1553
1606
1645
1625
1552
1624
1558
1556
1582
1631
1673
1681
1552
1572
1597
1577
1589
1666
1552
1599
1573
1567
1553
1556
1677
1580
1580
1689
1736
1673
1823
1646
1694
1685
1597
1582
1563
1597
1567
1708
1554
1553
1592
1551
1581
1588
1573
1571
1579
1622
1552
1553
1553
1644
1761
1641
1732
1692
1672
1667
1817
1667
1815
1924
1815
1555
1607
1591
2202
2490
2499
2484
2050
1667
1676
1766
1668
1675
1667
1584
1552
1671
1622
1555
1573
1554
1571
1609
1654
1635
1552
1552
1568
1557
1567
1603
1670
1674
1666
1612
1563
1552
1650
1608
1574
1552
1552
1574
1552
1615
1643
1603
1603
1562
1567
1552
1603
1644
1562
1569
1552
1567
1562
3061
1604
1552
1565
1564
1568
1588
1570
1565
1553
1555
1560
1556
1554
1552
1556
1729
1801
1675
1604
1564
1558
1553
1641
1552
1572
1551
1551
1595
1772
2049
1555
1596
1595
1893
1798
1589
1640
1552
1562
1567
1582
1610
1553
1552
1568
1658
1620
1641
1649
1641
1628
1575
1553
1622
1668
1691
1671
1662
1667
1693
1666
1671
1668
1685
1885
1693
1956
2526
2512
2125
1704
1792
1772
2116
1669
1720
1675
1666
1689
1665
1704
1665
1628
1727
1738
1805
1692
1680
3360
1691
1694
1685
1672
1684
1674
1666
1671
1673
1691
1680
1666
1674
1666
1698
1671
1671
1884
1903
1681
1666
1682
1687
1679
1666
1612
1643
1701
1671
1645
