7283
7338
7167
7178
7233
7271
7289
7395
7930
8194
7621
7532
7623
7662
7639
7493
7472
7530
7827
8635
7292
7476
7720
7934
7497
7480
8085
7569
7744
7637
8484
7757
7680
7752
7906
8021
8207
7764
7776
7902
7556
7579
7925
8522
7957
7340
7187
8763
7284
7460
7923
7349
7455
7591
7442
7317
7600
7650
7423
7332
7740
7471
7344
7746
7388
7068
7232
7412
7315
7601
7109
7607
7036
7026
7040
7163
7041
7028
7015
7011
7029
7188
8056
7154
7037
7797
7648
7032
7590
7053
7021
8425
7314
7228
7191
8302
7892
7316
7382
7252
7216
9062
7806
10021
7739
7635
7474
7743
7799
7558
7708
7788
7701
7967
7366
7532
7767
7672
7452
7708
7448
7602
7360
7685
7592
7703
7580
7635
9405
8619
7561
7563
7606
7512
7567
7623
7610
7824
7509
7855
7183
7806
7254
7196
7161
7193
7234
7284
7162
7191
7123
7240
7293
7245
7171
7321
7170
7183
7319
7200
7193
7284
7998
7160
7183
7228
7203
7213
7149
7628
7167
7107
7562
7591
7247
7105
7413
7109
7152
7176
7055
7138
7405
7535
7336
7244
8167
7095
9216
7018
7024
7019
7291
7377
7343
7136
7449
7479
7590
7709
7387
7444
8813
7070
7579
7379
7308
7285
7391
7172
7338
7480
7384
7645
7693
7062
7329
7369
7045
7137
7031
7091
7150
7339
7312
7916
7372
7393
7388
7532
7423
8040
7285
7219
7477
9056
7139
7104
7406
7475
7228
7615
7628
7225
7355
7556
7134
7593
7730
7785
7778
7059
7046
7076
7024
8427
7049
7028
9600
9325
7315
7034
7218
7024
7036
7021
7029
7009
7052
7016
7030
7022
7031
7072
7673
7010
7021
7043
7003
7386
7966
7024
6966
7096
7192
7030
7201
7175
7046
7246
7266
7181
6997
7003
7013
6966
6973
7105
7056
6961
7100
7050
