722
1086
723
711
705
711
710
815
706
711
713
708
740
712
708
710
713
717
905
715
719
710
711
781
721
709
709
714
713
724
708
717
710
718
740
707
717
712
711
711
853
715
709
710
715
776
719
712
717
785
769
730
708
730
706
712
750
716
712
714
715
720
736
839
1141
733
717
719
707
750
709
707
711
714
707
733
727
718
708
720
750
741
734
749
766
760
764
710
707
718
760
736
710
727
711
720
714
762
728
712
705
705
714
1295
1282
1258
760
1400
1266
858
757
759
717
710
731
1595
1247
1425
1413
1200
900
791
715
723
763
726
764
713
711
715
718
722
729
706
759
732
727
774
739
723
716
769
781
863
844
970
919
1046
950
1227
1219
935
948
904
765
778
738
706
752
819
780
730
733
761
820
760
720
715
897
945
885
731
728
735
728
762
764
726
706
710
714
737
727
810
722
774
898
837
790
779
813
816
723
730
724
717
726
814
713
710
711
708
773
916
883
721
713
738
724
705
705
710
715
795
709
708
719
737
758
735
735
738
757
720
719
705
705
705
705
730
726
713
710
710
723
879
837
767
706
742
1263
1300
1262
950
1279
1246
1214
831
770
716
729
766
785
728
755
738
706
811
782
765
728
731
737
705
705
705
705
705
706
705
705
705
705
706
705
712
709
712
709
714
710
719
713
712
708
778
719
706
716
712
771
720
708
715
709
710
723
712
711
713
711
742
709
707
710
709
706
712
705
713
718
705
709
743
729
716
705
712
994
1311
1323
1060
716
711
711
710
709
722
705
705
705
705
718
711
705
705
705
705
706
705
705
705
705
705
717
718
711
713
707
717
713
708
709
716
714
717
711
709
707
717
719
711
713
713
707
709
718
723
714
712
708
710
708
1465
1800
740
1485
1322
956
716
715
709
710
706
705
725
708
709
714
720
705
705
705
705
705
716
719
719
705
705
717
706
713
716
708
718
725
712
710
716
717
722
714
1328
1361
1366
1338
1363
976
711
706
710
711
712
730
708
713
709
710
786
717
708
712
710
724
1439
1424
1309
719
718
1212
1209
712
705
705
705
705
714
756
818
1185
1122
705
705
705
705
705
716
711
722
718
708
712
714
705
716
717
707
719
718
715
715
716
711
713
705
705
705
705
758
738
708
708
714
710
721
705
705
1318
1069
713
708
738
715
724
1386
719
721
716
728
728
707
718
710
715
815
777
724
711
706
733
707
1461
1467
753
719
709
714
715
709
710
711
710
713
713
1394
993
713
711
800
717
706
715
713
710
711
712
709
709
769
751
708
709
718
719
709
734
710
715
713
720
753
707
709
715
716
714
771
735
746
722
733
713
710
715
707
708
714
724
705
