17613
17367
17646
17309
17510
17387
17311
17334
17281
17320
17534
17281
17313
17306
17287
17304
17457
17299
17513
17762
17649
17274
17573
17339
17285
17279
17301
19170
17674
17236
17384
17904
17506
17334
17222
17262
17258
17259
17323
17282
17316
17232
17266
17267
17284
17232
17230
17234
17227
17219
17208
17230
17249
17231
17255
17218
17207
17218
17209
17263
17316
17222
17267
17549
17288
17353
18681
17226
17340
17324
17216
17210
17212
17253
17516
17216
17268
17225
17223
17241
17243
17211
17381
17229
17415
17299
17211
17271
17222
17249
17249
17231
17220
19222
17445
17429
17202
17201
17221
17230
17215
17505
17471
17206
17206
17334
17430
17335
17274
17350
17321
18279
17652
17230
17240
21019
17298
17281
17534
17315
17355
17223
17311
17237
17261
17542
17311
17384
17307
17460
17278
17396
17332
17254
17602
18687
17244
17364
20331
17315
17261
17266
17245
17417
17244
17306
17587
17232
17414
17775
21559
17336
17400
17589
17398
17361
17307
17341
17332
17339
17588
17381
17841
17340
17360
17820
17428
17352
17492
17414
17319
17477
17424
17924
17502
17361
17335
17474
17370
17307
17393
17480
17371
17621
17744
17362
17459
17366
17305
17340
17358
17316
17439
17684
23972
17336
17317
18060
17532
17444
17482
17330
17518
17469
17535
17365
17572
17356
17421
17464
17318
17300
17289
17307
17350
17498
17299
17709
17332
17373
17439
17348
17462
17377
17312
17342
17323
17708
17410
17548
17384
17098
17322
17058
17097
17078
17766
17126
17877
17069
17095
17074
17046
17071
17069
17352
17042
17335
17054
17051
19095
17088
