5390131
6969727
5339177
5894450
5432228
5405970
5419129
5488117
5539708
5340560
5524281
5339226
5854684
5432897
6059802
5671814
5432683
5624430
5438813
5856534
5427554
5426180
5340438
5380686
5370753
5351721
5404841
5342071
5620359
5341980
5338978
5330168
5416241
5347893
5722003
5345407
5332442
5390540
5331044
5340601
5338036
5337489
5336226
5333374
5327744
5400677
5331849
5334357
5330027
5347332
5393897
5346679
5340436
5646330
5340148
5330159
5332948
5347174
5338702
5339541
5335121
5338468
5356128
5337932
5333731
5338769
5330077
5686429
5341828
5350233
5336418
5336399
5337761
5337185
5329929
5349216
5355970
6244326
6019639
5378863
5359559
5334479
5350859
5335311
6170742
5464404
5332537
5332567
5330116
9476572
6069212
5452953
5335600
5330955
5334284
5330906
6137361
5463561
5388003
5348111
5332139
5341158
5339161
7360267
6924815
5374520
7836146
6867692
5417116
5597260
5333708
6526125
6973919
5418773
5335590
5332474
5370838
5343707
5464891
5343516
6143329
5489590
5351612
5343453
5334477
5349090
5401884
6584545
5349207
5333311
5339540
5333872
5552903
5340052
5612041
5346805
5654772
5432054
5391882
5361834
5337819
5342011
5342549
5605653
5337961
5341724
5330237
5332736
5332793
5336352
5337595
5351840
5354655
5332454
5332486
5349677
6724864
5386709
5560862
5339590
5351982
5340518
5350536
5335825
5332472
5393422
5338209
5344700
5338318
5340444
5331751
5333799
5331798
5340741
5341436
5695253
5349650
5330203
5334329
5332484
5345202
5332346
5334594
5332279
5554788
5334522
5346207
5344708
5348272
5641141
8048940
6042388
5395875
5343577
5543982
8079644
5790229
5449035
5348643
5339439
5332715
5516769
5342224
5360129
5341350
5382477
5338927
5334769
5378685
5668512
5461989
5343623
5358590
5338316
5356158
5337386
5361411
5338523
5354379
5335738
5348875
5339179
5502120
5340473
5330182
5365041
5344329
5340729
5332463
5336314
5330150
6481620
7115116
5395589
5405646
5336469
5336077
5330193
5351288
5342050
5336064
5329870
5374566
5349699
5341440
5346945
5332454
5334347
5345860
5603443
5345123
5338448
5330282
5347917
5343081
5334792
5332436
5340968
5353952
5343924
5335675
5347140
5545692
5346543
5341442
5332411
5394836
5341658
5345881
5346004
5352675
5364710
5341178
5345472
5332328
5337469
5336395
5344062
5338332
5339906
5364015
5347220
5338672
5481515
5344079
5330062
5339284
5336211
5336134
5337062
5353169
5335232
5345546
5339614
5397799
5341849
5368153
5362973
5332302
5591491
5440683
5343075
5332578
5334761
5340371
5459289
5351519
5334847
5700370
5339847
5341648
5332510
5334481
5332529
5342035
5335231
5684693
5428553
5336798
5330154
5334676
5355040
5337234
5339551
5330935
5333555
5339922
5581814
7885613
5395745
5346820
5330150
6861711
5456715
5341964
5338232
5345212
5337475
6127858
6043533
5593136
5535650
5342134
5657710
5339230
5343415
5340081
5332489
5510132
5347001
5342963
5329991
5334340
8927779
5404009
5595114
5340952
5336005
5331133
6682601
6897828
5391264
5886027
5439984
5822326
5446458
5337432
5422273
5343231
5538475
5338868
5941681
5340571
5391472
5345366
5766677
5470444
5342179
5377665
5346156
5543426
5336752
5853818
5404367
5924854
5447693
5333699
5455324
5340438
5559200
5343140
5655171
5346624
5421766
5343955
5863032
5447223
5343492
5506788
6026217
5440922
6667361
5627653
6461674
5390062
5343431
5337556
5618712
5337899
5531301
5368973
5340824
5426003
5349214
5683025
5338197
5779194
5341832
5795300
5411649
11264888
5417683
5633450
5351186
5542461
5338526
5492092
5340262
5647633
5532729
5339081
5517356
5342837
5484113
5340121
5889307
5439714
5335803
5343616
5370499
5365301
5336094
5452915
5346807
5348009
5341099
5338476
5346345
5401203
5370241
5432968
5337459
5368642
5352184
5337070
5388458
10673000
5429893
5396138
5336288
5740522
5340943
5336596
5330134
5333965
5367387
5344505
5348582
5339971
5342799
5332560
5352001
5336315
5369665
5346382
5335994
5332336
5345246
5345442
5336969
6160377
9703364
5420726
5346990
5339062
5362323
5345102
5336454
5337846
5338486
5331991
5333993
5367123
5336336
5341264
5342061
5349713
5330468
6135378
7287755
5460047
5349205
5341066
5399186
5343901
5510220
5338203
5335744
5332762
5342671
5710607
5406199
7216217
5472563
5340435
5330140
5340191
5338690
5352059
5473902
7407927
6103587
5399971
5336238
5369206
5343791
5347069
5338493
5338513
5330222
5381559
5333597
5336131
5331964
5335617
5344018
5432830
5342900
5332413
5334196
7385469
6183070
5380034
5911195
5445466
5330061
5335334
5330010
6317849
5462472
5832968
5345651
5342858
5346433
5330053
5344603
5356740
7820146
5438064
5332201
5339039
5339640
5344532
5338761
5343663
5330989
5504570
5351263
6479251
7753373
7626022
5382517
5439708
5339407
5336347
5330281
5334571
5332344
5332685
5332515
5337300
5342601
5529696
5503501
5345718
5345285
10778436
9358968
9643386
5390145
5341672
5877954
5444870
5342015
5341999
5344932
5336644
5335155
5343605
5362126
5335925
5567735
5344004
5344974
5330233
5333963
5330274
5342060
5344702
5479667
5346982
5337369
5343244
5338003
5360865
5347540
5426966
5341452
5799261
5342106
5336563
5329969
5343544
5351860
5332647
5334873
5332351
6632681
5401390
5545538
5341472
5352238
5350847
5332474
5454684
5347288
5341292
5330116
5361123
5879651
5335431
5330114
5343248
10805294
7855931
5409558
5380990
5341188
5339970
5332667
5753035
5437014
5332413
5333979
5330350
5334124
5332492
6423314
5388273
5349549
5343522
5338423
5341534
5337459
5353682
5339199
5914486
5441824
5355563
6227532
5340668
5348704
5342252
5347290
5331917
5343090
5329923
5338568
5348100
5334036
5330057
5820988
5544181
5486043
5350128
5330219
5339850
5344131
5349007
5338469
5338521
5331855
5342202
5335347
5344209
5342295
5338276
5359028
5337308
5524754
5339591
5342299
5334804
5336691
5334388
5333640
5335265
5334581
5352429
5335771
5346912
5341133
5347235
5338456
5356210
5334589
5742974
5345976
5344964
5341580
6162442
5344385
5332706
5336608
5338708
5341123
5329935
5383750
5343646
5334438
5483703
5347833
5356559
5339557
5339482
6028134
5854983
5403416
5337986
5329909
5339216
5342376
5342874
5361216
5349337
5595608
8227838
5641854
5547473
5339079
5349344
5345655
5349100
5340530
5337690
5336695
5347420
5338163
5360238
5331613
5336185
5427159
5346866
5348293
5337443
5537184
5345913
5342465
5329945
5332977
5330148
5347237
5341800
5539176
5353782
5402170
5349035
5330032
5337708
5354005
5342064
5330043
5800315
5448259
5336021
5331830
5329904
5337234
5335068
5339275
5330166
5332135
5330065
5332598
5330002
5383517
5333727
5603281
5337272
5419712
5342577
5329960
5332545
5330071
5333004
5336782
5338698
5334530
5335842
7169563
5407990
5429942
5347663
5350609
5525668
5344960
5343056
5346370
5333474
5435059
5343792
5344436
6210272
10834945
10893708
10829416
8588269
5468389
5371399
5350345
5708907
5342438
8001585
6191569
5397238
5412562
5343723
5341726
5355192
5347060
5448844
5335712
5784163
5426665
5338687
5330025
5332770
5338224
5336256
5340941
5333983
5470735
5334539
5479662
5343404
5349346
5336305
5390391
5336845
5336214
5359868
5334690
5340077
8236028
5336128
5334469
5337492
5969884
10976064
9383701
5398726
5338001
5327560
5331188
5327652
5331448
5327729
11147998
5398642
5338639
5327672
5374724
5340240
5346965
5335941
5346933
5334170
5333666
5337617
5332929
7002182
5419912
5358472
5334849
8789524
5434928
5340067
6021225
5452779
5494422
5333441
5611556
5413602
5350629
5523899
5350552
5478791
5347654
5343733
5339744
5348011
5345917
5516326
5390830
5338877
5347611
5330063
5336001
5337215
5340692
5340396
5342817
5335135
5351423
5334151
5334727
5356930
5346244
5347077
5336922
5403314
5343591
5341286
5346942
5339586
5344237
5338158
5340623
5350788
5398195
10487344
5385831
5350740
5345742
5543164
5436458
5631600
5338338
5342799
5337656
5429127
5339490
5327836
5342622
5333240
5334609
5331005
5333295
5338285
5476961
5340200
5718618
5346520
5350392
5352326
6156788
8491234
5416597
5335168
5338984
5330097
5332856
7490216
5416698
5479506
10350574
5399692
5338887
5348222
6108700
7180734
5376638
5418165
5341570
5354694
5337234
5337191
5330024
5760058
9116577
5462747
5853748
5418676
5650094
5446433
5339971
5538967
5338686
5641039
5344855
5879705
5386349
5563252
5362989
5348022
5454752
5341348
5608653
5347138
5678150
5436710
5389083
5339642
5722927
5389846
5351464
5517326
5338600
5343412
5347481
5346029
5340236
5921301
5390235
5351661
5339429
5338686
5338182
9994363
5383983
5336744
5330181
6344822
5439444
5341925
5335054
5382926
5380064
5348416
5349002
5329907
5342569
5348064
5350859
5345401
5333657
5335058
5345714
5346125
5335162
5333051
5330946
7034162
5393635
5840908
5337718
5334107
5330069
5345167
5346252
5344087
5338339
5327593
5513020
5335777
5335267
5334036
8707207
10816209
6565274
5444581
5335271
5362668
5346827
5348621
5337006
5337574
5339271
5537238
5335509
5337934
5331066
5420191
5403763
5339167
5392536
5343989
5347403
5345488
5343759
5337489
5344808
5352435
5609731
5435115
5350519
5338935
5335560
5366656
5353202
5371648
5341228
5592898
5342461
5336738
5330059
5333179
5330110
6757593
6430407
5405477
5348471
5336335
5338901
5334202
5448148
5341797
5330475
5460719
10923106
9440232
5392827
5342127
5330187
5332124
5341997
7026540
7884983
5442038
5341715
5337583
5341237
5348503
5343983
5340800
5330213
5344237
5344826
7781197
5415890
5346327
5347646
5335972
5345854
5335308
5337534
5330155
5332496
5330270
5422316
5343465
5336989
5352459
5340769
5344799
5334323
5355124
5339535
5426598
5338385
5333995
5330038
5365169
5347577
5385902
5335206
5548595
5343489
5330177
5342864
5346597
5348162
5338915
5337542
5330040
5594377
5342310
5334731
5330120
5332007
5334544
5337881
5533165
5340142
5339945
5338480
5353185
5339650
5483305
5332905
5341944
5333388
5341357
5361361
5348239
5349045
5335155
5382654
5338318
5872332
5444361
5337701
5330073
5348558
5345527
5330118
5332877
5395520
5563397
5443482
5345825
5336263
5353180
5335627
5341271
5341934
5386196
5357276
5340506
6651734
5410657
5337547
7592313
5382835
5346770
5335834
5332293
5334477
5336358
5329892
6074995
5435948
5341523
5338271
5366548
5380379
5338385
5344058
5333591
5338356
5336110
5341215
5334863
5333833
6897816
5444012
5632579
5446365
5335701
5344588
5349429
5338633
5334375
5336146
5350067
5379453
5337196
5351190
5345657
5337898
7651938
5440825
5477286
5338716
5343650
5342521
5344783
5329913
5341611
5335736
5533111
5336955
5338523
5357528
5337918
5347267
5334578
5341576
5343002
5624871
5436602
5384046
5336285
5344367
5337660
5345840
5353394
5335378
5442109
5339049
5352248
5341948
8052102
5399542
5340122
5532711
5332405
5336540
5334393
5343862
5333378
5341292
10810701
8090745
5376981
5362077
5339860
5384551
5337676
5334711
5341168
5343833
5353256
5346158
5337198
5330864
5340662
5344345
5353461
5336315
5343461
5339049
5336384
5348984
5335547
5439779
5340780
5345141
5330114
5347651
5336595
5830914
5339156
5349269
5333008
5334940
5364488
5340227
5346039
7540282
5919605
5418199
5348210
5348673
5344274
5345268
5339537
5354978
5332775
5336697
5339037
5338151
5345706
5338777
5330733
5441253
5347863
5330132
7322644
5428327
5372904
5375888
5367068
5394880
5340146
5336080
8284209
5685755
5342661
5340426
5633251
5428437
5467972
8928674
5336813
5342065
5330285
5351830
5350625
5334613
6171882
5488040
5340355
5335984
5639041
5346230
5337912
5334347
5811806
5345238
5334796
5330055
5332744
5360859
5343774
5345342
5340672
5356428
5336419
5342651
5337120
5345901
5335992
5334441
5341609
5643589
5347521
5347869
5348845
9775279
5441365
5431695
5334578
5422519
5342275
5607588
5432314
5349622
5335279
5333614
7429132
5459673
5472334
5454351
9938015
10862451
5375498
5357219
5342813
5355880
5342933
5464321
5345275
5340032
7285716
5413738
5351911
5339441
5344326
5330098
5828270
5443348
5336487
5336106
5355840
5352191
5348099
5343896
5337984
5436636
5342183
5351599
5341026
5367889
5340018
5334186
5341438
5397990
5351734
6232640
6077319
5430243
5332156
5345491
5334004
5344109
5389351
5346882
5329970
5358565
5329945
5385441
5342452
5363585
5336351
5334095
5329859
5365059
5397978
5385825
5344001
5336829
5416302
5343938
5388132
5339598
5570910
5345974
8697374
5426712
5330749
5347288
5335889
5388713
5335162
5342710
5331728
5344170
5379810
5345224
5341211
5330128
5332474
5330025
5340577
5357497
5351605
5334378
5563803
5441471
5339666
5344552
5338163
5353209
5342433
5351696
5347422
5341843
5334788
5639683
5336905
5344929
5348797
7141914
9983904
5387655
5336366
5336840
5337706
5663139
5342409
10472936
5469894
5398516
5339496
7734589
7515172
7939672
5607991
5343085
6247320
5961595
5410348
5690230
5342015
5335714
5959633
5418178
5336983
5330211
5352683
5339322
6345125
8755055
9755232
7639208
5428055
5423561
5343095
5349112
5330118
5333202
5329985
5357696
5337875
5335257
5330050
5333977
5339896
5336977
5343220
5330032
5375454
5341215
5709415
5444190
5339975
5330049
5347646
5348821
5344182
5355563
10239545
5451991
5337926
5332612
5336151
7069270
7158003
6920343
5394746
5344978
5343585
5422227
5337300
5333867
5341527
5335233
5815617
8029426
6234308
5952090
5397678
5354999
5339513
5718083
5339368
5352766
5343412
10107524
10909143
7296057
7112651
6545409
5382268
5338619
5330191
5344290
5338484
5647446
5434575
5330181
5349411
5335552
5345208
5332586
5347564
5335915
5359376
5337378
5346531
5335361
5349529
5451298
5343296
5491726
5342234
5340754
7977266
5399834
5337453
5335478
5377598
5335470
5371775
5335013
5334335
7113195
5365211
5336648
6694561
6920692
5432413
5338167
5360747
5345805
5365411
5342082
5502179
5342324
5369204
5340585
5340839
5337725
5334771
6977338
5392641
5340481
5330061
5333465
5330191
5348074
5344483
5346981
5398370
7322947
6255535
5433667
5583711
5435200
10214809
5444899
5348571
5329896
5343619
5342385
5335141
5337435
5342720
5342135
5341934
5340347
5344008
5995228
5417187
5342773
5329876
5635141
5344449
5336307
5339704
5347239
5349808
5339585
5469835
5337453
5371746
5335878
5357935
5335937
5344403
5333233
5338526
5342352
5915654
5408373
5334725
5339780
5336476
5343699
5330132
5338889
9023316
5448381
5346374
5333764
5369510
5336272
5365041
5339590
5504456
5349385
5338206
5345045
5332827
5350343
5342606
5335295
5338432
5343398
5341880
5378787
5354300
5351915
5392502
7501272
6342598
5448244
5341125
7303701
5449691
5343774
10816654
7102946
5451948
5336686
7311909
5664137
5441303
5333217
5486359
5389305
5367867
5983008
5751969
5481060
6202414
5485269
5333833
5338616
5337782
5344993
5337442
5438148
5334960
5336986
5332927
5517558
5347628
5335547
5352228
5329916
5342035
5339094
5365947
5335515
5339210
5330224
5333766
5330136
5380993
5344174
5338566
5458982
5351356
5341560
8046307
5484816
5365606
5335244
5340567
5336886
5349232
5333999
5338030
5340830
9256496
6579093
5443382
5374320
5342753
7832868
6086768
5370940
5333837
6705378
5411045
5342070
5339319
6140311
5403977
5357582
5425302
5338995
5344184
5329898
5333289
5338988
5349224
5339269
5336644
5334903
5338196
5332927
10447952
5422974
7757016
5399275
6151635
5404258
5330079
5332383
5329854
5337936
5334824
5345362
5340209
5462977
5333933
5335738
5335131
5335350
5351372
5346442
5419338
5342738
5346689
5329815
5550887
5343975
5357416
5340030
5464148
5344670
5335815
5344928
5337833
5350556
5336277
5392400
5338739
5619882
5343097
5335200
5337666
5359672
5338762
5542713
5341355
5330002
5340524
5347363
5339005
5337887
8491340
10979522
7551212
5369918
5341146
5518124
5335576
5671699
5441423
5782898
5412034
5393595
5342230
5428595
5866827
5343979
5335909
5330191
5613963
5444386
5337882
5330236
5333149
5334589
5435142
5343633
6056771
5964091
5439869
5362415
5327717
5375863
5340449
5334112
5342056
5332594
5339463
5335472
5366566
5336425
5350999
9160982
5438316
5378008
6226397
5764927
5424850
5338661
5445726
5342291
5339916
5644976
5605110
5434679
5335550
5346294
5342081
5334378
5336531
5342874
5337104
5344960
5334867
5343636
5336051
5711613
5434465
5334684
5330172
5333084
6943140
5405250
5336727
5338819
5344459
5337008
5342138
5336754
5338402
5332058
5330016
5413448
5343226
5347290
5332740
5335416
5330116
5372484
5335245
5360669
5334851
5352661
5335332
5453815
5338188
10960347
9666700
5380793
5352065
5351606
5338791
5329903
5370111
5335620
5522654
5349561
5339981
5335372
5329923
5398443
5340000
5433386
5347639
5829886
5438416
5361265
5346825
5333479
5334968
5347382
6020843
7677946
5500621
5364901
5391153
5478763
5352452
5728964
5447002
5597007
5436648
5550988
5426279
5339831
5384140
5344690
5570140
5434908
6141797
5377107
5550854
5369739
10397790
5377606
5526845
5336880
5717865
5344602
5733065
5340827
5351492
5330028
5342232
5436321
5343701
5356821
5336673
5336354
5329781
5958030
5379316
5852285
5428663
5332163
5334513
5330914
5332744
5331152
6542784
5430419
5360566
5341122
5408752
5340180
5335919
5465103
5337674
9191975
5461257
5358033
5339423
5330094
5350225
10889905
8422253
5367235
5384773
10851214
10921430
7833322
5440721
5344044
5340983
5439669
5437719
6223663
6322995
5391109
5343831
8648260
5457910
5804910
5426021
5337867
5340698
5359030
5344668
5330033
7004782
5376621
5347036
5338062
5430181
5345356
5350222
5343569
5330138
7359728
5408873
5337446
5329984
5333063
5332871
5935448
5881557
5334417
5336460
5553150
6695230
5447532
5330280
5338225
5336849
5542770
5345965
5338003
5330197
5333101
5338716
5335476
5330116
5349766
5344895
5347000
5336098
6105749
5956829
5414007
5352173
5336326
5741978
5347942
5483042
5894154
5439174
5338911
5334924
5341349
5340002
5439612
5338462
5336059
5336487
5381619
5397996
7804436
5772150
5414744
5330110
5332348
5330069
5333408
5336998
5352047
5339732
5341393
5339148
5344893
5332978
5371084
5344259
5343580
5445568
5336409
5340266
5809515
5336524
5330169
9575097
5408977
5331891
5343163
5338792
5334732
5337255
5334357
5332448
5333441
5591519
5345212
5351818
5341493
5334841
5341763
5337987
5404001
5347633
5334757
5329986
5345257
5339108
5356402
5336703
5465683
5340201
5348622
5350975
5861899
5429760
5331064
5333493
5336638
5336244
5330130
5331981
5330004
5331944
5329923
5332074
5329974
5469661
5355350
5340154
5336270
5330114
5332801
5329939
5562582
5334867
5337445
5330760
5333799
5330812
5339718
5363024
5335629
5335187
5337077
5369558
5333853
5342659
5344215
5358363
5331757
5366733
5343447
5357796
5361613
5346618
5348743
5339078
5528014
5346329
5342022
5329953
5345748
5333646
5336120
5330025
5338127
5346878
5333181
5338968
5335397
5347308
5333646
5722679
5338571
5338694
5346067
5335090
7069113
7424914
5873025
5335385
5338097
5340155
5344863
5338300
5343266
5692594
5342708
5375409
10833777
7498642
7919433
5412382
5340034
5337664
5338195
5456376
5866323
5336069
9022677
5734434
5342507
5364725
5611832
5431544
5332875
5339163
5345734
5330351
5335586
5338696
5338814
5329839
5361209
5334765
5336378
5332970
5476961
5343273
5335628
5363203
5338176
5353645
5347833
5549655
5343282
8850242
5463274
5330174
5357463
5336680
5422353
5333837
5931517
5545448
5330008
5350257
5336995
5372835
5333640
5352084
5343926
9506735
5423371
5330415
5385910
5336529
5335489
8078562
5396755
5336226
5330099
5334042
5342367
5338814
5339524
5333204
5341670
5332797
5339659
5332766
8967296
5493473
5334371
5756173
5432883
5351649
10834515
7383395
10837600
7282551
5411529
5359303
5333335
5354135
5335135
5334658
5329872
5866796
10949098
7863966
5455997
5334465
5334430
5346520
5342108
5340211
5333720
5341606
5343506
10804462
7670723
5430965
5538275
5346479
5531098
5347843
5601071
5447108
5427951
5347283
5612285
5433131
5340668
5407173
5336746
5630672
5341646
5806483
5405813
5904350
5504481
5333994
5487737
5335893
5571583
5342307
5819212
5421364
5337783
5330289
5334381
5385045
5346480
5342817
5330053
5342947
5339880
5386938
5337924
5341883
10949867
8121480
5390214
5347152
5340756
5695899
5442009
5332651
5440428
5343132
5348647
5353337
5343382
5330283
5419704
6086295
5532830
5332165
8048850
6117420
5475612
10321588
5395193
5342635
5329961
5333128
9466856
5454590
6526979
7291882
5411768
5343543
5330226
5335738
5338698
5341674
5335835
5355488
5334777
5336790
5333814
5337028
5364773
5337952
5351395
5339309
5352147
5334505
5333293
5344682
6051567
5396916
5334928
5335937
5343301
5342510
7351435
5880015
5439976
5336857
5341550
5334414
5354845
5338672
5349465
5337639
5731539
5442647
5333914
5330256
5334036
5352059
5340817
5343772
5339855
5346892
5340475
5339750
5330063
6661403
5374856
5329976
6683606
5483920
5336845
5334490
5336364
5334457
5336122
5338539
5340386
5342189
5336240
5343680
5345458
5436933
5341054
5646109
5452237
5335602
7862343
8147077
10202930
10114547
5764464
5491033
5345868
5364850
5351030
5354962
5336646
5336599
5329752
5333524
7541418
5438944
5578977
5437226
5547869
5378849
10456198
5440209
5529899
5341291
5641139
5338940
5620993
5339549
5633326
5517909
5342811
5450931
5345028
5564013
5345592
5828560
5414045
5755021
5420522
5333766
5483320
5343459
5364872
5341180
5342387
5340809
5369551
5344412
5342515
5342525
5366402
5349413
5338767
5350229
7391460
6023824
5574408
10797022
10882932
9528035
5434924
5337838
7563522
5387766
5348013
5338828
5338629
5330102
5336049
5344694
5333291
5342832
6950133
7254987
5388949
5335959
5330140
5331963
5341169
10249787
5485266
5348084
5332602
5333166
5334751
5337523
5330093
5725182
5435902
5344074
5367107
5387554
5369189
5334280
5336973
5334403
5562824
5347331
5345137
6026197
5585176
5344367
5329911
5332740
5346084
5345136
5329982
5415536
5343026
5359443
5343743
5345795
5342797
5724647
5347495
5348923
5346164
5330049
5983597
7898116
5379571
5341105
5339145
5378284
5340506
5334680
5355953
5344719
5341174
5363059
5337447
5346715
5845824
5403604
7246381
5404971
5345369
5334694
5333325
5343000
5330487
6736281
5450270
6305443
5425034
5330216
5332397
5349264
5375699
5333033
5336104
5341976
5356256
5338828
5348358
5339466
5349472
5341568
5337032
5473025
5341008
5342501
7385633
5852247
5388192
5333362
5341696
5347091
5919591
5337874
5665394
5434936
5371370
5345361
5337918
5380178
5348752
5349218
5330124
5347365
5340145
8215320
10999934
7292959
5373004
5336685
5337605
5329915
5332495
5337396
5535209
5338245
5335700
5332784
5788969
5337530
5353591
6296045
5429318
5335558
5336856
5336150
5347576
5341119
5850547
5336656
5331076
5505047
5343006
5332663
5332311
5330144
5336766
5337384
5342689
5336745
5342020
5336819
6682936
6786488
5404317
5598746
5342975
5335557
5343157
5377698
5405442
5355379
5345385
5330991
5333081
5338428
5365964
5330944
5386121
5344204
5371175
5333096
5764594
5445255
5345590
5704016
5441845
5339953
5330012
5333248
5767544
5338870
5332462
5332615
5351322
5336473
5381157
5342206
5671364
5338588
5367759
5343386
5336703
5342484
5333760
5338580
5330390
5332678
5330110
5348103
5344353
5335708
5330253
5450191
5344800
5377995
5345612
7301432
7419960
7454557
5430169
5336410
5625313
5349055
5345596
5336955
5345714
7441237
6308790
5390572
5334988
5333394
5674736
5509815
5347184
5532584
5349305
5589358
5344871
5489902
5337349
5443451
5465693
5341650
5622642
5448732
5666541
9062576
5443248
5703360
5421258
6022844
5496138
5365222
5477732
5335964
5638147
5333445
5353023
5344489
5335458
5329965
5350225
5342956
5337012
5362138
6077955
5969661
5420608
5510532
5347046
5357304
5333120
5371490
5348588
5351021
5655658
5420830
5344803
5333268
6102180
5344286
5492191
5389367
5343971
5479293
5352945
5693128
5344838
5638697
5432056
5547801
5368778
5338702
5373850
5336754
5514307
5345104
5743463
5343281
5891956
5427124
5453803
5353998
5343924
5421092
5353000
5527608
5442357
5564203
5341572
6146733
5408318
5774545
5438010
5348399
5357445
5337231
5542965
5336250
5732634
5347586
5343566
5348734
5342354
5342996
5339667
5359983
5333213
5363036
5343100
5345167
5339892
5336408
5338316
5342606
5457706
5344857
5348265
5330291
5333045
5340762
5334085
5330114
5333443
5340006
5358291
5338913
5351733
5464755
5353780
5350140
5341452
5592470
5340264
5336291
8676850
9375584
5448491
5336228
5330254
5332933
7944609
8077290
5525382
5338217
5339638
5338024
5333089
5720705
5340132
5802887
5347116
5386707
5339513
5501691
5372421
5344286
5464306
5342912
5665418
5443728
5727475
5436935
5832578
5436212
5341805
5514005
5341767
5708935
5443622
5659242
5427681
6055424
5545243
5553344
5577826
5336108
5723959
5417652
5336177
5330172
5953632
5425301
5330222
5332756
5330146
5769627
9113117
5392175
5639313
5341072
5336147
5336254
5334619
5352332
5337458
5351549
5334306
5337290
5341790
5335832
5341825
5335799
5343053
5335492
5396911
5344745
5345263
7672370
6426940
5451459
5339131
5386471
8105722
7621228
10105463
10956692
6811878
5415064
5345736
5351990
5335338
5335086
5330240
5333199
5332212
5347042
5330039
5333167
5340834
5343575
6043496
5416017
5352405
5336356
5340774
6143623
5335753
5330242
6065565
5342486
5362530
5460876
5335464
5612839
5440730
5338092
5330173
5341040
5332389
5333536
5330122
5333599
5334410
5339559
5436754
5337699
5337323
5342612
5367338
5342287
5393909
5337963
5502214
5342466
5346227
5344377
5330476
5390356
5334365
5337737
7747257
10433140
5434573
5523174
9961370
5341279
5949984
5425849
5772973
5341207
5687183
5440924
5347964
5601574
5342824
5659887
5426674
5355062
5344493
5641442
5369057
5339255
5448698
5339650
5551941
5338817
5800686
5334332
6044569
5484680
5339629
5449525
5350434
5801603
5532315
6289688
5387586
5914738
5508374
5338590
5618161
5440807
6002632
5378976
5868612
5511693
5333925
5479368
5344373
5378510
5342181
5339838
5329931
5358506
5880749
5335807
5333191
5340112
5336650
5330977
5342760
5335427
5367132
5345549
5760806
5778961
5663733
5434896
5343489
5340711
5330061
5340307
5341853
5339437
5334282
5893844
5443886
5338399
5347877
11438377
5449812
5338095
5330124
5354266
5341759
5372741
5350459
5342471
5348962
5342140
5350654
5329941
5333382
5335958
5358204
5341044
5373558
5343721
5349086
5692552
5434802
5336975
9729724
5386052
5780686
5428538
5339968
5345083
5347942
5338917
5347564
5360079
5341413
5350235
5343016
5350529
5339041
5338314
5333729
5632504
5336194
5389749
5338462
5782733
5437599
5330018
5333286
5332611
5364880
5338718
5498415
5340316
5654716
5335423
5383558
5381904
5341842
5343833
5336880
5358220
5338744
5364095
5344154
5348042
5339744
5430473
5338125
5337944
5338224
5340384
5378506
5336191
5353595
5336593
5336896
5330225
5334607
5330104
6076903
5453882
5330079
5332618
5330051
5341200
5340253
5339012
5344329
5340110
5337802
5690953
5445001
5334760
5335639
5330073
5538300
5337507
5350490
5340819
5355464
5340420
5337128
5337150
5336297
5336984
5341037
5351511
5385329
5382205
5334970
5337632
7417420
5435143
5342547
5330154
5332692
5338505
5363353
5344532
5385772
5336530
5334840
5330146
5340140
5341934
5339043
5335387
5336477
6000770
5335974
5335687
5331036
5843144
5436066
5337643
5337077
5334064
5339112
5385711
5341155
5330270
5376579
5334789
5728221
5426230
5793625
5394044
5330057
5332655
5330069
5335809
5338165
5793785
5336470
5347831
5339572
5341797
5358507
5339973
5356323
5338066
5358744
5332852
5344294
5335549
5353040
5348651
5340112
5330039
5332460
5339844
5330167
5341608
5342385
5363561
7322585
5962504
5405125
5338415
5429417
7353687
7442197
7473200
7096491
5438829
5351525
5334655
5684910
5345746
5341531
5342226
5341861
5400961
7211526
6407659
5370796
5369729
5351123
5333835
5658799
5343076
5729882
5437536
5774492
5421006
5724942
5373976
10280652
5391612
5406367
5346662
5710276
5429391
5751204
5349693
5696328
5701408
5339214
5342697
5331292
5833216
5403643
6044887
8457971
9176202
5422418
5903121
5337911
5401209
5344240
5543159
5428022
5341629
5529314
5344261
5642502
5434067
5965865
5467330
5430193
5473081
5343796
5535916
7506277
5892819
5432761
5350341
5573564
5341641
5625234
5343281
5984617
5457260
5624948
5438829
5330116
5335091
5341647
5602858
5437707
5347355
5334918
5339308
5334566
5335068
5385699
5338341
5946930
7405570
5702098
5427013
5348079
5339623
5339559
5603433
5353288
5346713
10777620
7098770
5442483
5369191
5340504
5345376
5370369
5411452
5429881
5353366
5338808
5340656
5446428
5341071
5342325
5330046
5339985
5337480
5352393
5389333
5366388
5336201
5498496
5342516
5334583
5341980
5334231
6114833
5338487
9850074
6347928
5367203
5354757
5343283
10183373
5444193
5347632
5344321
5341456
5341464
5353652
5337908
5339175
5332895
5900389
5450719
5346654
5344863
5338369
5356181
5337217
5424581
5342157
5355529
5346039
5338182
5330585
5337422
5345291
10104033
5398112
5351689
5334300
5336732
5330239
5333157
5335448
5337776
5335496
5337201
5339429
5334643
5349193
5340258
5375531
5342319
5633125
5341298
5348950
10783683
7146286
5415368
5343908
5340152
5333992
5330248
5925335
5393172
5332436
5383526
5337550
5350664
5336874
5344055
5336981
5619975
5441816
5348107
5329937
5334609
5357596
5346342
5432765
5336722
5341192
5342415
5747428
5345251
5338121
5329915
5333937
5343875
5337570
5337552
5898996
5853583
5459173
5897568
6386660
5338144
5616665
5339862
5702401
5337438
5882484
5438003
5738346
5368062
5339695
5445413
5344755
5626843
5342994
5657275
5439214
6187805
5506865
5339323
5582480
5446153
5678046
5437474
5456148
5338874
5508688
5344887
5334643
5336975
5334565
5341010
5335665
5358925
10836299
8624381
5396908
5336811
7511910
5447736
5343819
5330041
5740374
5342398
5341560
5330084
5504399
5342074
5354013
5352155
5335688
6818514
10931066
8647750
5386128
6286544
7500954
5449720
5345127
5330128
5807637
5368044
5366205
5334431
5348958
5362286
5340796
5481678
5342943
5752950
5338984
5973356
8260703
5374980
5527232
5344995
5541110
5392123
5343508
5489902
5352620
5588610
5351341
5849788
5343938
5874318
5442574
5340209
5529578
5345720
5527513
5346321
5863805
5567610
5910047
5457510
5342681
5604103
5338442
5652479
5429206
5619463
5431896
5570059
5387580
5346547
5392597
5344015
5480609
5339927
5670397
5434861
5500749
5334924
5949026
5540718
5350581
5345484
6064166
6302213
5459984
5336267
5332390
5330329
5350035
5344264
5425501
9338312
5401751
5334986
5331359
5345390
5335620
5657204
5429886
5611473
5488031
5334523
5340728
5330904
5336032
5339312
5348811
5348915
5338635
5339638
5339527
5347187
5334741
5342315
5331121
6527739
5417974
5352689
5338568
5356828
5338192
5345787
5348533
10111646
5424673
5338340
5340071
5346074
5330140
5336685
5335304
5583981
5334459
5339911
5338945
5340541
5519318
5377480
5342829
5337619
5351423
5337674
5336823
5330226
5338787
5341349
5351423
5346646
5341280
5335181
5336612
5345200
5335183
6018809
7132781
5415063
5357525
5341475
5888622
7187491
5422373
5373271
5340542
5343794
5337682
5340776
5330233
5338489
5334288
5341863
5334997
5374966
5344891
5333051
5335082
5339840
5337800
5337459
5341166
5330946
5377860
5334387
5375106
5345013
5346910
5424311
8022820
10802742
5383804
5341203
5332961
5425069
5344594
5345703
5503593
5341249
5332417
5335573
5331091
5851091
5424498
5599595
5433567
10844775
9326521
5441895
5757681
5425269
5344312
5347418
5374826
5349072
5337486
5336967
5337959
5334789
5337080
5726270
10930512
10935346
7010449
5366227
5340177
5936477
5342596
5339955
5336094
5339596
5359158
5626042
7548608
5950260
5436293
7389015
6215830
8613627
5423805
5359323
5342636
5340746
7438858
10824281
7939667
11010815
8108785
5447350
5348576
5329974
5476514
5339151
5339606
5330079
5347823
5339447
5501324
5347373
5356283
5346093
5330292
5366853
5333724
5358695
5354789
5349729
5339894
5705354
5341341
5335505
5341369
7321976
7514431
6960921
5360406
5339713
5330059
5490906
5337639
5353434
5333457
5348340
5434152
5337016
5339780
5330247
5332745
5330603
5364815
5340861
5397927
5334066
5339037
5344253
5332923
5644858
5336510
5542747
5347731
5904208
5384803
5401386
5339683
5465080
5406350
5338864
5464209
5348033
5673423
5429634
5901760
5383875
5758131
5569116
5441737
5348084
5330028
5363040
5344779
5342007
5342271
5346171
5341109
5334703
5334382
5336133
5342400
5329906
5551808
5439043
5814376
6110341
5517564
5337599
5333146
5335835
5330124
5416068
5338196
5353911
5339852
5344513
5332116
5622021
5355251
5339990
5345698
7769162
5978584
5383287
5334629
5341633
5330780
5335959
5380805
5343449
5340127
8431148
5554792
10913071
10862215
8597367
10834923
8712960
5407917
5364726
5351149
5628463
5345829
5335771
5394985
5342480
5342265
5329882
5338379
5334808
5338493
5339088
5463429
5345838
5341048
5341808
5367306
5349476
5343435
5340113
5340109
5585365
5345673
5337778
5330250
5339711
5342285
9979866
5874873
6151489
5440798
5333672
5330809
6352728
5374183
5335521
5363164
5337469
5349016
5330225
5333554
5330208
5364219
5347416
5339421
5329923
5333526
5330262
5620055
5422556
5335896
5342118
5338127
5627827
5422088
5353276
5350236
5348911
5334119
5354265
5397582
5346951
5346128
5352412
5343841
5334326
5336862
5330043
5792160
7592818
5344152
5349916
5337428
5546186
5336776
5345939
5335774
5335783
5339580
5338738
5337524
5342270
5345160
5334901
5653826
5342634
9126272
6698480
6192713
5366920
6628259
5387059
5336173
5331761
5373166
5343922
5337240
5345620
5346953
5403981
5338599
5339224
5343325
5344958
5332726
5332732
5439108
5349167
5339047
5344339
5340104
5331081
5355773
5347129
5337729
5341844
5611271
5349993
5351466
5335072
5357160
5345561
5330212
5332194
5330329
5340105
5337494
5340233
5331905
6196355
5392402
5806298
5532002
5341394
5362934
5347142
5438353
5342555
5334581
5332594
5360261
5331036
5350473
5360932
5347899
5340672
5333622
5464164
5334983
5339102
5335089
5338027
5331834
5591562
7124575
5432994
5355675
5340173
5335013
5330093
5334241
5331879
5333711
5414132
5347020
5346292
5332614
5332655
5330175
5381683
5333016
5553123
5342433
5353603
5339008
5347493
5337920
5340667
5351996
5337538
5610192
5343333
5338496
5330236
5333506
5330069
5342679
5340922
5335184
5339984
5336870
5406422
5342738
5406590
5344032
5336936
5331901
5338773
5336670
5341316
5344479
5336563
5539258
7145143
6009238
5426164
5331477
5332821
5331777
5560342
6569379
6103057
5455497
5334548
5349603
6123973
5890938
5430897
5362720
5356947
5349455
5346663
10915865
10868776
5370247
5824429
5435554
5346337
5347392
5335700
5345422
5346485
5344688
5330232
5334526
5332724
5340904
5338228
5338735
5336778
5362002
5346429
5456449
5393247
5350361
5339387
5330046
5344439
5341787
5339772
5342943
5338160
5335633
5336500
5345850
5343260
5469399
7095597
6252787
5432267
5337588
5337293
5333109
5478813
5349140
5339156
5332685
5332976
5332399
5356413
5341484
5356182
5337022
5335639
5368244
5345860
5338722
5332502
5334562
5344895
5777600
8673442
5367527
5335848
5332419
6144570
5443848
5338253
5339839
6974328
6724435
5414232
5330021
5337593
5337759
10885192
5463707
5343076
5337036
5331259
5356278
5345738
5343725
5367954
5334836
5353687
5334975
5343575
5341081
5337081
7592067
10556177
5397047
5336392
5330349
5333041
5338944
5347440
5334666
5977954
5440669
5332551
5341197
5341304
5346426
5342098
5341178
5339512
5339397
5330254
5337656
5338608
5352984
5347910
5344036
5582007
5343242
5338001
5330221
5357215
5347391
5340709
5335584
5373170
5341343
5333195
5332708
5329964
5332420
5330112
5333941
7848299
14839094
14878303
5376112
5334694
5331009
5336835
5337574
5335986
5330997
5333534
5331020
5865466
5424816
5335131
5335862
5338803
5335672
5330924
5333171
5338873
5365211
5341667
5378795
5342360
5343699
5336776
8075663
7172130
5381127
5343823
5341107
5348188
5349116
5335326
5334223
5393804
5367832
5334560
5593244
5837284
5410848
5344621
5349646
5341249
5330144
5503788
5339725
5333397
5337333
5347812
5345439
5334674
5460601
5407970
5380077
5338025
5620074
5515075
5487999
5341320
5338297
5336388
5336331
5339514
5341844
5341206
5330094
5945598
5423042
5333254
5329913
5346291
5374813
5336710
5347036
9727284
5408887
5346057
5357263
5337510
5330075
6065416
5439911
5341418
5338462
5327379
5330709
5327465
5678977
5339080
5351454
5340060
5337144
5330161
5333939
5343000
5337502
5346708
5334491
5350973
5341071
5344404
5334489
5342000
5337469
5941896
5457475
5343225
5355173
5342395
5342996
5342133
5346981
5343943
5337517
5330094
5340358
5332170
5337299
5568599
10880277
11000596
9127605
5434792
5364641
5342744
5666066
5340733
5342898
5334768
5341811
5352908
5331057
5333156
5331091
5333132
5332399
6116804
7512295
5436844
5341075
5335275
5346024
5335001
5334964
5330949
5333126
5330916
5796563
5405666
10774130
6134023
5782162
5401793
5345440
5343935
5341302
5338245
5330195
5342612
5335504
5347668
5338594
5571447
5440023
5337010
5329947
5332196
5335759
5338615
5342823
5345714
5339033
5346321
5760824
5437825
5349129
5343409
5646635
5386257
9970850
5378242
5353345
5337712
5342047
5329833
5344092
5347828
6041490
5529503
5343218
5341145
6074999
5831487
5430002
5351966
5338229
5341387
5348938
5342904
5345523
5334544
5546413
10856826
8957633
5375610
5345776
5338302
5965472
5390353
5335161
7170887
5413063
5342462
5333884
5339675
5334741
5341990
5397210
5336561
5338767
5339232
5426947
5852823
5407837
5341385
5370107
5330087
5341676
5581598
5348192
5339110
5330156
5334980
6011245
5781774
5383365
5359680
5346853
5336177
10900061
8254555
7288265
5442101
5337449
5330161
5333720
5343906
5338940
5330335
5332671
5436673
5341657
5343760
5410121
5374862
5336370
5344202
5344406
5376026
5337435
5335332
5334942
5329935
5332118
5329998
5332834
5330144
5647626
5336874
5337666
5329927
5878307
5418302
5329968
5333075
5340465
5356087
5337603
5357211
5345974
5683870
10847129
8388467
5391638
5349004
10780628
10850726
7431044
5445538
5348030
5338595
5639959
5334904
5330177
5334827
5330150
5642141
5442708
5341608
5329977
5348362
5341260
5359090
5346673
5330071
7787061
9071727
8948455
5451384
5355576
6861774
5626008
5481486
5343543
5460146
9649365
5405106
5721568
5346733
5851280
8552505
5432999
5804768
5338712
5775313
5438355
5339897
5599264
5340278
5700099
5345815
5682638
5346764
5422219
5422189
5335229
5418524
5349538
5502975
5349532
5589085
5439777
5461912
5344891
5475480
5347651
5330197
5390263
5331488
5335470
5336378
5350632
5338348
5383262
5341073
5336898
5343355
5337560
5341881
5333021
5338878
5330031
5345474
5335673
5337418
6742318
5433466
5374218
5337753
5345239
5338567
5343146
5335910
5338696
5329988
6058080
5380472
5329889
5449761
5340467
5357767
5342348
5334623
5330212
5342071
5337723
5344282
5334787
5610307
5440095
5347812
5339020
5350128
5370500
5340290
5787277
5438081
5335911
5337680
5351759
6095700
7994362
5659716
5354405
10078265
5430297
7002828
5442556
5351025
5345797
5337928
5344676
5334959
5336543
5336742
5341652
5337195
5335084
5330010
5825564
5343309
5336136
5332133
5329965
5335425
5338866
5341994
5336422
5341158
5341728
5340426
5329964
5378234
5929891
5412974
5342120
5346354
5338261
5332434
5490102
5334345
5345878
5339596
5349738
10791572
5900775
5390970
5337445
5330804
5749376
5431010
5337079
5330158
5691063
5338726
5330032
6578768
9324108
5374517
5336072
5330019
5333114
5330043
5333075
5330189
5641661
5343457
5330289
5336423
5349200
5340262
5330063
5698558
5438729
5338166
5330386
5361844
5356999
5336608
5355821
5329963
5565400
5344245
7088308
5403751
5330072
5332350
5330153
5332651
5330138
5333364
5339563
5342165
5331694
5342096
5332180
5366757
5404285
5335345
5343751
5329884
5332606
5329953
5350115
5340053
5334097
5344285
5336657
5329925
5651602
5339366
5330634
5341696
5336737
5629217
5340660
5344026
5341825
5334991
5329970
5337252
5336457
5330010
5336226
5335369
5339614
5340073
5343325
5339494
5367844
5342128
5562811
5345562
5344020
5346275
5336165
5336797
5330135
5428181
5341840
8713364
7110660
5403968
5340248
5337814
5333460
5339314
5345568
5342760
5334879
6834815
5404031
5339338
5344735
5330272
5332064
5336744
5334531
5330158
5349650
5332943
5678245
5417988
5391145
5337420
5342003
5356384
5339697
5365573
5334381
5338934
5333048
8653078
5393958
5343219
5340687
5329992
6136954
5396541
5334485
5396235
5344174
5339794
5337485
5341138
5330161
5634948
5336933
5336101
5330715
5333900
5337213
5327514
5409526
5347590
5346293
5330118
5332776
5768471
5406375
5330077
5366127
5340157
5329937
5335575
5336078
5338828
5332206
5337441
5332005
5920637
5346285
5863120
5566426
5340248
5555045
5346916
5606626
5438069
5740219
5420943
5689844
5407368
5342962
5625904
5445513
5701867
5418741
5383440
5339989
5585395
5372199
5344166
5442466
5344352
5563492
5482681
5883308
5387368
6009347
5409229
5334727
5337276
5333588
5340865
5330153
5342649
5337556
5347691
5340620
5347317
5355346
5338194
5335011
5330290
5598492
5339015
5341667
5329994
5345288
5345104
9873614
10865934
5474986
5353368
5432657
5339306
5348039
5366493
5502403
5357239
5338976
5375348
10841514
7729964
5458671
5387484
5335584
5341643
5556334
5345099
5345896
5336091
5630251
5432986
5339865
5330153
5333794
5332754
5338844
5351546
5334641
5343299
5334716
5340189
10824740
9123156
5373784
5769644
5434364
5334550
5329986
5346960
5341971
5330044
5339216
5346589
5354333
5335393
5687313
5439416
5372315
5339658
5353916
5338097
5351611
5344300
5345892
5342655
5330100
5332765
5330078
5631612
5343650
5355041
5340124
5348998
5339563
5337743
5354668
5344019
5562271
5335515
5336710
5330014
5351661
5337810
5336003
5330295
5340488
5371625
5347113
5366589
5335476
5354651
5335714
5333520
5327477
5369240
5341073
10234047
10588930
5424099
5344962
5342339
5352110
5337971
5608653
5433509
5333919
5330810
5342521
5368188
5338081
5343404
5351294
5341780
5330122
5672990
5337753
5353134
5339071
5347203
5336378
5359034
5342063
5330882
5442364
5337255
5727942
5439361
5335448
5727922
5405892
5341137
5337105
5338168
5329813
5344671
5337599
5338779
5339978
6318089
6960840
5382770
5782553
5438247
5355086
5342970
5360138
5341357
5343461
5341247
7997602
5949831
5370607
5336372
5338503
5337164
5472377
5341513
5655829
5340059
5336291
5330152
6097130
6996874
5366840
5340687
5331254
5336813
5338292
5338907
5338578
5339943
5339922
9912906
5386444
5349701
5345531
5335429
5330108
5333535
5332174
5336254
5342924
5345332
5341297
5340839
5348344
5341334
5337831
5330185
5735702
5436205
5333754
5330164
5332480
5341866
5334558
5336035
5346957
5344830
5336289
5360123
5335407
5371062
5338958
5360324
5346997
5358704
5364265
5341716
5343778
5329954
6462124
5372494
9441999
5416383
5330221
5333453
5329908
5347607
5541463
5346548
6960466
5402345
5350450
5347127
5338385
5347991
5342342
6086309
5445749
5361696
5331430
5346105
5337146
5337235
5336043
5673864
5438243
5332456
5333949
5346031
5515343
5339525
5335679
5331052
5344223
5335650
7412561
6469462
5490617
5345216
5360355
5335740
5370422
5344935
5346205
5330348
5345647
5338964
5335700
5329985
5345181
5332809
5364240
5342423
5340796
5352988
5338306
5537338
5347967
5337944
5341950
5334219
5345306
5335602
5330274
5342429
5365616
5334761
5339210
5330029
5340110
5338273
5504431
5342876
5406342
5336605
5337303
5332248
5330411
6728131
5399544
5458180
5335791
5338680
5337196
5374099
5334928
5338433
5342011
5335635
5664253
5434782
5338007
5330169
5342214
5345415
5338513
5332264
5339260
5349800
5335433
7163354
5436287
5334766
6981380
5383526
5628338
5340044
5336260
5330134
5342041
5338123
5337595
5348082
5338547
5342637
5329886
5338259
5338647
5347517
5344180
5347422
5339116
5438749
5342734
10758148
10002115
5407551
5346727
5343020
5343603
5329842
5333626
5336242
5344419
5337039
5335592
5377592
5348551
5354999
5330118
5342021
5336770
5335405
5330163
5400186
5335422
5346333
5336075
5341926
5345557
5339387
5351369
5335881
5510415
5341840
5338236
5330061
5333571
5330218
5367046
5338525
5329904
5349502
5364377
5348148
5337263
5565944
5331774
5338684
5333689
5832527
5449552
5330021
5375516
5339287
5344399
5330612
5373493
5332974
5344765
5339947
5347258
5334771
5373877
5360774
5340645
5484432
5343333
5341394
5329973
5335367
5333644
5341161
5334757
5334940
5340865
5344814
5353696
7274774
7221583
5660714
5426383
5338176
5339843
8400166
7323019
5359557
5532190
5339774
5506948
5345106
5342866
5348273
5349685
5828369
10850537
8995268
5449980
5335887
5330427
5333833
5333240
5330309
5332625
5330287
5386633
5335818
5336488
5337145
5448439
5342591
5395027
5336545
5336282
5339779
5345423
5378835
5339975
5340343
5343985
5338060
5330122
5333350
5330280
5342484
5330153
5549501
5493010
5339713
5474140
5339515
5557240
5341879
5604192
5344716
5705948
5532617
5347672
5482834
5341895
5519309
5336964
5869118
5392296
5487688
5427727
5351641
5533182
5337788
5595169
5524364
5968115
5365089
5782198
5541306
5345358
5614600
5442263
5707678
5426937
6102348
5512762
5346294
5426933
5331934
5560011
5337639
5337816
5330077
5381132
5344801
5338673
5346463
5349487
5391752
5349863
5343535
5336107
5339360
9034789
5402607
5819052
5337985
5345479
5346831
5349792
5335927
5392997
5343364
5335761
5337524
5330853
8085356
7686264
5366219
5337512
5334268
6142079
5429834
5339653
5345190
5329969
5332974
5334294
5381983
5346399
5347215
5330138
5353018
5374692
5337708
5537881
5330073
5542312
5373706
5339969
5329895
5334016
5336679
10449353
5405266
5339857
5339805
5340156
5329925
5332966
5336892
5350491
5345015
5441851
5343217
5339199
5340146
10835122
10809466
10989527
7359377
5425944
5344361
5337983
5368563
5340759
5814043
5404067
5341424
5332186
5330095
5336752
5334771
5351943
5335127
5369069
5335937
5336053
5330136
5349829
5340910
5336193
5379323
6111215
5462785
5341464
5344558
5330221
5612199
5344976
5334701
7132545
5407765
5335832
5337229
5344248
5336952
5335822
5330280
5562235
5350838
5391374
5389311
5334924
5339571
5335409
5340288
5337170
5338135
5333849
5352470
5345773
5338540
5341362
5330632
5550118
5345864
5337104
5329926
5333868
5330006
5339058
5343102
5396243
5340565
5341131
5334717
5330985
5333607
5330928
6247834
5377235
5583094
5349151
6075288
5931476
5414265
5334389
5329973
5333038
5329945
5333468
5410872
5351150
5334225
5327676
5337711
5333754
5659881
5432578
5341491
5329978
5333892
5351267
10785446
5423738
5651718
5333910
5336057
5333063
5349727
5337668
5345620
5356307
5342077
6748345
5438426
5338314
5330534
5361882
5401796
5353042
5336868
5344548
5339571
7424254
6111647
5486400
5342836
5341944
5329880
5338024
5329983
5337242
5332972
5346925
5338631
5553352
5351912
5334459
5352349
5340217
5340157
5341379
5969501
5378400
5353251
10832657
7917475
5394181
5361647
5343394
5337229
5330146
5330017
5342438
5333284
5363146
5333961
5638807
5435138
5337234
10800098
8158511
5394920
5348078
5335966
5337544
5329955
5342102
5345493
5330774
5340061
5334341
5563297
5340373
5335401
5330138
5332929
5330024
5353566
5336390
5330067
5333254
5335094
5335627
5340992
5340709
5340778
5651657
5418197
5766936
5345086
5332822
5332519
5330207
5332752
5339021
5397726
5338016
5336601
5330658
5421681
5333811
5357552
5344507
5332516
5596691
5343022
5623713
5436743
5985125
5378498
5395672
5437999
5344322
5439328
5352902
5682123
5438205
5380519
5344911
5819658
5498604
5338978
5476640
5338914
5600944
5387377
5815061
5344255
5425168
5384214
5344319
5524470
5345574
5692570
5445088
5803214
5396907
5882726
5541264
5343455
5534213
6042030
5958340
5365722
5529590
5471650
5347903
5524082
5346554
5708062
9074445
5430414
6007017
5413944
5348413
5347473
5338410
5334524
5330057
5514113
5344012
5367298
5341119
5339693
5330113
5334180
5331741
5333319
5334085
5343291
5336967
5332552
5339413
5338929
5341878
5332304
5462892
5343274
5336196
5332442
5447040
5339168
5338104
5351614
5340390
5339102
5329925
5385918
5347506
5362659
5345827
5337978
5354899
5350952
5346246
5343762
5745667
5392333
5338464
5330091
5340006
5342705
5336728
5413385
10316938
5453543
5337266
5330148
5332589
5338165
5437742
5336258
5345517
5343497
5346579
5347369
5340511
7528430
5402935
5336632
5331468
6954224
6553964
5400686
5374076
5339600
5674945
5440699
5332524
5335023
5345141
5339957
5332535
6164262
5417760
5341470
5346782
5343475
5350609
5330156
5333248
5335833
5754083
5437441
5344251
5332860
5354416
5348007
5330067
5411619
5344344
5337882
5332625
10796404
6388724
5423931
5332580
5447640
5336839
5347501
5346685
5351476
5334784
5335316
5332023
5356033
5343201
5447859
5344221
5333341
5338326
5337416
7553022
8499373
5391273
5565682
5351092
5337068
5334572
5329886
5334519
5332541
5407238
5429848
5423468
6067836
5443189
5334745
5351360
5430370
5343823
5341139
5332521
5338292
5339256
5338836
5330087
5341544
5331530
5334605
5342708
5340304
5346667
7372824
7511553
6709540
5375876
5346898
5341391
5399960
5343754
5342543
5356807
5345573
5384850
5333861
5350788
5332972
5345732
5341101
5354408
5334244
5348141
5342659
5330140
5334680
5339433
5344247
5330262
5337318
5335324
5333733
5335613
5350432
5338232
5574132
5443145
6106151
5437474
5330071
5360241
5336339
5333171
5330014
5343934
5341427
7855953
6085488
5364054
5349337
5417212
5333173
5343609
5329978
5348880
5339226
5343705
5350926
5352813
5348603
5337276
5357330
5338627
5433819
5342882
5370903
5336179
5754066
5343226
5337006
5332579
5334607
5334912
5332667
5335817
5340355
5337589
5333880
5369305
5343249
5344312
5341168
5336577
5330303
5577732
5453565
6046918
5936239
5342723
5334172
5332584
5407538
5340111
5349309
5450649
5387860
5528382
5342452
5617452
5342738
5599182
5343758
5899573
5535315
5340520
5551565
5341019
5854384
5406161
5621760
5376408
5347126
5480767
5343153
5610808
5440683
5833013
5388510
5783477
5452630
5337431
7090653
5381500
5334420
5332517
5373024
5339206
5331798
5348454
5337201
5616006
5348376
5339687
5332481
5351235
5344696
5344921
5356719
5336437
5338131
5348618
5342642
5340402
5583437
5341302
5347018
5332297
5381058
5343541
5351088
5342072
5346051
5346965
5338373
5343124
5340725
5361418
5336815
5355285
5336766
5341591
5337136
5330160
5332620
5331710
5343528
5333290
5338710
5331822
5370784
5341052
5334140
5331958
5333581
5333604
5330260
6323732
8335249
5448002
5339752
5332699
5334505
5330038
5353213
5345973
5337012
5327654
5332586
5327518
5334271
6098052
5398285
5337509
5332344
6185384
5497893
5480280
5345099
5332478
5348621
5343099
5359609
5335326
5551615
5344942
5336581
5337051
5406921
5343045
5341068
5462346
5335338
5341147
5338880
5336542
5332679
5334438
10922763
5381226
5332590
5565237
8222724
5628763
5460309
5338351
5402062
5335956
5339706
5330709
5333329
5330579
5344235
5336764
5630424
7334308
5443937
6019593
5453695
5336297
5332125
5332505
5334979
5338308
5341283
5338891
5339804
5341373
5402126
5347524
5342912
5348830
5344280
5381616
5338978
5341377
5330126
5334447
5329907
5356457
5349896
5335281
5330977
5335538
5354401
5333148
5339085
5331538
6585276
5415418
5338391
5332565
5351289
5351493
5331028
5351606
6106998
5467282
5361411
5394053
5379400
5403097
5352179
7070126
6298480
5446419
10041462
5782751
5399264
5329937
5343145
5335417
5338446
5332551
5333900
5332517
5333593
5331099
5439803
5342881
5345060
10836380
7159572
10865116
5373242
7771950
7784025
6984120
5411274
5346465
5338288
5339302
5336790
5351184
5344260
5408144
5421747
7906891
5520812
5396584
5344404
5362872
5350058
5341954
5332240
5743658
5337026
5341046
5342204
5336287
5827697
5974768
5990028
5369157
5338396
5334836
5338978
5340279
5349333
5334800
5332267
6858209
5457707
5348564
5341725
5335086
5345657
5346676
5340161
5339913
6314466
5414378
5337562
5331600
5342466
5336462
5331834
5337038
5330207
7308175
8468168
5422318
5413862
5339890
5335374
5334357
5336175
5344534
5341966
5348517
5336756
5611677
5337251
5337633
5330112
5435182
5335003
5344145
5345980
5330069
5332390
5332535
5334804
5332626
5358300
5348616
5561619
5349013
5346776
5337177
7384611
6324533
5445809
5337060
5334003
5333478
5571365
7897297
5717685
5418591
5338344
5346508
5337753
5831315
5341853
5345387
5337678
5347879
5341657
5337363
5334605
5332674
5344643
5341514
5334327
5331907
5704820
5435913
5369585
5345464
5337922
5419137
5344810
5343786
5341824
5368974
5334780
6365281
7190497
9767361
5464416
5725034
5402128
5335196
5330932
5339116
5332456
5333986
5337579
5346187
5365476
5338802
5342051
5337798
5334611
5330331
5496226
5347732
5346333
5338898
5334269
5331981
5331779
5334036
5327736
5334126
5331759
5331280
5879688
5434646
5333744
5338220
5498692
5341739
5338765
5330213
5341988
5329941
9014098
5388931
5330025
5341259
5343530
5359202
5334069
5634886
5437922
5332285
5588763
5441124
5334778
5352326
5334076
5330268
5334719
5340839
5335633
5344190
5330327
7020496
7794790
5382776
5341058
5332594
5680444
5441142
5343623
5341340
5336538
5334564
5341160
5358224
5345942
5349089
5342397
5445259
5341991
5442015
5349201
5340524
5332509
7366379
5438783
7297749
5440565
5348525
5337607
5365016
5346352
5337737
5330028
5333000
5330161
5447189
5417821
5330031
5387769
5339405
5353027
5338442
5347782
5343299
5336413
5329986
5333642
5330153
5335771
5814043
5410751
5347735
5340568
5342224
5338867
5782457
5401744
5336764
5332040
5330173
5332322
5330412
5333002
8463981
5737131
5725669
5355407
5366380
5351595
5371846
5376016
5397482
5339744
5342307
5346522
5330132
5362677
5342147
5338696
5329915
5332795
5330171
5340723
5334938
5334107
5336510
5329994
5408128
5340189
5346980
5887547
5437631
5329957
5385217
5342849
10185225
6927732
6253762
5395853
5341186
5330993
5334690
5333457
5331099
5334447
5332829
5422830
5334395
5335442
5333013
6412437
7908956
8001238
5408228
5340603
5330002
5666396
5441836
5334583
5330012
10116064
5610328
5342537
5332493
5334483
5330073
5332667
5330126
5332825
5329979
5346711
5346983
5661730
5436078
5338267
5351678
5341909
5480107
5334139
5333173
5343006
5337322
5330247
5502679
5376904
10348859
5358951
5642384
5434636
5672940
5418371
5701940
5341662
5439943
5448290
5347369
5490647
5343609
5733749
5345976
5372871
5339220
5479244
5411006
5338452
5455157
5341905
8228141
7190589
5356770
5334336
5330996
5343209
10834102
10904502
7213698
5415103
5335730
5330099
5333394
5336069
5336579
5343751
5330112
5471629
5341344
5336904
5330124
5338917
5340768
5362391
5338405
5486938
5346993
10894533
9467394
9717638
5398863
5342600
5336900
5368367
5341588
5348377
5343839
5335832
5329904
5548166
5350238
5330315
5433984
5340280
5340518
7621928
5354916
5359404
5342200
5342636
5335111
5346823
5336305
5354389
5343931
5341907
5343128
7736885
6321155
5449568
5330212
7086414
5367152
5346851
5338702
5413474
5335745
5337898
5368698
5340747
5339175
5330038
5332462
5330118
5337001
5350423
5334347
5330305
5333439
5330106
5425357
7524538
8940149
5364277
5937201
5343520
5500502
5343530
5479195
5400712
5345840
5607621
5340772
5621417
5339642
5947106
5410050
5467750
5453278
5337237
5409861
6157143
5338308
5333504
5335679
5332371
5334900
5330118
5327526
5334907
5335442
5357200
5336106
5369613
5348391
5335066
5330813
5334459
5342450
5338565
5340270
5333508
5334385
5327637
5336861
5336659
5393572
5337625
5347361
5338655
6454892
5370554
5330229
5336396
5333463
5337453
5332600
5336206
5336872
5338888
5334459
5342228
5344589
5329963
5332476
5330002
5346153
5338270
6068799
5380603
5336124
5481543
5348840
5347365
5339939
5350386
5338322
6191622
7329526
5388543
5651795
5338412
5340815
5330231
5340420
5342363
5336144
5389644
5332315
5339843
5327506
5707618
5408940
5336508
5330591
5534993
5335003
5368750
5373290
5346361
5658100
5430309
5660177
5432863
5770355
5347005
11462970
5428389
5566748
5348025
5726841
5417177
5411014
5396525
5350280
5488376
5338948
5555542
5345776
5702190
5341989
10648645
5755065
5570025
5342730
5462748
5338913
5770402
5417080
5367784
5347786
5540584
5342771
5330398
5345045
5348058
5336096
5330100
5449543
5338811
6570305
11056431
5523908
5338332
5341877
5330092
6609961
5449354
5330195
5335942
5337518
5343922
5330313
5337980
5343117
5353387
5338862
5343094
5334383
7896405
10482682
5445621
5346699
5940770
5555984
5335925
5535699
5340290
5660499
5437790
5712263
5419200
5352622
5476008
5353847
5533655
5345499
5888547
8908410
9331629
5377982
5704027
5433939
5362953
6058904
5365578
5457600
5345923
5341919
5330195
5351739
5338178
5338349
5330286
5333800
5330030
5332492
5332914
5341913
5814286
6207786
5759339
5392837
5573243
5347256
5330161
5332590
5330018
5333180
5337483
5341474
5335090
5340142
5330093
5334816
5332281
5349159
5343688
5346260
5545820
5344314
5341044
5330059
5333518
5351088
5358161
5336736
5340685
5338799
5336923
5411028
10885467
9486973
8174164
5442702
5343504
5336083
5336734
5329980
5333317
5329994
6054177
5431495
5339145
5335356
5330088
5334959
5332163
5335336
5339413
5748799
5406278
5337148
5332189
5338259
5345797
5333939
5340668
5329979
5332717
5330367
5332369
5336529
5354910
5337142
5347050
5385209
5340892
5348490
9698638
5440254
5527657
5340792
5340168
5330041
5352317
5341433
6522311
6876657
6932405
5425349
5517204
5343096
5350680
6141185
6115834
5396690
5458655
5346193
5342884
5382681
5340337
6058767
7800772
5368195
5401414
5337952
9070513
6623550
5413878
5338830
5330947
5334851
5338489
5330894
5334538
5340069
5339904
5338858
5794632
5431081
5335314
5330418
5517627
5341476
5330325
5332631
5330283
5338978
5338586
5355576
5336581
5350854
5348980
5345074
5347132
5338054
5345903
5337499
5343262
5330222
5333532
5330067
5469650
5337967
5402211
5334223
5343755
5362971
5336336
5339449
5340571
5334383
5336191
5827233
5448907
5335446
5330165
5351117
5340325
5337982
5925022
7547240
5443847
5361050
5351955
5381996
5335478
5338289
5329901
5693643
5410218
5348202
5348202
5332048
5338167
5335011
5338226
5337067
5335978
5339358
5384953
5337047
5344848
5337173
5520614
5413253
5340833
5341889
5330112
5345864
5332927
5343077
5338353
5387884
5340930
5336187
5333144
5351968
5347900
5337821
5378340
5337077
5900044
5401512
5335452
5373605
5491133
6043486
5355952
5456716
5340981
5338034
5330449
5365962
5338771
5364922
5347030
5330162
5481169
10844435
10873669
8832978
5403225
5511970
5345971
5352419
5342805
5334629
5387999
5395128
5534774
5436273
5625301
5443153
5614054
5351097
6245222
5617678
5338356
5668067
5445214
5938557
5379560
5527109
5479732
6141657
5753587
5404770
5934652
5714172
5768620
6577336
6222137
6343904
6671901
5740467
6371409
5821133
5561737
5634791
5505866
5836230
5769938
6407320
5879478
5734322
6200222
5521555
5597666
5843212
6539404
6345268
5746744
5897666
5966534
6148433
5862766
5802786
5606673
5465243
10074308
10160420
5554305
6096989
5675838
5703747
5524751
5484413
6142435
5755657
6499951
5818887
5479265
5970612
5503330
5742823
5450962
5796858
5820080
5363522
5756910
5504163
5817899
5511638
5983464
5416737
5537096
5526237
5342677
5716399
5347300
5830935
5332440
5673038
5392272
5339811
5588373
5346981
5909444
5437164
5860926
5568483
5728062
5607662
5343833
5348257
5475165
5372349
5432720
5360467
5342199
5468203
5541491
5471195
6056327
5418310
6151179
5622949
5465873
5664717
5482394
5918490
5432532
5676840
5857808
5436063
5952638
5774680
6289871
5836742
5793967
6327473
5730666
5661275
5414804
5596970
5547224
5341635
5743859
5346493
5847481
5345408
5432588
5591655
5353806
5445819
5338216
5710457
5336721
5872439
5430807
5704351
5401498
10253658
5381210
5648427
5433866
5720096
8947447
5414829
5907070
8773629
5399609
5926574
5426545
5400614
5454371
5337209
5809741
5446380
5801530
5389538
5926686
5492729
5348044
5534602
5340195
5661888
5436028
5978478
5435881
5484410
5359156
5340215
5519916
5349523
5607288
5342261
5702024
5338499
5815513
5469819
5340465
5710764
5431177
5771740
5339136
6044267
5781665
5408845
6046219
5343004
5802491
6634958
5339583
5564364
5341851
5730475
5345549
6034186
5400275
5471759
5476171
5346918
5624430
5343645
5738692
5349183
5951946
5490345
5334158
5619504
5335790
5628189
5337780
5793870
5386788
5693379
5384191
5345059
5639780
5348606
5718482
5451907
5698481
5410304
5456049
5514330
5343173
5462199
5340140
5676649
5436539
5697490
5408350
5334406
5332139
5330113
5332921
5330025
5348619
5338720
5344048
5334715
5336079
5330167
5879010
5347540
5340073
5348145
5343540
5354228
5335562
5773688
5336313
5904480
5621210
10076497
5385023
5673287
5342494
5933754
5406765
6016781
5461787
5714989
5606415
5449923
5675223
6160150
5415566
5410632
5339240
5624747
5335927
5900422
5439474
5931126
5437889
5351351
5351129
5334058
5573302
5441995
5761517
5409985
5885116
5568310
5343085
5655794
5415129
5646910
5346650
5392058
5339996
6019287
5500743
5346128
5340865
5329913
5332925
5375270
6040954
5775694
5821660
5743768
5454150
5804740
5477450
5904945
5570386
5447809
5716474
5443687
5991925
7269970
5727020
6235255
5933353
5843019
5798832
5491627
5694595
5604310
6699739
5446016
5366160
5456774
5339201
5657321
5431014
5778760
5337596
5944631
5472906
5348062
5672073
5755214
6075965
5566157
5808488
5572966
5433785
5639394
5418991
6025309
5429023
5532104
5406091
5336075
5578296
5436153
5851789
5393058
5409198
5348592
6268745
5483262
5343679
5658002
5338424
5626329
5339281
5348342
5341438
5357113
5338082
5351450
5338462
5330006
5662469
5344074
5349210
5340384
5335576
5330083
5342557
5361206
5347150
5352508
5342925
5341645
5340136
5936125
5585419
5698639
5590656
5434213
5553954
5450009
5889837
5528816
5922908
5885837
5796710
6011271
5740357
6006315
6106023
5752782
6411214
5800582
6075504
5820275
5431604
5834873
5394540
5474540
5336670
5530255
5443835
5346685
5496568
5346134
5646441
5440486
5859155
5349441
5396576
5406162
5336250
5641911
5430301
5643844
9006798
5416437
5679016
5346431
6184194
5443385
5334219
5554252
5335785
5550051
5341312
5886434
5390399
5523003
5440695
5337796
5792769
5345734
5638913
5346831
5721479
5341042
5560947
5452710
5342756
5448038
5338011
5575077
5341320
5856414
5437555
5620663
5390726
5336061
5595435
5344811
5735405
5354888
5746910
5468884
6161399
5651151
5337114
5666933
5345007
5456058
5347790
5874844
5669579
5546434
5846342
5554297
5854749
5717160
5557845
5584386
5468633
5917054
5782619
6368962
5897202
5835150
6254598
5813789
5911417
5935197
5763285
6131146
5368516
5578302
5476238
5353716
5474812
5342298
6014565
5349069
5983216
5366776
7321669
6584799
5397214
6004834
5562613
5346617
5744869
5336209
5949088
5416249
5425453
5445359
5336260
5557677
5344597
5776808
5429145
5589756
5342545
5467962
5421234
5339838
5647330
9724396
5438950
5623055
5337363
5542319
5348531
5474335
5385609
5476171
5448227
5331708
5627493
5341771
5822794
5430445
5639483
5459109
5337481
5450561
5339664
5535806
5349648
5635679
5337867
5688331
5401624
5341672
5626190
5346126
5575513
5841526
5914245
5335182
5544014
5490974
5336933
5528006
5344633
5725287
5338733
5476486
5338316
5477392
5498155
5339222
5664555
5417039
5769018
5338730
5376333
5340477
5995242
5574093
5338755
5657539
5407941
5757825
9687915
5441261
5415442
6040032
6153755
6169558
6144444
5471813
5340020
5330172
5502794
5343478
5339135
5330669
5507349
5344078
7369046
7051742
5372486
5834565
7399580
5345137
5839643
5455771
5733740
5847638
5384784
5529148
5393155
5763818
5523590
5798457
5954526
5730989
6044984
5743639
6590135
5940123
5777129
6127506
5790748
6007271
5826340
5343632
5585825
9445071
5385687
5668492
5338444
5504387
5340696
5438231
5401425
5341277
5577288
5442702
5753272
5398947
5464308
5344723
5899540
5584950
5423472
5690224
5340589
5985671
5418685
6050787
5549054
5340315
5655052
5354930
5904218
5434699
6015831
5517218
5343010
7299461
5402585
5339866
5336719
5334322
5451416
5342531
5359273
5341387
5339657
5343796
5332906
5329815
5632967
5336356
5339250
5342205
5330213
6494189
5403324
5347895
5339629
5333674
5461316
5806706
5859959
5585200
6039920
5462253
5887180
5837493
5453543
5885212
5476238
5517616
5663003
5603122
5953657
5759790
6266484
5898466
5803223
5909538
5810181
6160635
5419974
5754519
5479399
5338607
5656544
5444940
5855850
5385009
5621119
5404626
10342800
5413442
5708984
5340802
5788571
5437829
5426320
5341977
5682408
5649349
5337037
5632004
5342039
5691217
5341207
5918853
5760501
5342166
5516881
5342608
5825855
5434941
5767198
5396264
5379180
5456149
5338101
5444162
5345340
5733189
5450608
5430152
5341480
6161291
5546365
5433987
5767399
5391271
5831942
8488021
5432262
5963863
5434750
5356141
5447314
5340253
5353449
5330100
5337871
5333847
5539619
10794447
8098663
5372819
5346488
5331968
5341450
5338291
7565370
6337307
5435575
7088036
6768405
5388523
5451741
5343059
7501047
6477475
5444912
5335507
5339741
5492355
5440599
7643634
6009477
5576437
5437536
5556547
5387184
5739181
8883922
5440981
5913336
5346689
5644448
5415554
5340514
5520576
5343672
5551258
5337664
5866238
5377639
5426984
5380873
5338787
5654259
5416170
5763537
5347839
6023168
5405384
5337345
5437053
5338037
5597323
5446626
5797552
5393170
5378813
5339837
7684676
6780333
5532751
5337933
5426659
5343483
5614117
5336313
5612214
5345626
5768039
5449512
5337451
5454885
5336655
5602324
5338182
5613214
5625047
5341903
5332029
5334895
5341474
5338679
5372579
5343016
5656646
5408557
5333348
5329833
5333652
5332114
5330065
5332440
5330096
5339484
5332224
5349752
5337018
5517283
5343077
5335564
5330128
5372169
5338295
5336086
5337757
5335399
5338429
5330959
5369290
5334162
9505409
5493571
5337947
5348797
5382258
5338082
5422452
5344491
5455899
5349218
5451601
5339171
5349890
5340416
5586135
5563464
5440337
5425538
5348286
5754391
5429190
5929993
5437660
5350467
5468946
5783617
6177931
5380219
5817687
5573616
5485712
5457142
5403292
5620928
5543681
5777289
5510905
5735799
5848946
5781267
6110886
5772329
5983398
5986458
5810930
6252168
9297748
5340332
5870207
5410118
7870372
6475101
5373247
7250234
6472929
5436151
5388993
5431313
5350810
5535219
5344451
5729224
5344889
5966825
5427910
5967670
5500751
5343098
5636905
5336563
5954409
5399231
10978191
5426702
5519400
5342031
5713555
5412643
5881870
5438593
5581581
5628401
5714572
5700144
5408573
5652354
5350807
5335411
5333294
5345481
5353170
9755902
5365573
5336600
5330150
7401262
7166906
5429158
5846314
5336565
5465226
5340819
7847397
7024260
5843844
5659715
6098946
5473211
5537949
5517655
6222350
7430271
5415688
6225812
6025106
5685070
6080527
5761200
5875791
5913306
5812190
6331140
5735710
7646257
6939205
8653046
5372814
5443703
5345994
6129242
7075244
7961925
5384175
5531943
5350693
5893150
5412704
6254388
6895196
5334966
5686087
5341421
5968423
5601365
5344978
5656270
5345604
5804201
5419014
5428869
5336189
6413863
5702549
5437559
5656100
5419511
5439976
5341821
5950870
5521668
5346668
5640212
5440804
5842275
5393237
5494960
5341964
5352539
5344203
5347735
5393889
5336287
5380747
5344196
6306196
5424043
5766077
5671700
9594457
5415802
6053964
5412071
5341637
5333353
5334895
5344674
5336608
5350466
5340237
5877033
5434600
5338756
5330040
5348639
5337507
5330126
5332913
5653482
5340355
5345281
5341684
5371361
5360019
5344075
6818611
10127033
7394697
5367723
5525668
5344281
5332385
5355600
5340880
5342767
5332400
5532629
5341218
5516964
5349004
5335360
5347718
5345873
5345750
5343836
5526414
5336929
5577883
5341496
5362351
5348344
5336656
5334433
5332182
5332630
5339490
5342169
7127394
5635620
5482051
5342246
5336084
5339642
5348517
9690655
11329709
5775204
5649313
5524742
5341756
5548105
5340412
5700953
5469963
5748694
5596728
5354243
5543701
5343790
5649959
5341454
5732212
5441152
5569204
5552309
5340723
5587252
5440998
5696886
5416572
5835804
5442970
5535037
5382249
5338021
5652254
5343208
5729479
8993739
5398017
5679698
5433193
5831560
5494665
5337510
5433903
5350700
5666052
5417423
5605218
5347611
5335470
5347967
5342454
5362403
5336587
5797949
5437128
5803694
5341430
5636684
5412991
5340946
5451274
5333821
5736226
5402501
5550923
5339978
5870515
5410576
5340993
5482004
5343650
5980630
5649912
5781117
5427577
5341255
5501147
5346185
5674823
5432269
5600185
5429517
5449590
5433756
5344158
5649075
5428617
5660575
5415051
5752225
5348218
5657423
5444882
5343230
5514399
5346872
5661189
5343650
5959561
5422657
5336784
5517968
5349406
5339002
5332693
5335397
5332450
5350097
5331414
5334850
5345313
5335647
5341039
5331448
6743468
5410153
5460817
5343357
5354847
5342003
5332308
5334770
5330136
5338765
5341361
5334036
5332413
5333055
5329917
5374273
5394695
5344517
5727863
5335038
5636001
5341854
5556241
5335629
5749932
5498379
5340077
5542282
5344408
5695672
5350930
5590512
5340309
5458292
5364473
5345305
5508740
5343026
5551719
5439625
5928634
8880589
5388679
6015488
5386802
5864883
5540141
5344546
7763106
8180554
8842998
5371935
5340095
5336865
5336030
5331730
5367566
5350199
5332302
5428847
5338980
5349311
5348147
5341225
5332397
5334643
5335669
5338158
5337384
5386940
5401010
5376688
5404969
5338218
5367058
5332594
6214264
5739331
5982346
5873792
5662725
5896944
5818223
5529690
5707296
9828144
5436128
5726732
5383015
6466854
5367435
5389103
5508693
5371045
5763593
5817986
9227374
5998574
5413202
5713896
5444762
5336244
5482738
5347779
5942453
5468257
5521600
5722185
5386136
5653318
5475145
6097281
5819859
6009961
5946738
5827220
5962013
5771939
6362491
7259254
5737505
6709135
5843959
5768930
6160186
5777984
5881998
5912757
5820039
6013904
5754716
6219429
5893796
5750359
6330115
6535758
5738818
5963799
6004034
6117424
5809215
5733112
6193084
5770267
5841610
5882362
5745514
6101500
5916745
5951709
5924819
5815509
6049930
5744432
5909796
5938150
5794649
6162587
9459245
5811323
5985184
5874003
5787856
6196958
5783531
6609515
5901130
5805579
6405841
5775138
6481126
6131113
5776219
6332773
5795977
10471663
5807400
6339275
5776361
6268015
5890613
5780212
6387796
6000863
5830119
6114369
5836311
5858444
5959340
5814848
6094847
5821794
5784750
5815773
5826846
6079754
5747255
6085479
5788995
5807610
6245592
9753731
5764092
6360742
6019889
5817790
6108476
5808355
6661570
6076363
5803907
6386835
5837765
5783818
6156629
5781083
6638218
5953640
5790836
6271453
5767838
6524432
5982200
5792619
5868649
5730744
8136072
6449265
5873705
5790665
6010018
5823952
5845563
5843069
5815852
6138586
5820868
6018616
5840578
5778148
6341562
5747257
6091138
5914612
5776184
6117792
5790198
6456230
5944049
10059484
5833263
6208662
5896298
5825521
5911754
5764692
6174462
5832975
5810305
6274468
5790569
6288427
5904679
5778045
6147489
5784895
5997135
5991688
10396622
5766971
6209400
5755689
6063091
5977207
5783515
6348642
5959570
5834874
6068965
5731727
5841260
5892974
5735684
6280251
5767554
6261207
5942790
10549184
5755052
6177443
5767182
5819714
5976655
5836220
5987591
5791463
5961243
6031594
5797043
6357944
5771817
8158692
6665975
6030808
5832732
6145719
5828105
6101128
5948461
5835298
6195771
5833466
5958743
5950541
5777518
6398695
9082689
5809164
6253595
5931157
5805619
6327064
5804533
5807567
6238936
5800785
6226727
5893949
5812861
6112487
9734378
5787100
6441057
5911484
5823578
6136760
5754527
5936441
5898118
5821099
6268135
9371113
5817006
6023369
5892096
5828838
6176937
5835198
5879101
5933946
5811991
6124599
5807132
6253292
5926875
5826243
6291963
5792219
5905384
5989632
5842602
6104788
5854921
5729817
5973967
5811522
5887858
9100372
5842573
5982762
5951833
5787770
6178589
5783982
6346424
6130985
5834975
6380431
5783907
5788018
6254423
5781021
6037108
6080834
5753223
6234120
5798672
5960571
5904884
5768216
6188543
5817155
6023516
5945372
5757846
6207706
5759579
5844820
5927232
5821638
6051693
5838956
6259470
6020785
5807265
6926890
6790290
5698306
5816182
6057502
6296883
5620111
5349133
5754666
5413299
5926946
5339415
5398903
5502778
5346159
5593698
5343687
5764781
5440618
5465529
5346640
5410322
5514108
5338731
5541674
5338324
5727314
5412969
5760115
5384683
5401410
5527102
5347686
5714708
5347072
5644555
5345593
6013183
5551595
5348458
5600571
5348880
5780593
5339811
5647580
5340743
5337087
5540937
5347542
5583782
5439838
5533913
5336184
6110463
5523655
10256428
5394242
5702367
5344005
5703015
5447860
5510337
5339884
5367873
5417464
5353864
5554443
5340530
5671957
5439606
5459027
5343619
5715190
5564906
5406657
5637979
5428317
5707247
5349269
5949998
5452482
5352208
5644193
5429496
5702783
5342009
5694172
5338957
5356384
5458712
5349360
7146610
5758155
6031488
5895946
5799487
6147286
5803000
6595022
6046755
5812115
5902973
5789558
5807055
6029249
5824402
6345607
5805853
5828038
6175965
5996729
6660335
6036430
5772837
6232123
5468167
5525993
5521717
5403297
5864268
5470640
5878513
5501645
6691549
5906087
5403744
5751929
5352510
5465285
5389649
5352179
5545268
5342846
5876439
5396514
5698580
5343895
6214051
5535345
5359595
5651081
5491446
5910560
5348326
5800094
5583104
5347048
5617802
5350260
5748880
5345966
5534145
5381876
5340954
5550852
5438592
6100723
5626006
5504638
5354129
5506199
5561177
5583134
6062873
9176675
5442615
5734663
5356604
5576167
5364399
5337105
5500560
5509059
5628732
5344255
5736510
5345697
6392466
5590374
5357087
5766940
5440909
6100719
5375033
5385364
5480162
5339780
5720687
5442064
6233842
5407831
5672381
5563912
5366416
5737195
5403007
5749112
5547261
6212029
5973922
5395317
5768393
5400050
5971432
5703423
7358977
6798637
5564620
5342244
5623075
5351493
5599402
5343177
6177632
8363895
5408378
5396532
5340116
5496769
5384759
5348099
5501965
5349886
5758714
9229547
5388110
5726372
5435944
5698065
5463953
5352027
5525305
5348046
5519349
5347342
5758281
8918034
5410474
5714387
5346680
5405020
5422407
5344160
5615306
5347969
5487396
5346374
5615819
5351497
5479784
5376503
5353124
5452035
5342570
5714318
5444552
5802347
5395061
5561179
5378927
10137664
5393117
5452322
5345485
5576275
5347010
5389696
5343272
5532611
5575428
5338793
5554996
5343283
5568367
5437376
5570315
5432564
5409389
5418219
5367921
5551485
5350634
5680331
5798299
5614570
5442444
5340546
5367211
5343136
5599689
5461728
5775697
5395158
5502705
5361832
5342998
5407504
5351090
5595318
5340886
5963849
5431873
6079395
5626355
5351227
5608651
5347957
5705935
5341458
5563687
5378478
5346337
5380371
5349689
5714045
5440876
5827373
5385801
6013142
5514009
5340906
5595614
5343325
5629081
9027728
5355021
5777346
5400825
5561130
5379222
5343049
5430027
5337219
5657780
5425619
5852638
5448048
5852815
5503225
5346079
5726339
5446356
5947156
8670547
5450093
5669566
5413663
5431700
5396235
5348989
5563073
5338450
5610971
5347497
5678368
5346140
5528161
5463916
5344706
5493571
5348395
5560624
5343140
5712186
5342708
5562667
5391793
5342380
5578300
5352031
5819310
6603594
5704252
5798475
5346055
5555686
5354759
5844676
5412897
5419068
5598812
5491586
6029776
6445658
6657120
6648613
5624724
5987134
5715706
5629151
6092282
6022774
6502344
5892169
5795426
6214711
6250109
6572759
5973522
5896185
6327246
5816787
5986758
6124964
6335083
5961802
5972060
5898789
5798171
5638080
5773901
5672834
5899345
6123879
6574661
6629146
7021272
6413498
6415711
6473329
6175437
5938991
5827986
5759748
5694042
5564152
5850761
6255314
7765828
5771202
6004666
6322637
6074260
5790427
5875159
5969996
5969761
5984869
5973839
5896122
5980589
6381625
6200224
6025478
6270507
6485830
6648576
5870599
6079822
7587196
7963518
6251503
5769508
6035232
5656357
6392055
5901078
6162946
6092491
6458274
6435145
6071819
5906724
5975584
5969297
6032366
6101044
6234099
6575203
5810968
5894009
5906542
6057525
6421912
6854795
6024080
6056805
5850939
5813827
5607804
5689692
5771088
5688018
5793505
5895868
6408679
6043276
6121854
10506963
6198861
5627332
5722111
5972145
6885897
5566617
5691804
5763617
5828205
7001172
6410333
5999533
6373412
6947001
6235864
6310092
6292461
6113937
5956240
6242289
6176840
6026885
5957178
6167003
5900227
5770160
5895407
6072639
6062839
6776463
5971497
7690093
6410454
5836749
5785061
6430099
5814727
6177355
5986884
6687104
5972623
6120114
6831405
6012467
6182332
5953677
6074660
6051380
6606430
6316996
11252497
5751342
5694629
6834332
6531613
5880478
6336318
6339759
6443717
6817615
10396108
5906931
5811083
5787381
5690563
5623256
5676052
5679622
5769577
5808959
6318295
6542886
6864283
7024002
6802370
6646894
6595607
6309894
6193773
5981910
5866963
6187769
6151332
5602232
5663129
5955188
6109183
5581893
6042876
6005649
5517797
5513587
5474280
5753203
5375396
5595457
6064874
7531856
5815755
5701658
5747422
5711584
5703750
5805926
6530168
5386227
5382569
5413222
5943580
5458352
5376073
5607832
5926708
7092688
5351517
6975365
7202327
7677540
6041980
5439145
5340577
5341316
5335824
5339064
5337699
7405824
6446889
5377249
5408442
5586916
5380368
5505752
5344090
5381394
5338895
5348104
5341825
5337822
5343504
5355263
5346319
5342992
5348194
5331548
5336674
5331666
8838694
9625407
5412946
5340362
6138013
7226867
5443642
5351164
5339389
5392491
5342122
5370999
5339313
5341542
5347281
5340248
5405382
5338560
5371309
5337321
5352039
5340103
5342541
5340766
5365106
5346730
5336234
5340404
5366008
5416175
5333244
5341222
5827792
5461296
5350375
5532481
5407901
5348728
5524868
5343044
5366085
5350126
5857517
5364998
5356215
5359559
5349632
5626051
5445608
5403930
5340715
5343156
5459896
5404927
5486660
5484708
5785679
5410633
5382090
5347666
5382827
5344302
5355516
5349382
5344855
5350873
5336119
5348419
5339498
5516943
5353128
5436375
5533909
5504634
5377263
5342179
5353274
5338779
5385118
5341111
5357204
5344144
5341692
5352206
5450659
5348856
5337437
5343947
5336679
5344209
5336130
5341990
5341135
5354446
5341227
5351862
5383619
5342281
5349064
5347144
5398191
5332959
6233850
5439699
5371222
5551459
5334971
5344442
5338101
5347865
5338543
6545823
7334803
5442145
5348214
5343209
5366357
5341597
5344778
5357166
5346100
5367101
5342012
5349295
5345249
5345184
5342415
5343014
5334590
5349815
5343642
5341074
5350374
5492817
5480798
5344739
5630867
5345127
5340646
5354288
5345198
5349265
5332759
8651991
5697563
5437100
5400643
5341226
5350733
5347491
5340317
5357515
5340892
5342185
5356429
5355057
5341820
5357205
5347554
5345076
5342348
5342402
5336358
5355088
5351203
6074755
5408313
5355931
5354393
5345996
5343212
5340245
5349899
5365207
5343418
5355725
5345565
5427928
5335954
5357652
5356813
5378874
5377760
5387704
5335570
5349016
5354270
5400393
5668979
7286498
7459436
6524785
5444477
5366686
5342923
5370139
5383229
5339513
5400815
5339980
5381799
5390561
5448740
5412690
5394474
5337700
6610500
6233524
5427230
5347708
5342576
5353603
5355490
5340000
5421128
7996394
5385303
5372004
5394098
5374659
5343388
5453248
9167763
5442683
5352267
5346857
5342212
5341995
5357672
5343110
5347934
5352463
5345446
5344720
5337731
8235943
6857104
5441327
5350928
5347570
5366471
5338738
5339471
5336955
5340924
5352068
5336717
5356264
5339155
8792861
8126375
5378053
5339248
5350874
5339246
5578381
5441439
5352147
5354044
5555233
5361471
5336892
5575052
7503701
7413593
6591935
5428574
5356897
5353016
5350908
5422470
7013514
7108418
6791353
5414532
5773905
8877263
5406075
8443193
7286468
5402782
5417110
5346089
5345294
5353993
5342580
7153526
5386954
10147613
10754410
5435497
6650524
5420830
5346744
5352329
5374805
5342732
5352895
5574853
5807875
5382684
5346705
5351848
5355123
5351454
5346624
5435444
5369668
5333673
5358273
5340752
5467355
5348759
5355189
5342695
5352740
5346820
5345017
5344850
5337065
5343144
5341617
5386046
5338170
5668380
5435526
10150288
5431471
5359073
7449798
6126786
5423317
5401862
5447344
5349295
5362031
5357832
5454781
7505203
5438032
5354810
5342629
5452096
5428085
5451692
8626682
5403412
5339257
5336848
5356128
5342005
10501254
5429102
5423598
9813408
5411642
5357450
5350071
5438916
5356739
5375082
5345797
5350442
5461093
7292169
6190066
5379130
5354822
5448083
5345503
5403783
9647523
5624009
5361903
5663003
7342538
6749415
5360538
5345111
5342080
5343999
5371338
7311825
6355207
5445062
5383731
5358547
5346390
5364334
5350619
5359547
5350580
5353487
5341873
5371759
5341107
5550050
5566868
5354836
7039846
5582744
5378057
5473504
5353945
5379266
5342092
5371340
5341791
5376239
5347731
6086355
5342872
7327513
6269325
5425381
5396148
5350572
5408894
5374693
5340955
5371615
5337414
5786997
5439907
6018652
5521754
5349557
5345711
5340282
5349973
5339309
5344866
5335846
5340737
9154734
5422629
5352161
5346961
7444852
6245678
5352439
5345306
5358592
5340673
5345691
5339986
5421731
5339892
5371941
5370999
5348677
5385687
6686298
6966694
7311407
5426767
5811668
7445579
7387961
6353455
5436633
5359464
5351629
5347099
5356239
5344447
5347492
5349658
5354013
5353530
5356611
5345646
10747456
5406340
5355137
9803657
5414596
5392926
5356548
5355529
5373440
5359118
5386714
5391857
5344791
5339356
5347798
5345955
5352790
5334425
5350146
5345035
5347749
5381287
5344340
5355776
5339185
5367044
5341361
5348803
5337312
5390844
5339632
5347221
5340522
5348368
5342017
5335373
5354669
5363093
5367881
5342405
5357438
5353431
5339092
5347093
5348167
5345407
5345164
5350708
5923278
5604434
5342777
5341499
5906638
5437719
5352695
5341334
5348261
5340134
5347703
5346601
5382843
5345541
5360467
5358368
5350133
5357959
5343863
5360007
5354083
5363315
5399104
5388461
11071976
8055611
5363952
5429574
7484221
5400767
6168504
8829294
5410541
5346057
5339569
5342478
8275051
5356843
5600746
5346841
5352457
5338381
5350290
5359879
5352387
7267931
5360977
5350936
5351104
5352902
5412970
5363876
5358216
5339730
5354061
5342746
5378199
5333343
5363362
5346640
5343187
5347040
5335963
5345188
5338194
5354643
5345175
5369981
5337093
5346685
5338653
7331034
6323214
5391344
5348531
5360237
5399924
5506481
5340471
5354650
5336748
5343758
5342196
5375951
5337720
5514617
5360597
5334080
5347787
5333973
5552969
5344055
5345421
5343100
5341312
5347534
5339157
5506069
5346985
5536111
9356573
5431880
5355858
5356418
5342807
5351532
5341580
5345651
5360792
5364137
5342836
5355403
5342102
5440032
5470607
5510538
5416982
5345870
5347066
5352392
5353810
5340737
5347885
5347068
5620599
5357409
5356374
5343002
5396466
5363993
5342427
5353124
5359085
5346207
5348458
5672507
5346740
5362884
5343900
10458051
5372234
5352303
5344775
