15876
16080
17093
15806
16032
15761
15703
19723
15757
15664
15682
15757
15713
15670
15723
15701
15706
15702
15889
15682
15681
17698
15669
15698
15689
15692
15653
15716
15714
15781
15887
15778
15723
16017
16760
16032
15747
15708
16237
15669
15758
15698
15805
15697
15708
15657
15696
15660
15779
21780
15668
15668
15694
15702
15730
15660
15671
19775
15750
15678
15680
15673
15690
15656
15686
15809
15772
16060
15779
24037
15680
15688
15670
15657
15770
15684
15669
15720
15698
15684
15664
16172
15794
15705
15813
15659
15661
16097
19707
16029
16211
15672
15714
15709
15681
15674
15698
15691
15677
15721
15669
15658
15801
16235
15752
15536
16292
16065
15721
15745
15563
15776
15598
15536
15888
15579
15962
15550
15618
15717
15594
15554
15717
15713
15759
15676
15754
16163
15851
16303
15672
15863
15877
15829
15890
16007
15712
15713
15915
15876
15699
17003
15668
15643
15706
20273
15616
15623
17146
15686
15869
15972
15669
15688
15886
15688
15616
15758
15684
16340
15597
15640
15743
15686
15783
15648
15776
18305
19973
16928
15873
15680
15700
15650
15601
16377
15904
15686
15665
15643
15827
15607
15699
15648
15616
15645
15932
16039
16076
17628
16060
15561
15500
15539
15477
15474
15455
15491
15461
15581
15499
15502
15474
15449
15557
16402
15797
15518
15818
15611
15496
15526
15859
16018
15762
17387
16713
15472
15500
15762
15529
15493
15467
15637
15618
15559
16849
15589
15802
15748
15519
15451
15479
15919
15638
15552
15470
15440
15432
15433
15723
15406
15410
15497
15451
15587
15440
15451
15467
15462
15940
15482
15768
15454
16719
15491
15486
15485
15459
15431
15755
15520
15544
15449
15626
15479
15536
15485
15426
15442
