243
411
427
422
419
418
425
426
422
384
259
238
238
238
238
238
238
238
238
238
238
238
238
238
238
238
254
238
238
238
238
238
244
238
238
238
238
238
238
238
238
238
272
461
434
387
395
386
392
389
393
392
370
247
239
239
239
239
239
239
239
240
239
239
239
239
239
239
239
254
240
240
244
238
238
238
238
238
238
238
238
238
238
238
238
256
487
450
429
419
421
428
428
427
426
278
257
238
238
238
238
238
238
238
238
238
238
238
238
238
238
333
481
485
436
389
384
388
389
379
395
292
239
239
248
243
240
240
240
240
240
240
240
241
240
240
240
246
246
240
240
240
240
240
240
240
240
240
240
240
240
240
240
240
249
240
240
240
240
240
240
240
240
241
240
240
240
240
240
240
242
243
242
242
242
242
242
242
242
242
242
243
243
242
242
242
242
243
243
242
242
243
242
242
242
242
243
242
242
242
242
242
242
243
240
240
240
240
240
240
240
240
240
239
239
239
239
239
239
240
240
239
239
238
239
238
238
238
239
238
238
238
238
239
239
238
242
241
238
238
239
239
239
238
239
238
240
239
238
238
238
239
238
246
241
243
241
241
241
242
242
241
241
241
241
241
241
242
241
242
241
241
241
241
241
241
241
243
240
241
241
241
240
241
241
242
242
240
240
240
240
240
240
240
240
240
240
240
240
240
240
240
241
240
240
240
240
241
240
240
241
240
241
240
240
240
241
240
240
242
240
240
238
238
238
239
238
239
239
238
238
239
238
238
238
239
252
239
238
238
238
238
238
239
238
239
238
238
238
238
238
238
240
238
238
238
238
238
238
238
238
238
238
238
238
239
239
238
239
241
239
239
239
239
239
239
238
238
239
239
239
239
238
239
238
243
243
241
241
244
240
240
241
241
241
242
240
240
241
242
244
240
250
240
241
240
