98
113
94
93
93
93
93
94
93
93
93
93
93
93
93
93
86
53
48
48
51
49
46
47
46
47
46
49
47
47
47
49
48
47
46
48
45
48
48
49
48
46
48
47
45
48
48
47
45
46
45
47
48
47
47
46
46
46
46
50
48
49
50
60
61
56
51
53
57
52
56
51
53
58
55
48
53
53
49
56
49
52
54
54
53
52
53
53
52
53
52
56
57
59
57
58
54
50
48
50
51
52
50
55
50
51
51
52
50
51
51
52
52
52
52
51
52
51
52
52
52
50
54
49
55
51
53
52
51
51
51
51
49
52
52
59
52
52
48
50
50
51
50
53
49
51
52
50
54
49
51
54
50
50
55
49
54
51
53
51
51
49
49
52
51
49
53
51
51
49
54
70
51
51
51
54
54
50
49
51
52
53
52
51
51
53
51
48
51
50
54
49
53
52
48
49
51
50
49
51
53
51
48
51
51
54
53
49
50
51
49
50
50
49
50
50
51
49
50
51
49
52
52
51
49
52
50
51
49
50
52
53
50
50
54
54
50
50
53
55
51
50
49
50
49
49
49
71
51
50
49
46
48
47
45
47
47
45
46
47
45
48
46
48
46
50
48
47
49
50
49
46
45
46
46
46
46
47
47
48
45
54
46
46
46
47
45
48
46
50
47
46
46
47
47
46
47
46
46
51
46
47
47
47
46
46
48
47
47
48
46
48
47
47
51
46
47
47
47
48
50
47
48
46
46
50
46
46
50
49
50
54
46
48
46
47
45
47
45
46
47
48
48
46
47
49
48
48
46
46
47
107
46
51
48
46
47
48
45
45
49
50
49
47
47
46
47
46
46
46
52
50
47
46
50
47
49
46
46
48
46
46
48
47
46
46
48
47
