24330
24097
23390
24249
25877
23946
24887
23681
23661
24023
24040
27460
23674
24016
24446
26310
23852
26451
27086
26124
26639
27298
29919
31783
30648
23687
28183
39331
40846
25361
24053
24237
23928
24287
24798
24499
24674
23981
24843
24554
24302
24192
24158
24237
24260
25014
24109
24241
24778
23835
24693
24533
23986
24211
23974
24332
24395
24268
24286
24229
24095
23757
24424
24279
24287
24273
24097
24327
24352
24078
23674
24861
24599
24199
23979
23921
26482
24424
24863
24618
24333
24152
24673
23610
24321
24411
24275
24488
24914
24891
24679
26074
24481
24092
23941
24599
24610
24307
24025
24996
24193
24420
24023
23218
25385
25027
23285
23458
23317
23844
23981
24145
23595
23235
23251
23257
23170
23131
23137
25532
23162
23195
24635
24462
23108
23184
23033
23346
23132
22944
22892
24149
23906
22950
24222
22926
23637
23270
23008
23216
26058
22946
22939
22838
22930
23588
23491
23402
23598
23366
23385
26554
24124
23493
23363
24210
24125
23854
23352
23626
23949
23713
23557
23344
23354
23309
23611
24175
23401
23793
23430
26028
23587
23393
23429
23878
24918
23355
23374
24072
24901
24464
23394
23610
23883
23541
24181
23690
24611
23722
23236
24078
24520
23963
23168
23749
23521
23339
23213
24130
23416
23606
23025
23230
23573
24209
23701
23982
24014
24535
23523
23718
23428
23252
23272
23317
23540
23474
23255
23245
23206
23382
23207
23199
23243
23253
23235
23103
23090
23752
24290
24554
28310
24056
24082
25282
23769
25239
24842
24949
24010
24784
24942
25376
25970
24183
23801
24007
24029
23903
