20347
19071
19485
19652
19825
20498
19553
19200
20142
19572
19554
20303
20005
19584
19726
19630
20139
20218
19974
19938
19843
19025
19196
20099
19944
19895
19886
20176
19301
20061
21514
19543
19771
19664
19797
20644
19975
21145
20600
20174
20248
19511
20171
19463
19985
19295
19832
20668
19858
19786
19568
19997
19967
19840
19325
19672
19552
19381
19523
20593
19962
20405
19691
21678
22104
22731
23450
23251
23140
24368
22213
23948
24544
22280
22270
24372
22734
22270
22956
22301
23437
21999
22116
21554
18874
18929
19273
18845
19208
18957
18823
19027
20006
19359
19045
19373
18821
19064
18821
19182
21574
19191
18814
18795
18864
19625
19554
18931
19387
19505
19320
19947
19745
20296
19304
20635
19594
19982
19550
19566
19827
20070
20893
19831
20023
20157
19631
20267
19151
19125
19948
19138
19556
19426
19908
20376
19097
19049
19071
19199
19220
19126
18939
19297
19621
19205
19643
19670
19403
19216
18891
20105
19288
18812
19029
18948
21078
19426
18879
18910
18974
18877
18906
19107
18867
20103
18823
19118
19166
18840
18966
20041
19148
19451
19903
19240
19385
19346
19596
19929
20477
20280
19608
20443
20722
20376
21232
20437
20850
18801
19934
20392
19991
19456
19688
30867
36499
23064
20270
19187
19686
20264
19832
19253
19176
19820
20515
19929
19486
19699
19741
19211
19556
19056
19755
20143
19872
18740
20382
20045
18983
19874
19452
19457
18912
19402
19366
19484
18652
19105
19508
19533
18976
19395
21287
18593
18756
19204
20310
19050
19269
18865
19208
18952
19390
19606
19650
19273
19037
19577
19442
20482
19507
19552
19194
19724
19146
19159
18978
19585
19479
20364
19148
18937
19375
19435
19090
19598
19046
19069
19345
18783
19541
19436
19224
19431
19313
18826
19381
19263
19466
18994
19498
18972
20148
19499
19439
19195
19583
19188
19917
19279
19407
19142
19607
19095
19626
