32810590
39163838
37961128
33803585
38908453
38412219
40780559
37306318
33674590
37867907
35463925
40965977
37976861
34391477
42453295
36165593
34265331
42962345
35419321
39552860
39987592
34880397
35140450
39301125
37092776
40465536
36603921
35458056
39088705
36154517
37732622
34818678
40555942
34516650
41096038
38434187
35407119
39098593
33446173
43732555
42779346
33100953
40319736
35161664
37899877
39119210
33905554
40458074
39981717
38341338
42521588
34111332
38667941
37642888
33831781
42006530
38586011
35573307
38655047
