2480
3165
2338
2566
2576
2534
2886
2461
2559
2333
3167
2389
2565
3346
2408
2649
2533
3344
3019
2429
2433
2436
2354
2349
2604
3108
2375
2425
2419
2565
2590
2335
2454
2608
2396
2444
2491
2638
2646
2477
2447
2522
2373
2549
2520
2387
2460
2418
2379
2409
3367
2784
2447
2378
2390
2439
2456
2422
2397
2450
2392
2429
2448
2433
2426
2418
2414
2444
2379
2492
2419
3464
2453
2473
2403
2429
2396
2277
2423
2421
2325
2317
2627
2193
2121
2443
2437
2417
2426
2267
2286
2325
2386
2393
2407
2386
2417
2440
2266
2791
2189
2997
2905
2236
2432
2206
2180
2290
2210
2232
2193
2214
2279
2284
2311
2876
2556
2275
2206
2185
3409
2354
2224
2183
2188
3346
2267
2214
2227
2208
2227
2274
2278
2213
2261
2836
2606
2578
2639
2488
2558
2473
2531
2534
2546
2530
3448
3582
2676
2544
2404
2477
2547
2544
2444
2553
2524
2527
2383
2553
2523
2512
2619
2470
2527
2460
2382
2531
2536
2521
2604
2647
2481
2547
2531
2642
2641
2467
2587
2458
2511
2542
2514
2594
2408
3150
2550
2428
2488
2643
2538
2466
2498
2475
2502
2588
2535
3490
2723
2543
2585
2583
2690
2705
2459
3324
2448
2479
2428
2397
2482
3318
2438
2433
2527
2417
2356
2454
3201
3156
2427
2420
2353
2501
2533
2413
2450
2188
2345
2252
2129
2168
2301
2352
2291
2297
2431
2133
2275
3661
2270
2257
2209
2430
3146
2252
2222
2221
2175
2113
2128
2111
2212
2154
2123
2183
3347
2278
2153
2113
2128
2129
2214
2113
2154
2224
2286
2248
2222
2130
2112
2155
2229
2130
2112
2226
2116
2190
2264
2146
2112
3352
2426
2229
2382
2156
2215
2819
2128
2391
2612
2229
2183
3139
2140
2162
2185
2128
3233
2136
2246
3335
2163
2127
2588
2233
2185
2146
2132
2125
2201
2187
2153
2136
2725
2168
2194
2106
2129
2160
2274
2257
2112
2168
2150
2239
2155
2262
2159
2139
2211
2177
2160
2113
2245
2200
2210
2125
2123
2113
2234
2218
2141
2125
2113
2171
2191
2120
2242
2146
2216
2275
2268
2342
2276
2242
2277
3437
2225
2308
2262
2317
3161
2127
2252
3389
2195
2272
2216
2356
2265
2284
2267
2126
2345
2134
2129
2381
2182
2159
2147
2493
2260
2292
3433
3517
3378
2417
2136
2125
2118
2112
2195
2153
2128
2113
2126
3343
2128
2156
2160
2185
2240
2279
2268
2139
2125
2223
2239
2112
2129
2113
2200
2125
2129
2132
2314
2237
