2362
2197
2184
2109
2130
2110
2144
2144
2127
2109
2166
2109
2178
2162
2121
2122
2124
2170
3894
2125
2120
2128
2203
2125
2120
2109
2259
2139
2121
2111
2145
2126
2153
2121
2180
2124
2122
2152
2150
2125
2109
2132
2178
2152
2239
2275
2143
2132
2155
2108
2122
2112
2163
2109
2119
2116
2112
2123
2120
2133
2164
2152
2109
2163
2110
2133
2108
2143
2152
2149
2192
2150
2120
2138
2145
2109
2119
2132
2122
2121
2126
2132
2124
2167
2349
2187
2965
2134
2158
2108
2121
2146
2167
2126
3757
2112
2129
2115
2143
2118
2185
2109
2131
2108
2126
2112
2121
2121
2123
2160
2139
2141
2131
2149
2113
2138
2131
2149
2131
2244
3319
2186
2271
2327
2281
2304
2244
2197
2136
2938
2174
2121
2236
2150
2124
2169
2132
2196
2153
2110
2121
2119
2226
2259
2253
2148
2164
2183
2172
2131
2109
2168
2223
2149
2109
2121
2135
2135
2199
2113
2124
2135
2167
2156
2123
2108
2136
2253
2202
2112
2125
2128
2179
2203
2108
2119
2108
2178
2194
2121
2108
2119
2109
2155
2114
4233
3967
2154
2114
2108
2109
2108
2274
2124
2190
2114
2124
2225
2266
2270
2300
2304
2264
2269
2297
2191
2124
2159
2229
2109
2125
2113
2127
2112
2123
2109
2133
2111
2115
2108
4159
4088
2388
2329
2149
2110
2109
2162
3917
2148
2121
2108
2111
2108
2110
2109
2108
2110
2109
2111
2110
2112
2108
2110
2110
2112
2108
2112
2108
2109
2113
2122
2113
2111
2113
2108
2109
2112
2115
2108
2111
2126
2132
2112
2113
2109
2111
2109
2114
2110
2108
2109
2109
2110
2108
2109
2108
2109
2110
3296
3000
2138
2110
2109
2120
2110
2110
2110
2123
2195
2248
2294
2505
4206
4222
2300
2135
2149
2178
2716
2219
2119
2168
2157
2149
2223
2145
2161
2120
2137
2171
2197
2112
2128
2144
2153
2197
2138
2212
2263
2308
2319
2192
2124
2123
2143
2144
2123
2113
2347
2173
2151
2152
2163
2117
2128
2143
2150
2192
4304
2419
2383
2411
2159
2143
2127
2210
2171
2123
2152
2152
2140
2147
2109
2124
2146
2168
2145
2118
2113
