963
932
949
932
932
932
945
924
923
923
965
945
946
946
1034
1279
991
1444
1055
932
949
945
1021
932
959
931
951
1039
984
925
945
948
969
1055
1262
970
931
997
1243
938
934
955
1064
976
1064
1004
1029
1001
1031
1049
1007
1013
971
984
1001
993
955
974
963
932
933
956
948
1351
961
1003
1069
935
930
1002
945
923
929
930
957
959
1037
1060
1001
1019
994
994
980
926
926
926
930
999
1441
932
932
932
956
935
932
932
932
946
1444
1448
1053
931
931
932
945
931
932
932
940
932
932
932
932
950
971
1000
1000
1008
1000
1000
1000
948
932
932
931
944
932
931
931
943
932
932
932
938
938
935
940
932
944
932
932
935
953
926
926
926
928
926
929
933
926
938
926
925
925
930
939
925
931
944
926
931
926
932
926
926
925
925
938
927
926
926
941
926
926
926
927
925
1180
1766
1022
993
993
998
1001
1002
942
932
1004
932
932
932
934
932
931
932
933
932
932
932
1057
2058
1952
1450
1447
1245
932
932
932
932
941
941
941
941
942
940
932
931
933
932
932
932
1098
1446
1446
1164
932
932
932
934
931
931
931
931
933
931
931
932
932
1416
1400
1493
1446
1445
937
923
923
923
932
923
923
923
924
923
923
923
923
924
923
923
923
1283
1992
1438
1445
1446
1443
1441
1205
928
925
925
925
925
927
925
926
925
980
926
926
926
930
926
926
926
931
933
925
925
925
930
933
944
935
980
956
980
1001
986
930
1020
1349
1017
1461
1460
1064
927
925
926
942
926
933
930
946
926
926
926
926
941
925
925
925
938
926
926
933
947
925
929
925
928
989
931
930
955
969
926
926
926
948
926
926
934
944
926
926
972
940
935
930
929
925
939
925
925
925
939
932
936
934
938
926
926
929
935
939
930
929
929
955
941
932
943
1083
926
926
926
939
925
925
925
925
933
926
945
926
938
999
