21085
21778
21748
21449
21677
21076
21784
21542
21787
21770
21542
21472
21732
21217
22029
21932
21622
24018
21286
23847
21676
21879
22672
23119
22353
22968
22538
22408
21995
23101
22312
22387
23621
25194
23149
21946
22809
22950
21973
21970
22101
22149
21307
22497
21349
21829
21377
21805
21651
21289
21611
21691
21642
21814
21424
21620
21332
21760
23473
21412
21336
21846
21480
21285
22006
21294
21129
22154
21335
21668
21533
21259
21062
21266
21363
22804
21152
21134
21870
21722
21337
21453
21808
22333
23122
21046
21695
21432
21590
23272
21088
21669
21204
21333
21125
22390
21144
21806
21056
21026
21012
20973
20894
21545
21082
20994
22506
20957
20949
22697
21115
21470
20957
21006
21784
20956
20954
21655
21149
22108
21349
21401
20931
20973
21140
20957
21690
21438
21541
21386
21765
21730
22311
22217
22434
22789
22423
22568
24602
22857
21942
22113
21947
22754
23046
23688
22597
21336
21915
21140
21206
22349
21446
21306
21372
21864
21661
21846
22946
21871
21355
21697
21407
21158
21284
21120
21211
21562
21893
21176
21392
22574
22046
21471
21868
21707
22792
21937
21459
22074
22097
21737
22240
21680
22086
21803
22381
22311
22428
22018
21659
21213
20815
22473
21155
21875
21725
21465
21420
22167
21364
21079
22838
21001
22392
21509
23358
21172
21351
22667
21302
21405
21114
21225
21133
21133
21323
22227
21130
21103
21093
21085
21098
21596
23856
24490
22821
21135
21099
21089
20988
21505
22048
21315
21119
22754
22026
21064
21111
21793
21135
21234
22273
20973
21334
21289
21266
21129
21175
21427
23264
21162
